1 0.773346 0.908539 0.263141 0.151304
1 0.773346 0.908539 0.263141 0.151304
1 0.826979 0.939435 0.306042 0.117144
1 0.612283 0.57789 0.0325757 0.0382173
1 0.826979 0.939435 0.306042 0.117144
1 0.612283 0.57789 0.0325757 0.0382173
1 0.644779 0.792101 0.112475 0.0583771
1 0.644779 0.792101 0.112475 0.0583771
1 0.710405 0.933207 0.162191 0.0883682
1 0.680637 0.933192 0.135953 0.0905243
1 0.342046 0.803662 0.0989484 0.057719
1 0.710405 0.933207 0.162191 0.0883682
1 0.680637 0.933192 0.135953 0.0905243
1 0.342046 0.803662 0.0989484 0.057719
1 0.208145 0.962149 0.26862 0.0757029
1 0.210574 0.964721 0.203752 0.0705573
1 0.208145 0.962149 0.26862 0.0757029
1 0.210574 0.964721 0.203752 0.0705573
1 0.291643 0.812761 0.208393 0.179962
1 0.291643 0.812761 0.208393 0.179962
1 0.288184 0.862836 0.233769 0.236361
1 0.288184 0.862836 0.233769 0.236361
1 0.180337 0.901967 0.312519 0.186811
1 0.180337 0.901967 0.312519 0.186811
1 0.477446 0.647921 0.0341698 0.047296
1 0.376559 0.717098 0.10829 0.0651864
1 0.391349 0.714992 0.0773583 0.0609428
1 0.39867 0.714637 0.0583384 0.0558949
1 0.477446 0.647921 0.0341698 0.047296
1 0.376559 0.717098 0.10829 0.0651864
1 0.391349 0.714992 0.0773583 0.0609428
1 0.39867 0.714637 0.0583384 0.0558949
1 0.344468 0.756247 0.0987099 0.0695755
1 0.541962 0.683957 0.0453444 0.0495466
1 0.260406 0.673931 0.0394479 0.0372393
1 0.369558 0.758849 0.0997529 0.0624129
1 0.344468 0.756247 0.0987099 0.0695755
1 0.541962 0.683957 0.0453444 0.0495466
1 0.260406 0.673931 0.0394479 0.0372393
1 0.369558 0.758849 0.0997529 0.0624129
1 0.364211 0.76777 0.137854 0.0748322
1 0.646341 0.667647 0.0495389 0.0453484
1 0.379514 0.771714 0.0879375 0.0644644
1 0.344527 0.764978 0.131015 0.0786409
1 0.364211 0.76777 0.137854 0.0748322
1 0.646341 0.667647 0.0495389 0.0453484
1 0.379514 0.771714 0.0879375 0.0644644
1 0.344527 0.764978 0.131015 0.0786409
1 0.264134 0.899362 0.252764 0.171937
1 0.70599 0.719889 0.0997261 0.0595872
1 0.200274 0.732478 0.12503 0.0564679
1 0.264134 0.899362 0.252764 0.171937
1 0.70599 0.719889 0.0997261 0.0595872
1 0.200274 0.732478 0.12503 0.0564679
1 0.807279 0.780154 0.145534 0.0817451
1 0.151406 0.791243 0.207791 0.0858152
1 0.155671 0.79398 0.151729 0.084466
1 0.807279 0.780154 0.145534 0.0817451
1 0.151406 0.791243 0.207791 0.0858152
1 0.155671 0.79398 0.151729 0.084466
1 0.0675474 0.916323 0.134147 0.130158
1 0.0675474 0.916323 0.134147 0.130158
1 0.915251 0.73856 0.0617218 0.0528236
1 0.915251 0.73856 0.0617218 0.0528236
1 0.758286 0.72245 0.103017 0.0480971
1 0.758286 0.72245 0.103017 0.0480971
1 0.670978 0.715131 0.0836104 0.049521
1 0.682005 0.712789 0.0736309 0.0510887
1 0.661563 0.70974 0.0893723 0.0561864
1 0.670978 0.715131 0.0836104 0.049521
1 0.682005 0.712789 0.0736309 0.0510887
1 0.661563 0.70974 0.0893723 0.0561864
1 0.637003 0.7146 0.0848827 0.0501049
1 0.637003 0.7146 0.0848827 0.0501049
1 0.63366 0.714456 0.0820603 0.0506929
1 0.63366 0.714456 0.0820603 0.0506929
1 0.650895 0.735361 0.0729152 0.057533
1 0.650895 0.735361 0.0729152 0.057533
1 0.71609 0.830619 0.127812 0.0875458
1 0.74013 0.829696 0.126655 0.0891744
1 0.708499 0.824867 0.10762 0.0701688
1 0.71609 0.830619 0.127812 0.0875458
1 0.74013 0.829696 0.126655 0.0891744
1 0.708499 0.824867 0.10762 0.0701688
1 0.611687 0.92281 0.203283 0.149299
1 0.611687 0.92281 0.203283 0.149299
1 0.807734 0.819381 0.149898 0.099334
1 0.78961 0.817897 0.115623 0.0913253
1 0.807734 0.819381 0.149898 0.099334
1 0.78961 0.817897 0.115623 0.0913253
1 0.546485 0.792887 0.123216 0.0879862
1 0.762869 0.928136 0.198919 0.136072
1 0.740013 0.590621 0.0330402 0.0353884
1 0.892988 0.630715 0.0482124 0.0556704
1 0.546485 0.792887 0.123216 0.0879862
1 0.762869 0.928136 0.198919 0.136072
1 0.740013 0.590621 0.0330402 0.0353884
1 0.892988 0.630715 0.0482124 0.0556704
1 0.494374 0.792453 0.117957 0.0888804
1 0.704473 0.918922 0.185986 0.105418
1 0.476064 0.796781 0.109344 0.0831211
1 0.494374 0.792453 0.117957 0.0888804
1 0.704473 0.918922 0.185986 0.105418
1 0.476064 0.796781 0.109344 0.0831211
1 0.4231 0.797097 0.13108 0.0934147
1 0.628291 0.915144 0.178651 0.102467
1 0.62042 0.586236 0.0379866 0.0363864
1 0.437348 0.792901 0.0976741 0.096921
1 0.4231 0.797097 0.13108 0.0934147
1 0.628291 0.915144 0.178651 0.102467
1 0.62042 0.586236 0.0379866 0.0363864
1 0.437348 0.792901 0.0976741 0.096921
1 0.400003 0.799852 0.135028 0.0944295
1 0.608529 0.917053 0.185239 0.10626
1 0.599242 0.589137 0.0377276 0.0373479
1 0.736714 0.620687 0.0391621 0.0446312
1 0.413009 0.794094 0.103843 0.0985179
1 0.400003 0.799852 0.135028 0.0944295
1 0.608529 0.917053 0.185239 0.10626
1 0.599242 0.589137 0.0377276 0.0373479
1 0.736714 0.620687 0.0391621 0.0446312
1 0.413009 0.794094 0.103843 0.0985179
1 0.448538 0.834675 0.151941 0.119818
1 0.659523 0.59088 0.0294597 0.0334915
1 0.805129 0.63252 0.0587574 0.0582191
1 0.448538 0.834675 0.151941 0.119818
1 0.659523 0.59088 0.0294597 0.0334915
1 0.805129 0.63252 0.0587574 0.0582191
1 0.398236 0.836897 0.157189 0.120925
1 0.61736 0.591025 0.0289696 0.0342749
1 0.398236 0.836897 0.157189 0.120925
1 0.61736 0.591025 0.0289696 0.0342749
1 0.394932 0.837966 0.158061 0.121424
1 0.612599 0.590712 0.0291826 0.0334229
1 0.55915 0.573367 0.0297184 0.0317322
1 0.394932 0.837966 0.158061 0.121424
1 0.612599 0.590712 0.0291826 0.0334229
1 0.55915 0.573367 0.0297184 0.0317322
1 0.421104 0.928334 0.254167 0.143332
1 0.86528 0.652968 0.0463333 0.0498428
1 0.85806 0.65128 0.0579464 0.0544136
1 0.775444 0.610331 0.0407911 0.0528282
1 0.869057 0.654111 0.0360088 0.0445285
1 0.421104 0.928334 0.254167 0.143332
1 0.86528 0.652968 0.0463333 0.0498428
1 0.85806 0.65128 0.0579464 0.0544136
1 0.775444 0.610331 0.0407911 0.0528282
1 0.869057 0.654111 0.0360088 0.0445285
1 0.417985 0.94084 0.312576 0.11832
1 0.863964 0.654437 0.0581398 0.0610507
1 0.776662 0.610498 0.038442 0.04714
1 0.982978 0.666041 0.0260069 0.0571527
1 0.443674 0.942021 0.241909 0.106714
1 0.671514 0.595471 0.0411455 0.03909
1 0.856568 0.649817 0.0485664 0.0495722
1 0.413091 0.942079 0.257844 0.0876662
1 0.417985 0.94084 0.312576 0.11832
1 0.863964 0.654437 0.0581398 0.0610507
1 0.776662 0.610498 0.038442 0.04714
1 0.982978 0.666041 0.0260069 0.0571527
1 0.443674 0.942021 0.241909 0.106714
1 0.671514 0.595471 0.0411455 0.03909
1 0.856568 0.649817 0.0485664 0.0495722
1 0.413091 0.942079 0.257844 0.0876662
1 0.368845 0.94072 0.292226 0.118559
1 0.395981 0.94112 0.228177 0.106443
1 0.734447 0.608082 0.0429636 0.0512362
1 0.813434 0.65061 0.0620583 0.0510643
1 0.368845 0.94072 0.292226 0.118559
1 0.395981 0.94112 0.228177 0.106443
1 0.734447 0.608082 0.0429636 0.0512362
1 0.813434 0.65061 0.0620583 0.0510643
1 0.353119 0.940388 0.28141 0.119224
1 0.713796 0.604566 0.034794 0.0487932
1 0.804518 0.65014 0.0358399 0.0505853
1 0.362997 0.94192 0.227164 0.0970813
1 0.353119 0.940388 0.28141 0.119224
1 0.713796 0.604566 0.034794 0.0487932
1 0.804518 0.65014 0.0358399 0.0505853
1 0.362997 0.94192 0.227164 0.0970813
1 0.765836 0.617785 0.0388414 0.0546115
1 0.814505 0.718957 0.0584467 0.0569216
1 0.765836 0.617785 0.0388414 0.0546115
1 0.814505 0.718957 0.0584467 0.0569216
1 0.90647 0.784163 0.133204 0.0869723
1 0.547671 0.765579 0.0300892 0.0394114
1 0.867229 0.784177 0.156253 0.0758848
1 0.90647 0.784163 0.133204 0.0869723
1 0.547671 0.765579 0.0300892 0.0394114
1 0.867229 0.784177 0.156253 0.0758848
1 0.872351 0.803025 0.170399 0.0953041
1 0.584817 0.65637 0.0270584 0.0289965
1 0.872351 0.803025 0.170399 0.0953041
1 0.584817 0.65637 0.0270584 0.0289965
1 0.891837 0.809659 0.166633 0.0942469
1 0.655392 0.614773 0.0263632 0.031457
1 0.891837 0.809659 0.166633 0.0942469
1 0.655392 0.614773 0.0263632 0.031457
1 0.682355 0.737717 0.0410629 0.038917
1 0.939861 0.939934 0.120278 0.113139
1 0.766909 0.636506 0.0284771 0.0428221
1 0.630313 0.633869 0.0285004 0.0367302
1 0.682355 0.737717 0.0410629 0.038917
1 0.939861 0.939934 0.120278 0.113139
1 0.766909 0.636506 0.0284771 0.0428221
1 0.630313 0.633869 0.0285004 0.0367302
1 0.727243 0.801595 0.0782875 0.0526265
1 0.813129 0.655062 0.0298729 0.0444244
1 0.707187 0.795015 0.0589133 0.0505885
1 0.700786 0.791385 0.0425554 0.0481678
1 0.727243 0.801595 0.0782875 0.0526265
1 0.813129 0.655062 0.0298729 0.0444244
1 0.707187 0.795015 0.0589133 0.0505885
1 0.700786 0.791385 0.0425554 0.0481678
1 0.703465 0.812065 0.0854363 0.0664213
1 0.703465 0.812065 0.0854363 0.0664213
1 0.809496 0.951538 0.145518 0.0866013
1 0.631074 0.744318 0.139682 0.0718441
1 0.789652 0.945656 0.114195 0.082002
1 0.809496 0.951538 0.145518 0.0866013
1 0.631074 0.744318 0.139682 0.0718441
1 0.789652 0.945656 0.114195 0.082002
1 0.622469 0.784397 0.161134 0.0861481
1 0.622469 0.784397 0.161134 0.0861481
1 0.535564 0.84464 0.299936 0.144107
1 0.493417 0.841455 0.213095 0.13841
1 0.535564 0.84464 0.299936 0.144107
1 0.493417 0.841455 0.213095 0.13841
1 0.496642 0.901689 0.313952 0.186751
1 0.440291 0.899318 0.19332 0.173456
1 0.604394 0.685257 0.13462 0.0615524
1 0.496642 0.901689 0.313952 0.186751
1 0.440291 0.899318 0.19332 0.173456
1 0.604394 0.685257 0.13462 0.0615524
1 0.616635 0.766574 0.144498 0.11591
1 0.616635 0.766574 0.144498 0.11591
1 0.659579 0.784069 0.131383 0.0871287
1 0.608196 0.880713 0.110606 0.0685471
1 0.659579 0.784069 0.131383 0.0871287
1 0.608196 0.880713 0.110606 0.0685471
1 0.648648 0.827406 0.186567 0.104306
1 0.593128 0.952915 0.21604 0.0842054
1 0.648648 0.827406 0.186567 0.104306
1 0.593128 0.952915 0.21604 0.0842054
1 0.674254 0.932499 0.293741 0.135001
1 0.674254 0.932499 0.293741 0.135001
1 0.693584 0.941463 0.354129 0.117074
1 0.693584 0.941463 0.354129 0.117074
1 0.615129 0.939525 0.316736 0.12095
1 0.615129 0.939525 0.316736 0.12095
1 0.461233 0.93634 0.314897 0.12732
1 0.461233 0.93634 0.314897 0.12732
1 0.352014 0.952263 0.384336 0.0883368
1 0.352014 0.952263 0.384336 0.0883368
1 0.362616 0.962263 0.315362 0.0742419
1 0.928009 0.754354 0.107972 0.0619082
1 0.362616 0.962263 0.315362 0.0742419
1 0.928009 0.754354 0.107972 0.0619082
1 0.276374 0.970495 0.228947 0.0554067
1 0.811307 0.730242 0.0934881 0.0607618
1 0.26337 0.965887 0.285384 0.0637193
1 0.276374 0.970495 0.228947 0.0554067
1 0.811307 0.730242 0.0934881 0.0607618
1 0.26337 0.965887 0.285384 0.0637193
1 0.203827 0.972789 0.239771 0.0511209
1 0.203827 0.972789 0.239771 0.0511209
1 0.675303 0.730039 0.0884196 0.0617968
1 0.685153 0.735377 0.127534 0.0601691
1 0.708977 0.73558 0.116893 0.0609027
1 0.665903 0.727346 0.0655952 0.060111
1 0.725116 0.737161 0.0790565 0.0558627
1 0.675303 0.730039 0.0884196 0.0617968
1 0.685153 0.735377 0.127534 0.0601691
1 0.708977 0.73558 0.116893 0.0609027
1 0.665903 0.727346 0.0655952 0.060111
1 0.725116 0.737161 0.0790565 0.0558627
1 0.488803 0.923828 0.291649 0.149429
1 0.488803 0.923828 0.291649 0.149429
1 0.907324 0.937918 0.180311 0.124163
1 0.907324 0.937918 0.180311 0.124163
1 0.814277 0.909288 0.302538 0.175366
1 0.814277 0.909288 0.302538 0.175366
1 0.691576 0.908809 0.274388 0.171778
1 0.691576 0.908809 0.274388 0.171778
1 0.582911 0.924911 0.252886 0.143838
1 0.0494617 0.888731 0.0916921 0.0921043
1 0.582911 0.924911 0.252886 0.143838
1 0.0494617 0.888731 0.0916921 0.0921043
1 0.526977 0.928237 0.253507 0.142908
1 0.526977 0.928237 0.253507 0.142908
1 0.751878 0.846711 0.140866 0.0672457
1 0.751878 0.846711 0.140866 0.0672457
1 0.743015 0.868631 0.115733 0.0710316
1 0.510114 0.738714 0.06763 0.0475782
1 0.743015 0.868631 0.115733 0.0710316
1 0.510114 0.738714 0.06763 0.0475782
1 0.705837 0.865441 0.120034 0.0689626
1 0.466882 0.741811 0.069858 0.0471494
1 0.684388 0.862977 0.106271 0.0660378
1 0.71901 0.87263 0.101656 0.0821103
1 0.705837 0.865441 0.120034 0.0689626
1 0.466882 0.741811 0.069858 0.0471494
1 0.684388 0.862977 0.106271 0.0660378
1 0.71901 0.87263 0.101656 0.0821103
1 0.67927 0.868109 0.135405 0.0722855
1 0.663644 0.862345 0.113045 0.0649576
1 0.446452 0.74214 0.0735243 0.0452573
1 0.67927 0.868109 0.135405 0.0722855
1 0.663644 0.862345 0.113045 0.0649576
1 0.446452 0.74214 0.0735243 0.0452573
1 0.463776 0.79987 0.0871036 0.0564206
1 0.770305 0.971878 0.194975 0.053787
1 0.463776 0.79987 0.0871036 0.0564206
1 0.770305 0.971878 0.194975 0.053787
1 0.44886 0.947979 0.13312 0.0954234
1 0.44886 0.947979 0.13312 0.0954234
1 0.739974 0.825839 0.0849787 0.0650531
1 0.739974 0.825839 0.0849787 0.0650531
1 0.573639 0.816508 0.0735672 0.0611074
1 0.912785 0.720809 0.0247116 0.0309244
1 0.943652 0.767352 0.0236179 0.0392568
1 0.573639 0.816508 0.0735672 0.0611074
1 0.912785 0.720809 0.0247116 0.0309244
1 0.943652 0.767352 0.0236179 0.0392568
1 0.455673 0.819358 0.0831796 0.0646496
1 0.806716 0.75308 0.0216244 0.0322581
1 0.775459 0.706852 0.0316811 0.0317886
1 0.455673 0.819358 0.0831796 0.0646496
1 0.806716 0.75308 0.0216244 0.0322581
1 0.775459 0.706852 0.0316811 0.0317886
1 0.347793 0.825832 0.104649 0.0656528
1 0.338927 0.828117 0.147588 0.0685145
1 0.360817 0.822287 0.0767577 0.0632792
1 0.347793 0.825832 0.104649 0.0656528
1 0.338927 0.828117 0.147588 0.0685145
1 0.360817 0.822287 0.0767577 0.0632792
1 0.279476 0.831532 0.0911178 0.0657405
1 0.263086 0.835031 0.128877 0.0706034
1 0.244046 0.83017 0.107147 0.0613693
1 0.279476 0.831532 0.0911178 0.0657405
1 0.263086 0.835031 0.128877 0.0706034
1 0.244046 0.83017 0.107147 0.0613693
1 0.266106 0.839079 0.0984873 0.071801
1 0.253084 0.842158 0.134672 0.0754743
1 0.619945 0.741988 0.0196518 0.0266548
1 0.266106 0.839079 0.0984873 0.071801
1 0.253084 0.842158 0.134672 0.0754743
1 0.619945 0.741988 0.0196518 0.0266548
1 0.321377 0.865389 0.115362 0.0807658
1 0.294798 0.867436 0.125908 0.0807419
1 0.369247 0.714421 0.042544 0.045798
1 0.334438 0.860512 0.0920325 0.0751559
1 0.282386 0.859047 0.090218 0.065354
1 0.321377 0.865389 0.115362 0.0807658
1 0.294798 0.867436 0.125908 0.0807419
1 0.369247 0.714421 0.042544 0.045798
1 0.334438 0.860512 0.0920325 0.0751559
1 0.282386 0.859047 0.090218 0.065354
1 0.258036 0.8706 0.115884 0.0814191
1 0.24035 0.875011 0.134667 0.0869563
1 0.270715 0.865465 0.0881484 0.078478
1 0.626097 0.707483 0.0264448 0.033401
1 0.258036 0.8706 0.115884 0.0814191
1 0.24035 0.875011 0.134667 0.0869563
1 0.270715 0.865465 0.0881484 0.078478
1 0.626097 0.707483 0.0264448 0.033401
1 0.233238 0.872111 0.131002 0.0847081
1 0.207428 0.875845 0.125513 0.0877149
1 0.606963 0.709889 0.030732 0.0361657
1 0.247395 0.866905 0.0979101 0.0790482
1 0.897308 0.721066 0.160484 0.0614876
1 0.87587 0.717917 0.131446 0.0597165
1 0.233238 0.872111 0.131002 0.0847081
1 0.207428 0.875845 0.125513 0.0877149
1 0.606963 0.709889 0.030732 0.0361657
1 0.247395 0.866905 0.0979101 0.0790482
1 0.897308 0.721066 0.160484 0.0614876
1 0.87587 0.717917 0.131446 0.0597165
1 0.292282 0.948085 0.188734 0.103831
1 0.730712 0.750998 0.0568203 0.0453105
1 0.737903 0.748514 0.0405203 0.0441055
1 0.721521 0.753285 0.0891678 0.0454824
1 0.292282 0.948085 0.188734 0.103831
1 0.730712 0.750998 0.0568203 0.0453105
1 0.737903 0.748514 0.0405203 0.0441055
1 0.721521 0.753285 0.0891678 0.0454824
1 0.722016 0.751248 0.0378502 0.0433276
1 0.250414 0.960621 0.28791 0.0759176
1 0.710162 0.753857 0.0708197 0.0475459
1 0.98061 0.750121 0.0387795 0.0436976
1 0.722016 0.751248 0.0378502 0.0433276
1 0.250414 0.960621 0.28791 0.0759176
1 0.710162 0.753857 0.0708197 0.0475459
1 0.98061 0.750121 0.0387795 0.0436976
1 0.650957 0.749061 0.0353476 0.0436752
1 0.643949 0.750615 0.0503324 0.0446482
1 0.18523 0.966137 0.247639 0.0674985
1 0.154787 0.970131 0.24492 0.0569664
1 0.177795 0.966546 0.153274 0.0668635
1 0.650957 0.749061 0.0353476 0.0436752
1 0.643949 0.750615 0.0503324 0.0446482
1 0.18523 0.966137 0.247639 0.0674985
1 0.154787 0.970131 0.24492 0.0569664
1 0.177795 0.966546 0.153274 0.0668635
1 0.810082 0.830626 0.0811766 0.0581167
1 0.828809 0.830803 0.0433559 0.0593636
1 0.79741 0.829667 0.111336 0.0624517
1 0.29674 0.854445 0.158539 0.116319
1 0.274824 0.856006 0.204996 0.135544
1 0.810082 0.830626 0.0811766 0.0581167
1 0.828809 0.830803 0.0433559 0.0593636
1 0.79741 0.829667 0.111336 0.0624517
1 0.29674 0.854445 0.158539 0.116319
1 0.274824 0.856006 0.204996 0.135544
1 0.735425 0.824569 0.0921453 0.0627528
1 0.230838 0.867133 0.154028 0.114179
1 0.201779 0.874105 0.220602 0.129946
1 0.74949 0.825068 0.063863 0.0665146
1 0.292795 0.831509 0.0443164 0.0496928
1 0.735425 0.824569 0.0921453 0.0627528
1 0.230838 0.867133 0.154028 0.114179
1 0.201779 0.874105 0.220602 0.129946
1 0.74949 0.825068 0.063863 0.0665146
1 0.292795 0.831509 0.0443164 0.0496928
1 0.147082 0.900624 0.258314 0.153258
1 0.713979 0.837868 0.104849 0.0589867
1 0.73362 0.837993 0.0646476 0.0559591
1 0.147082 0.900624 0.258314 0.153258
1 0.713979 0.837868 0.104849 0.0589867
1 0.73362 0.837993 0.0646476 0.0559591
1 0.115197 0.900596 0.227181 0.154251
1 0.692913 0.831845 0.0634202 0.0585243
1 0.701695 0.831837 0.0414228 0.057637
1 0.680244 0.832248 0.0889239 0.0601672
1 0.115197 0.900596 0.227181 0.154251
1 0.692913 0.831845 0.0634202 0.0585243
1 0.701695 0.831837 0.0414228 0.057637
1 0.680244 0.832248 0.0889239 0.0601672
1 0.740255 0.918875 0.116267 0.0753347
1 0.104607 0.948809 0.209215 0.102382
1 0.790582 0.927283 0.0383011 0.057446
1 0.740255 0.918875 0.116267 0.0753347
1 0.104607 0.948809 0.209215 0.102382
1 0.790582 0.927283 0.0383011 0.057446
1 0.638566 0.921259 0.313917 0.157482
1 0.917926 0.90827 0.0254581 0.0333013
1 0.591881 0.922147 0.21191 0.151391
1 0.638566 0.921259 0.313917 0.157482
1 0.917926 0.90827 0.0254581 0.0333013
1 0.591881 0.922147 0.21191 0.151391
1 0.575004 0.931691 0.327874 0.136618
1 0.532074 0.935543 0.258318 0.124131
1 0.986121 0.781559 0.0243126 0.0436433
1 0.851559 0.915272 0.0265343 0.0305651
1 0.575004 0.931691 0.327874 0.136618
1 0.532074 0.935543 0.258318 0.124131
1 0.986121 0.781559 0.0243126 0.0436433
1 0.851559 0.915272 0.0265343 0.0305651
1 0.381465 0.931211 0.310276 0.135912
1 0.644329 0.886119 0.0257891 0.0316925
1 0.779839 0.752453 0.0420197 0.0447687
1 0.882713 0.747378 0.234574 0.0771072
1 0.328044 0.93856 0.268404 0.118717
1 0.381465 0.931211 0.310276 0.135912
1 0.644329 0.886119 0.0257891 0.0316925
1 0.779839 0.752453 0.0420197 0.0447687
1 0.882713 0.747378 0.234574 0.0771072
1 0.328044 0.93856 0.268404 0.118717
1 0.514925 0.879428 0.0257047 0.0337367
1 0.255932 0.939183 0.307902 0.121634
1 0.750094 0.732719 0.171186 0.0784068
1 0.756914 0.726214 0.14014 0.0683848
1 0.65307 0.747176 0.0487474 0.0425112
1 0.647575 0.7442 0.0372683 0.039506
1 0.301462 0.940778 0.21148 0.114395
1 0.661466 0.749716 0.0657179 0.0450761
1 0.606297 0.771448 0.0380072 0.0419914
1 0.514925 0.879428 0.0257047 0.0337367
1 0.255932 0.939183 0.307902 0.121634
1 0.750094 0.732719 0.171186 0.0784068
1 0.756914 0.726214 0.14014 0.0683848
1 0.65307 0.747176 0.0487474 0.0425112
1 0.647575 0.7442 0.0372683 0.039506
1 0.301462 0.940778 0.21148 0.114395
1 0.661466 0.749716 0.0657179 0.0450761
1 0.606297 0.771448 0.0380072 0.0419914
1 0.67475 0.7244 0.118469 0.0709476
1 0.672857 0.72879 0.158847 0.0800134
1 0.434776 0.884081 0.0241567 0.0307809
1 0.695934 0.720887 0.104544 0.0643148
1 0.20979 0.946879 0.2685 0.0968311
1 0.569377 0.741224 0.0366488 0.0402645
1 0.67475 0.7244 0.118469 0.0709476
1 0.672857 0.72879 0.158847 0.0800134
1 0.434776 0.884081 0.0241567 0.0307809
1 0.695934 0.720887 0.104544 0.0643148
1 0.20979 0.946879 0.2685 0.0968311
1 0.569377 0.741224 0.0366488 0.0402645
1 0.635948 0.719245 0.119215 0.0641811
1 0.630953 0.722152 0.171964 0.0744225
1 0.393998 0.88779 0.0252008 0.0311968
1 0.15303 0.950619 0.267806 0.0932402
1 0.659138 0.717619 0.0893873 0.0613603
1 0.644507 0.715694 0.0853359 0.0618354
1 0.635948 0.719245 0.119215 0.0641811
1 0.630953 0.722152 0.171964 0.0744225
1 0.393998 0.88779 0.0252008 0.0311968
1 0.15303 0.950619 0.267806 0.0932402
1 0.659138 0.717619 0.0893873 0.0613603
1 0.644507 0.715694 0.0853359 0.0618354
1 0.63583 0.719227 0.118948 0.0641533
1 0.630841 0.722076 0.171736 0.0742875
1 0.394 0.887777 0.0251279 0.0310822
1 0.152957 0.950713 0.267495 0.0933694
1 0.659217 0.717633 0.0892237 0.0613298
1 0.644587 0.715714 0.0849005 0.0617648
1 0.63583 0.719227 0.118948 0.0641533
1 0.630841 0.722076 0.171736 0.0742875
1 0.394 0.887777 0.0251279 0.0310822
1 0.152957 0.950713 0.267495 0.0933694
1 0.659217 0.717633 0.0892237 0.0613298
1 0.644587 0.715714 0.0849005 0.0617648
1 0.801637 0.793416 0.19846 0.0919373
1 0.779697 0.802263 0.187978 0.128201
1 0.677243 0.842639 0.107589 0.0677963
1 0.801637 0.793416 0.19846 0.0919373
1 0.779697 0.802263 0.187978 0.128201
1 0.677243 0.842639 0.107589 0.0677963
1 0.862364 0.902883 0.262543 0.183409
1 0.829352 0.910515 0.341296 0.178971
1 0.862364 0.902883 0.262543 0.183409
1 0.829352 0.910515 0.341296 0.178971
1 0.862747 0.889587 0.249007 0.166086
1 0.715705 0.953101 0.151539 0.0937981
1 0.862747 0.889587 0.249007 0.166086
1 0.715705 0.953101 0.151539 0.0937981
1 0.798496 0.871234 0.22326 0.14149
1 0.659416 0.945453 0.16028 0.101267
1 0.824698 0.86879 0.198465 0.12016
1 0.677494 0.946099 0.21799 0.094296
1 0.798496 0.871234 0.22326 0.14149
1 0.659416 0.945453 0.16028 0.101267
1 0.824698 0.86879 0.198465 0.12016
1 0.677494 0.946099 0.21799 0.094296
1 0.777076 0.865049 0.214765 0.146334
1 0.645889 0.944542 0.193185 0.0952276
1 0.667444 0.953372 0.246279 0.0837498
1 0.777076 0.865049 0.214765 0.146334
1 0.645889 0.944542 0.193185 0.0952276
1 0.667444 0.953372 0.246279 0.0837498
1 0.881521 0.939788 0.222885 0.120424
1 0.881521 0.939788 0.222885 0.120424
1 0.838927 0.756155 0.090496 0.061987
1 0.81511 0.75456 0.130414 0.0630213
1 0.792238 0.751054 0.119948 0.0600877
1 0.838927 0.756155 0.090496 0.061987
1 0.81511 0.75456 0.130414 0.0630213
1 0.792238 0.751054 0.119948 0.0600877
1 0.778189 0.752016 0.0983128 0.0606791
1 0.731424 0.742874 0.106918 0.0591855
1 0.74185 0.745217 0.146562 0.0598836
1 0.778189 0.752016 0.0983128 0.0606791
1 0.731424 0.742874 0.106918 0.0591855
1 0.74185 0.745217 0.146562 0.0598836
1 0.739524 0.745125 0.0830904 0.0629309
1 0.723803 0.741854 0.0645969 0.058772
1 0.716309 0.743298 0.0910805 0.0590538
1 0.754915 0.74828 0.084703 0.0583469
1 0.739524 0.745125 0.0830904 0.0629309
1 0.723803 0.741854 0.0645969 0.058772
1 0.716309 0.743298 0.0910805 0.0590538
1 0.754915 0.74828 0.084703 0.0583469
1 0.747934 0.80191 0.0798256 0.0731046
1 0.671604 0.795862 0.133816 0.0725933
1 0.724468 0.800459 0.127943 0.0769376
1 0.747934 0.80191 0.0798256 0.0731046
1 0.671604 0.795862 0.133816 0.0725933
1 0.724468 0.800459 0.127943 0.0769376
1 0.671384 0.874847 0.177504 0.105323
1 0.653839 0.877346 0.243156 0.134229
1 0.671384 0.874847 0.177504 0.105323
1 0.653839 0.877346 0.243156 0.134229
1 0.590074 0.89213 0.259461 0.140818
1 0.590074 0.89213 0.259461 0.140818
1 0.904431 0.905101 0.178559 0.138738
1 0.904431 0.905101 0.178559 0.138738
1 0.817288 0.887048 0.233647 0.142801
1 0.817288 0.887048 0.233647 0.142801
