0 0.339268 0.797102 0.0870603 0.0750656
0 0.318207 0.800568 0.085376 0.0768709
0 0.670811 0.925402 0.222557 0.105421
0 0.418291 0.673811 0.0835159 0.0824123
0 0.431538 0.675311 0.0755168 0.0790976
0 0.401827 0.672193 0.0924946 0.0859721
0 0.435664 0.680023 0.063201 0.0652037
0 0.368923 0.662985 0.0832048 0.0708702
0 0.648202 0.925987 0.150055 0.11909
0 0.726529 0.935689 0.12281 0.0979947
0 0.38314 0.671816 0.110044 0.0908021
0 0.968326 0.615557 0.037545 0.0466916
0 0.316512 0.800712 0.119404 0.0827938
