0 0.817158 0.938671 0.359355 0.122658
0 0.985677 0.649729 0.027877 0.0389702
0 0.483758 0.625483 0.0534452 0.0415201
0 0.438336 0.675273 0.0527813 0.0329538
0 0.772698 0.935992 0.246209 0.123013
0 0.646749 0.715124 0.0486637 0.0365308
0 0.959114 0.679064 0.0631052 0.0387212
0 0.437054 0.681281 0.0474682 0.0333557
0 0.658995 0.728732 0.0516333 0.0430113
0 0.487719 0.630502 0.0473227 0.0420804
0 0.803699 0.955903 0.369836 0.0881941
0 0.59883 0.725611 0.0557828 0.038386
0 0.410576 0.682417 0.0440345 0.0333874
0 0.428824 0.680859 0.0635048 0.0361323
0 0.975802 0.686603 0.0449139 0.0453145
0 0.942838 0.685755 0.0606785 0.0368782
0 0.934999 0.681587 0.0400742 0.0333838
0 0.42461 0.689656 0.0397231 0.0351615
0 0.643664 0.733982 0.0576946 0.0470172
0 0.398238 0.621521 0.0343526 0.0312644
0 0.632535 0.729844 0.0719257 0.0452456
0 0.582395 0.730815 0.0481556 0.0361115
0 0.4792 0.632852 0.0335279 0.0383464
0 0.986632 0.659026 0.0238983 0.0467977
0 0.976736 0.686532 0.0402529 0.04804
0 0.40242 0.622657 0.0452493 0.0343853
1 0.611802 0.6775 0.0251452 0.0397303
0 0.891281 0.59426 0.0466209 0.0334106
0 0.928421 0.689085 0.0538584 0.0346558
0 0.591273 0.734457 0.0674128 0.0404744
0 0.673198 0.826066 0.169585 0.072448
0 0.407927 0.74169 0.0460863 0.039345
0 0.478084 0.655986 0.0385381 0.0560137
0 0.396142 0.743045 0.0730367 0.0438283
0 0.649354 0.822581 0.130106 0.0626128
0 0.708758 0.830875 0.0791324 0.0655423
0 0.31647 0.828959 0.123519 0.062234
0 0.445653 0.695704 0.0462769 0.0446078
0 0.359608 0.673384 0.0863977 0.0503611
0 0.689968 0.958485 0.270724 0.0792346
0 0.301467 0.832412 0.0991371 0.0654451
0 0.712881 0.954913 0.338132 0.0901738
0 0.303154 0.868251 0.139788 0.0728188
0 0.722828 0.986348 0.140808 0.0273043
0 0.447313 0.712281 0.051845 0.0447121
0 0.443444 0.612295 0.0425127 0.0321421
0 0.39912 0.591842 0.0381336 0.0316691
0 0.335744 0.727184 0.0971616 0.0783258
0 0.442038 0.765859 0.0704937 0.0535742
0 0.442759 0.705704 0.0416854 0.0371257
0 0.426101 0.768977 0.110125 0.0581324
0 0.446514 0.62617 0.0478052 0.0336987
0 0.381815 0.779208 0.0672445 0.0445221
0 0.297531 0.82964 0.25677 0.159068
0 0.33813 0.900156 0.191129 0.0972874
0 0.382113 0.770545 0.0602017 0.0520432
0 0.958303 0.646452 0.0420307 0.0332588
0 0.321209 0.882023 0.210771 0.161154
0 0.285495 0.846166 0.27685 0.144649
0 0.283866 0.866511 0.285461 0.203677
0 0.320681 0.95335 0.243865 0.0892349
0 0.401694 0.657883 0.0343513 0.0368637
0 0.251988 0.859895 0.200134 0.165013
0 0.624984 0.647691 0.0461095 0.0387351
0 0.410514 0.729511 0.0575863 0.0543897
1 0.541397 0.66607 0.0375028 0.0473554
0 0.337093 0.731165 0.0869548 0.059654
0 0.615675 0.647166 0.0529163 0.0372517
0 0.292694 0.658405 0.0420311 0.0332653
0 0.301509 0.657671 0.0301406 0.0302837
0 0.394798 0.728824 0.0905883 0.0542141
0 0.380612 0.728225 0.135989 0.0609358
0 0.353248 0.730529 0.132018 0.0639933
0 0.280711 0.6598 0.052818 0.0361773
0 0.325989 0.732255 0.0674432 0.0550771
0 0.654972 0.663635 0.054444 0.0494733
0 0.375042 0.757954 0.13765 0.070548
0 0.30158 0.674152 0.0325815 0.0324618
0 0.316035 0.765114 0.091279 0.0683238
0 0.347317 0.758789 0.166671 0.0729038
0 0.402979 0.7614 0.0758965 0.0644602
0 0.643422 0.666065 0.0817121 0.0463669
0 0.256491 0.67667 0.054778 0.0379962
0 0.208188 0.685492 0.0308112 0.0268046
0 0.227217 0.680916 0.0431728 0.0321447
0 0.247425 0.693188 0.0361152 0.0350019
0 0.153015 0.71228 0.0628474 0.0398703
0 0.138395 0.713789 0.0385261 0.0319654
0 0.651198 0.68053 0.0623882 0.0489934
0 0.145362 0.714651 0.0493907 0.0346227
0 0.308175 0.80911 0.212712 0.0990346
0 0.635506 0.681794 0.0992445 0.0467823
0 0.241015 0.693982 0.0499159 0.0371602
0 0.162266 0.709586 0.0634184 0.0424063
0 0.258336 0.819276 0.141658 0.0983404
0 0.205625 0.699711 0.0848511 0.0466859
0 0.798275 0.789255 0.165577 0.0934552
0 0.110587 0.815192 0.167841 0.0913111
0 0.114474 0.808516 0.140089 0.0750488
0 0.775394 0.787959 0.136024 0.0796669
0 0.90696 0.93997 0.186081 0.115834
1 0.820772 0.758202 0.0970514 0.0634633
1 0.838241 0.757188 0.0966631 0.0630514
1 0.725692 0.7485 0.0868514 0.0563037
1 0.738309 0.743783 0.0848629 0.0597844
1 0.667193 0.744044 0.0619275 0.0587774
1 0.676905 0.740478 0.0841819 0.0627462
1 0.644944 0.828739 0.142225 0.0948697
1 0.655645 0.92598 0.220284 0.14804
1 0.653096 0.936621 0.226637 0.126758
0 0.954707 0.947656 0.0905859 0.0908234
0 0.79423 0.80005 0.17108 0.0959874
0 0.721961 0.787562 0.0761593 0.0561729
0 0.737246 0.798333 0.108683 0.0793938
0 0.983156 0.597057 0.030197 0.0352221
0 0.757881 0.798924 0.142536 0.0875704
0 0.462052 0.786205 0.165447 0.0883886
0 0.648234 0.917207 0.203875 0.133656
0 0.474861 0.783878 0.117032 0.0918957
0 0.767631 0.635949 0.0394438 0.0457504
0 0.412162 0.790687 0.0972558 0.0705681
0 0.418082 0.791231 0.119892 0.082357
0 0.397797 0.786786 0.0698087 0.0533422
0 0.421642 0.787597 0.163989 0.0874616
0 0.607168 0.91138 0.202112 0.133708
0 0.723766 0.640237 0.039383 0.0375107
1 0.987336 0.599065 0.0225983 0.0437698
0 0.370421 0.793597 0.0947183 0.0656144
0 0.672405 0.639046 0.033861 0.0309964
0 0.357992 0.788552 0.0699493 0.0572853
0 0.394204 0.79137 0.153428 0.0878927
1 0.770755 0.619574 0.0417277 0.0413661
0 0.637207 0.594258 0.036868 0.043972
0 0.348766 0.787008 0.0482802 0.0535698
0 0.560758 0.910664 0.19831 0.128528
0 0.379745 0.790252 0.189235 0.0850441
0 0.683844 0.636228 0.0335085 0.0392433
0 0.63295 0.637379 0.0344917 0.0298712
0 0.323428 0.794069 0.0856265 0.0635791
0 0.425561 0.811213 0.176851 0.105539
0 0.626872 0.939738 0.235278 0.120523
0 0.359502 0.813193 0.0812078 0.0691249
0 0.739642 0.645191 0.0498587 0.0408223
0 0.646217 0.599921 0.0391678 0.0509165
0 0.372217 0.815492 0.172756 0.105069
0 0.573209 0.940217 0.234584 0.119565
0 0.305952 0.821077 0.0831126 0.0680785
0 0.602068 0.598815 0.0390481 0.0493179
1 0.97892 0.605384 0.0421603 0.0560918
0 0.695211 0.641167 0.0454863 0.0437956
0 0.356043 0.847313 0.214248 0.129179
0 0.614904 0.602955 0.0435362 0.0522329
0 0.296379 0.847634 0.0797062 0.0749374
0 0.543183 0.967816 0.17716 0.0639285
0 0.657675 0.647648 0.0403956 0.0325267
0 0.554969 0.967027 0.253882 0.064844
0 0.820298 0.637348 0.0331562 0.0342428
0 0.708735 0.644832 0.0440863 0.0415942
0 0.40442 0.921402 0.270228 0.153163
0 0.699947 0.611187 0.0502504 0.0543063
0 0.968253 0.665476 0.0454756 0.0347445
0 0.824958 0.67343 0.0489906 0.0499334
0 0.978871 0.664089 0.0264662 0.037876
0 0.960304 0.663069 0.0534397 0.0355227
1 0.88304 0.655413 0.0346491 0.0479563
0 0.816104 0.673281 0.0655617 0.0525504
0 0.355 0.921983 0.272516 0.152481
0 0.910934 0.657792 0.0413326 0.0355413
0 0.658414 0.606409 0.0398573 0.0542653
1 0.746302 0.598039 0.0297396 0.039961
0 0.775877 0.670079 0.044267 0.0492208
0 0.705194 0.666063 0.0349277 0.0319049
0 0.902027 0.657299 0.0501381 0.0340218
0 0.916231 0.664326 0.0477331 0.0351822
1 0.830077 0.653316 0.0359863 0.0471553
0 0.345872 0.941 0.261825 0.118
0 0.77454 0.68009 0.0435467 0.0430817
0 0.92607 0.663826 0.032 0.0358557
0 0.908052 0.662806 0.0569588 0.035813
0 0.702596 0.674549 0.0425732 0.0369506
0 0.899191 0.662648 0.0469345 0.034717
0 0.218237 0.979711 0.0844001 0.0387391
0 0.717106 0.669435 0.0397278 0.0349251
0 0.911629 0.782039 0.176741 0.0801015
0 0.721675 0.670838 0.0279669 0.0332864
0 0.887991 0.782133 0.219796 0.0727206
0 0.85982 0.783774 0.155586 0.0701762
1 0.545337 0.762321 0.0299282 0.0422559
0 0.70944 0.669986 0.0518291 0.0368895
0 0.933547 0.78573 0.119801 0.0668149
0 0.8885 0.781068 0.135168 0.074394
0 0.903718 0.783486 0.104378 0.066332
0 0.923959 0.784858 0.0613445 0.0575686
0 0.764005 0.594167 0.0313366 0.030479
0 0.757808 0.593883 0.039753 0.031602
1 0.832894 0.676826 0.0253193 0.0385291
0 0.853386 0.779764 0.180014 0.0710078
0 0.610221 0.627404 0.0314592 0.0330093
0 0.615793 0.627106 0.047233 0.034625
0 0.690359 0.668916 0.0384862 0.032843
0 0.665982 0.621098 0.0480591 0.0378039
0 0.627256 0.686207 0.0372993 0.036513
0 0.536721 0.637338 0.032679 0.0314382
0 0.829906 0.832014 0.233761 0.110529
0 0.858574 0.825308 0.206554 0.101174
0 0.618336 0.686027 0.0542925 0.0388846
0 0.599395 0.685816 0.0335566 0.0335735
0 0.609688 0.685567 0.0529973 0.0355286
0 0.547297 0.635842 0.0543557 0.0365639
0 0.742069 0.808148 0.113091 0.0581126
0 0.760214 0.810151 0.0702902 0.0652992
0 0.792963 0.625422 0.0347389 0.0319411
0 0.713015 0.697996 0.0544029 0.0395645
0 0.594691 0.690345 0.0447382 0.0443564
0 0.720434 0.803536 0.0844053 0.0584783
0 0.711762 0.800179 0.0630986 0.0545525
0 0.602634 0.692849 0.0636728 0.0486837
0 0.768223 0.842886 0.124415 0.0660487
0 0.802297 0.629057 0.0351606 0.031304
0 0.789298 0.845011 0.0823347 0.0669015
0 0.725742 0.711845 0.0474165 0.0384844
0 0.605667 0.70353 0.0611259 0.0518345
0 0.735014 0.715402 0.033521 0.0345207
0 0.615992 0.707503 0.0850693 0.0534678
0 0.752716 0.83865 0.11049 0.0660493
0 0.717941 0.709346 0.0635887 0.0413579
0 0.597992 0.702006 0.0438921 0.0489838
0 0.702699 0.707362 0.0801058 0.0429629
0 0.760486 0.633839 0.0717258 0.0417873
0 0.851267 0.654528 0.0460423 0.0340576
0 0.677346 0.775541 0.17741 0.0794729
0 0.739116 0.771439 0.156169 0.0658201
0 0.649411 0.771595 0.109693 0.0769602
0 0.80418 0.789455 0.0545395 0.0435491
0 0.78777 0.78066 0.0956322 0.0513011
0 0.77444 0.775391 0.134546 0.0547236
0 0.753114 0.663385 0.0393757 0.0350182
0 0.749141 0.656932 0.0475674 0.037256
0 0.567349 0.812918 0.173053 0.0893366
0 0.666375 0.801011 0.17116 0.0719139
0 0.548775 0.808151 0.121618 0.0961288
0 0.740494 0.657468 0.0638447 0.0400726
0 0.635621 0.801058 0.209463 0.0858462
0 0.711305 0.815257 0.0652899 0.0525327
0 0.591116 0.810022 0.241078 0.0972417
0 0.698144 0.810225 0.095804 0.0528881
0 0.56114 0.909004 0.36391 0.165819
0 0.521187 0.904803 0.253279 0.166212
0 0.70293 0.673467 0.0529974 0.039676
0 0.702427 0.725421 0.100366 0.0666458
0 0.694976 0.730337 0.121657 0.0787801
0 0.716885 0.721999 0.0752413 0.06258
0 0.752722 0.785298 0.139718 0.081292
0 0.695825 0.86937 0.193354 0.0793722
0 0.62978 0.851625 0.0834847 0.0652901
0 0.773623 0.788798 0.0957062 0.0741161
0 0.667508 0.868988 0.185423 0.0739572
0 0.64253 0.85683 0.109508 0.067922
0 0.668836 0.774439 0.0912312 0.0594659
0 0.776792 0.892564 0.291867 0.154358
0 0.648292 0.985084 0.145719 0.0298311
0 0.781425 0.952778 0.42549 0.0927619
1 0.0233851 0.827727 0.0438203 0.0567755
0 0.78103 0.952822 0.426814 0.0927055
1 0.0238542 0.827412 0.0438957 0.0558314
0 0.637643 0.940249 0.414929 0.119503
0 0.471081 0.940151 0.376316 0.119698
0 0.949668 0.738653 0.100665 0.0529678
0 0.941903 0.734672 0.0835943 0.0473825
0 0.966991 0.737252 0.0660186 0.0562253
0 0.942476 0.741702 0.115047 0.0560148
0 0.927551 0.73704 0.0852924 0.054896
0 0.433848 0.957029 0.400331 0.0858147
0 0.963969 0.743886 0.0720612 0.0608158
0 0.914768 0.736515 0.0615517 0.054095
0 0.901274 0.73561 0.092609 0.0550191
0 0.808421 0.722943 0.0754583 0.0524526
0 0.818557 0.726923 0.106471 0.0547956
0 0.841389 0.730464 0.154015 0.0519478
0 0.8658 0.732876 0.139577 0.0519011
0 0.797002 0.721246 0.0510632 0.0501437
0 0.8354 0.729261 0.0651432 0.0530304
0 0.756728 0.722059 0.107389 0.0521886
0 0.7638 0.724236 0.144233 0.054637
0 0.74482 0.719793 0.0807512 0.0488633
0 0.80838 0.727453 0.160571 0.0551404
0 0.746806 0.7922 0.112637 0.0702657
0 0.654805 0.784897 0.0945983 0.0670736
0 0.669043 0.787182 0.134666 0.0703253
0 0.733394 0.792695 0.178417 0.073953
0 0.76333 0.793055 0.0835773 0.07111
0 0.705246 0.78896 0.196675 0.0695909
0 0.640727 0.879074 0.259139 0.124335
0 0.615139 0.876172 0.209413 0.104495
0 0.648496 0.897004 0.275794 0.145576
0 0.929428 0.870322 0.141144 0.0642732
0 0.885874 0.871719 0.103335 0.0548789
0 0.947608 0.868728 0.104784 0.0707324
0 0.540434 0.807378 0.105287 0.066861
0 0.959537 0.909561 0.0809257 0.0984108
0 0.559098 0.804893 0.0707071 0.0707222
0 0.504634 0.818955 0.137754 0.0660283
0 0.528873 0.812692 0.161985 0.0722145
0 0.444381 0.83509 0.0625994 0.0479795
0 0.961592 0.635322 0.0768168 0.0486788
0 0.822898 0.89578 0.274508 0.128055
0 0.333003 0.82007 0.128635 0.0706265
0 0.329553 0.827571 0.16034 0.0755684
0 0.853663 0.711125 0.0496574 0.0399681
0 0.726825 0.616177 0.0964327 0.0446327
0 0.761168 0.618994 0.0630794 0.0447144
0 0.714019 0.612711 0.0550425 0.0380765
0 0.353842 0.815664 0.0933047 0.0727244
0 0.787731 0.889524 0.23267 0.103439
0 0.308573 0.833404 0.146431 0.0744563
0 0.728825 0.612565 0.0769953 0.0423401
0 0.743932 0.736008 0.056476 0.0502497
0 0.081435 0.95283 0.16287 0.0943401
0 0.733777 0.737321 0.0763358 0.0535482
0 0.684519 0.730125 0.0522028 0.0368154
0 0.560324 0.675831 0.0433897 0.0317998
0 0.55183 0.67566 0.0599897 0.0334414
0 0.582873 0.618779 0.0414301 0.0298027
0 0.578157 0.616391 0.0339249 0.0322456
0 0.693205 0.734843 0.0711027 0.0412862
0 0.716224 0.735468 0.112667 0.0516607
0 0.643042 0.627564 0.0454632 0.0484764
0 0.674666 0.73175 0.0588699 0.0478424
0 0.0335407 0.960682 0.0670814 0.0781565
0 0.49839 0.67599 0.0424574 0.0316335
0 0.57721 0.62531 0.0535851 0.0452319
0 0.522969 0.618868 0.0406723 0.0290237
0 0.490442 0.675718 0.0589914 0.0336103
0 0.741067 0.817203 0.159169 0.0735746
0 0.526118 0.71402 0.049598 0.0380413
0 0.496484 0.713856 0.0526848 0.0353251
0 0.715584 0.810601 0.117889 0.0621017
0 0.508011 0.712953 0.0773775 0.0373547
0 0.736492 0.875615 0.174553 0.0951033
0 0.479959 0.745159 0.0603535 0.0456973
0 0.582366 0.663495 0.0675789 0.0553744
0 0.462628 0.746248 0.0921778 0.0447728
0 0.447535 0.745872 0.0619189 0.0382006
0 0.439595 0.746381 0.0416691 0.0362989
0 0.712447 0.870718 0.15476 0.074648
0 0.518288 0.649632 0.0660179 0.0406593
0 0.513715 0.64591 0.0528442 0.0389151
0 0.694503 0.795046 0.123336 0.0631055
0 0.699624 0.721217 0.0462911 0.0411471
0 0.594618 0.736057 0.103892 0.0808256
0 0.713717 0.794562 0.0816561 0.0660108
0 0.649121 0.797808 0.0802061 0.0536424
0 0.616341 0.739631 0.132388 0.0831116
0 0.688511 0.632979 0.035313 0.0332891
0 0.684964 0.801161 0.102069 0.0606384
0 0.682056 0.725094 0.0432991 0.0402855
0 0.59316 0.742719 0.130659 0.0888739
0 0.699251 0.799982 0.0691544 0.0681628
0 0.423097 0.717138 0.0433619 0.0428106
0 0.407868 0.788025 0.122869 0.0622464
0 0.42335 0.784859 0.0823063 0.0588806
0 0.311702 0.738497 0.0963901 0.081811
0 0.329557 0.743005 0.129801 0.0893288
0 0.363696 0.793633 0.0688818 0.0464043
0 0.943946 0.848426 0.112109 0.0708519
0 0.606221 0.614546 0.0377325 0.0305092
0 0.964471 0.735871 0.0710585 0.0597416
0 0.974203 0.735225 0.0515942 0.0545483
0 0.949668 0.732934 0.100665 0.0590131
0 0.0167036 0.657807 0.0323466 0.0408104
0 0.94287 0.835955 0.114259 0.0620772
0 0.528952 0.61025 0.0307679 0.0311005
0 0.891029 0.720592 0.0895275 0.051062
0 0.736293 0.703831 0.0517806 0.0484722
0 0.739176 0.813108 0.121872 0.0695045
0 0.721515 0.813955 0.171132 0.0723363
0 0.401283 0.614266 0.0301589 0.0313218
1 0.0221163 0.625915 0.0340004 0.0382924
0 0.701238 0.80448 0.110945 0.0637413
0 0.720681 0.707318 0.0800168 0.0517003
1 0.302323 0.62256 0.0371195 0.0334597
0 0.656909 0.698456 0.0804992 0.0482059
0 0.823601 0.705481 0.0341202 0.0365443
0 0.522219 0.699591 0.0505754 0.0488485
0 0.514837 0.813056 0.119836 0.0667182
0 0.492642 0.816522 0.145781 0.06874
0 0.773149 0.700768 0.0347853 0.0311808
0 0.512408 0.702594 0.0688141 0.0541697
0 0.52915 0.809727 0.0917503 0.0656863
1 0.942894 0.716087 0.0309402 0.0417623
0 0.479988 0.809896 0.106719 0.0600858
0 0.651227 0.690676 0.0366605 0.0345773
0 0.37184 0.700332 0.0481749 0.0466677
0 0.954615 0.698161 0.0580793 0.0480492
0 0.353031 0.813341 0.125374 0.067703
0 0.328989 0.818368 0.143345 0.0670817
0 0.368959 0.809271 0.0928017 0.0653721
0 0.363708 0.703214 0.0642221 0.0511833
0 0.834031 0.683223 0.0423584 0.0334914
0 0.894189 0.700975 0.0945437 0.0477126
0 0.939581 0.698048 0.0925715 0.0480171
0 0.32045 0.811664 0.115469 0.0630678
0 0.430061 0.849911 0.16335 0.0790896
0 0.772967 0.712111 0.0490458 0.0427368
0 0.421373 0.843886 0.13242 0.0737612
0 0.46683 0.713842 0.0573649 0.0512168
0 0.447217 0.721083 0.0960974 0.0565956
0 0.449428 0.841693 0.133325 0.0781408
0 0.762814 0.712352 0.0726524 0.0436071
0 0.458228 0.718066 0.0757068 0.0548232
0 0.390779 0.72137 0.0933012 0.0463482
0 0.403452 0.837727 0.0908325 0.0645063
0 0.985971 0.712624 0.0279942 0.0386065
0 0.315649 0.859391 0.168121 0.0833516
0 0.648008 0.70198 0.0472898 0.0394012
0 0.352611 0.717175 0.0551219 0.0513791
0 0.90533 0.71284 0.123716 0.0544584
0 0.334614 0.721685 0.0910326 0.0571323
0 0.60944 0.702449 0.0362104 0.0338224
0 0.950861 0.712358 0.098278 0.0481651
0 0.936495 0.712765 0.127009 0.0513687
0 0.965287 0.711625 0.0694253 0.0489942
0 0.277204 0.851222 0.0992943 0.0717637
0 0.0651369 0.646059 0.0466438 0.0405645
0 0.361077 0.914483 0.179663 0.0990187
0 0.737579 0.727356 0.0486618 0.0412982
0 0.968346 0.726453 0.0633074 0.0454862
0 0.379496 0.741309 0.113247 0.0651792
0 0.729236 0.727757 0.069457 0.0428529
0 0.371339 0.747135 0.141083 0.0801437
0 0.401634 0.737094 0.0699502 0.0609703
0 0.342337 0.737406 0.136068 0.0653442
0 0.812841 0.751769 0.066769 0.0460753
0 0.412666 0.766669 0.168552 0.0798548
0 0.414259 0.761623 0.128974 0.0714737
0 0.39183 0.951478 0.247857 0.093081
0 0.799128 0.754121 0.0954023 0.0480794
0 0.770762 0.747298 0.0606478 0.0373721
0 0.112898 0.654045 0.0337406 0.0409726
0 0.785955 0.75293 0.0948527 0.0435066
0 0.440115 0.75694 0.083577 0.0665615
0 0.104666 0.652653 0.0496882 0.0397811
0 0.780079 0.746658 0.0810356 0.0403193
0 0.984134 0.740131 0.030304 0.0397635
0 0.0331092 0.657401 0.0502783 0.0379608
0 0.751116 0.746618 0.058148 0.0469934
0 0.326279 0.951763 0.271842 0.0892479
0 0.357684 0.764214 0.127543 0.0720759
0 0.355016 0.772199 0.159749 0.075481
0 0.73687 0.746598 0.0882864 0.0450666
0 0.386766 0.757634 0.0723451 0.0677165
0 0.0199832 0.658259 0.0395046 0.0390124
0 0.285017 0.768117 0.0928869 0.0592458
0 0.708323 0.746021 0.0663721 0.038007
0 0.711939 0.751222 0.0764315 0.0411461
0 0.945122 0.746634 0.109755 0.0644502
0 0.692323 0.743269 0.0598103 0.0453863
0 0.956977 0.743281 0.0860464 0.066561
0 0.294797 0.779401 0.171559 0.0789383
0 0.264487 0.954405 0.312344 0.0863937
0 0.65662 0.741149 0.0693999 0.0423937
0 0.670616 0.743528 0.104236 0.046313
0 0.269008 0.779029 0.190396 0.0704887
0 0.245328 0.775795 0.142196 0.0590375
0 0.308882 0.768673 0.122488 0.0680575
0 0.744227 0.776632 0.0612057 0.051107
0 0.209098 0.817862 0.106962 0.0663553
0 0.720482 0.775514 0.114277 0.0509207
0 0.301974 0.804683 0.144483 0.07944
0 0.696571 0.77364 0.0682905 0.0465581
0 0.252606 0.818622 0.185179 0.0665508
0 0.986741 0.761906 0.0255247 0.0463572
0 0.2881 0.813016 0.187854 0.0761419
0 0.320085 0.799633 0.108944 0.0792015
0 0.283579 0.871256 0.263263 0.111859
0 0.838918 0.83869 0.136127 0.0609437
0 0.317172 0.869062 0.212027 0.10029
0 0.863005 0.83983 0.0817429 0.0599936
0 0.815578 0.835667 0.11123 0.0587962
0 0.256287 0.874002 0.217031 0.0862732
0 0.223045 0.884759 0.26828 0.126767
0 0.763866 0.828017 0.140339 0.0684346
0 0.787002 0.827905 0.0884233 0.0674716
0 0.938563 0.927042 0.122874 0.14315
0 0.632161 0.897592 0.308996 0.165075
0 0.982658 0.752114 0.0340435 0.0417038
0 0.599539 0.882922 0.237337 0.139271
0 0.606007 0.910646 0.334853 0.162199
0 0.970952 0.766603 0.0580957 0.0503815
0 0.429886 0.909131 0.319289 0.161103
0 0.904097 0.728137 0.191806 0.0624247
0 0.941048 0.726346 0.102115 0.0527855
0 0.775774 0.731166 0.0548229 0.0398605
0 0.78392 0.737167 0.0757769 0.0453684
0 0.893838 0.725291 0.136117 0.0539268
0 0.956051 0.72661 0.0720825 0.0526291
0 0.914988 0.723303 0.147829 0.0574679
0 0.202135 0.919947 0.323495 0.153444
0 0.714162 0.700712 0.0632945 0.0545017
0 0.700805 0.701444 0.0909268 0.0527821
0 0.690015 0.702298 0.128573 0.052327
0 0.575271 0.722383 0.0713562 0.0406989
0 0.570899 0.717054 0.0627995 0.038857
0 0.249177 0.937789 0.306394 0.12414
0 0.755013 0.728585 0.176753 0.07105
0 0.758736 0.722461 0.136039 0.0604248
0 0.199486 0.938842 0.308053 0.122317
0 0.720303 0.713679 0.0966463 0.0515703
0 0.58281 0.731758 0.0649154 0.0445147
0 0.591687 0.737289 0.0807266 0.0511433
0 0.735337 0.713411 0.0665929 0.0584071
0 0.702599 0.731514 0.19272 0.0700399
0 0.573832 0.756478 0.0794432 0.057797
0 0.706 0.728749 0.118248 0.0616305
0 0.684818 0.727222 0.139565 0.0645706
0 0.177557 0.969537 0.263035 0.0609263
0 0.816589 0.814617 0.206104 0.0952483
0 0.645208 0.869186 0.110846 0.0890995
0 0.669771 0.873412 0.159066 0.0905282
0 0.799174 0.814941 0.225398 0.1185
0 0.695941 0.880773 0.220708 0.082377
0 0.735018 0.792602 0.0821888 0.069298
0 0.859446 0.881027 0.278488 0.132176
0 0.707732 0.943108 0.149371 0.105096
0 0.754079 0.951539 0.303507 0.0965342
0 0.787671 0.864688 0.250473 0.122948
0 0.670146 0.947601 0.268532 0.100383
0 0.632286 0.941103 0.153224 0.106465
0 0.807824 0.745849 0.107874 0.0540524
0 0.820074 0.746345 0.076737 0.05825
0 0.735271 0.737565 0.101063 0.0559255
0 0.723242 0.733817 0.0717947 0.0536522
0 0.792643 0.744001 0.17378 0.0588409
0 0.763806 0.74169 0.163668 0.0552951
0 0.801465 0.758708 0.0931387 0.0640714
0 0.787172 0.757595 0.129202 0.0646723
0 0.724604 0.752077 0.113782 0.0582397
0 0.781784 0.758295 0.189735 0.0679909
0 0.706122 0.74606 0.0746817 0.0574036
0 0.756938 0.755109 0.160178 0.0562085
0 0.734946 0.75749 0.160746 0.0627185
0 0.719326 0.838601 0.185088 0.080088
0 0.689931 0.829234 0.105204 0.0886088
0 0.781146 0.837305 0.254967 0.0894928
0 0.796255 0.844255 0.149029 0.0897954
0 0.670451 0.88798 0.269715 0.136468
0 0.732995 0.95504 0.391954 0.0899194
0 0.893104 0.898058 0.197583 0.112652
0 0.543576 0.863139 0.160418 0.100508
0 0.982279 0.720658 0.0332039 0.0355939
0 0.825249 0.665645 0.0507386 0.0352926
0 0.883006 0.628163 0.0786186 0.0460852
0 0.928846 0.906092 0.142307 0.103527
0 0.436318 0.867155 0.169685 0.107118
0 0.772756 0.620921 0.0641166 0.0452742
0 0.880488 0.893 0.235457 0.128883
0 0.835187 0.704645 0.0421169 0.0360672
0 0.359452 0.871475 0.184504 0.114697
0 0.704218 0.618675 0.0507309 0.0444763
0 0.780324 0.697398 0.0452834 0.0332528
0 0.863183 0.886515 0.203374 0.101493
0 0.83124 0.700131 0.0469563 0.0413333
0 0.690581 0.616662 0.0739985 0.0457802
0 0.649318 0.65651 0.0473988 0.0325495
0 0.786676 0.875052 0.260342 0.122298
0 0.261891 0.885172 0.178776 0.119671
0 0.737486 0.695478 0.0436833 0.0383436
0 0.233861 0.892603 0.251267 0.125517
0 0.745477 0.69937 0.0379062 0.0336436
0 0.621357 0.614772 0.0381248 0.0428164
0 0.75461 0.869232 0.203957 0.090974
0 0.733862 0.690397 0.0499491 0.0466324
0 0.684585 0.692623 0.0429235 0.0339391
