0 0.808394 0.926474 0.324628 0.144436
0 0.447735 0.674499 0.0360281 0.0325422
0 0.641847 0.71162 0.054882 0.0367343
0 0.650588 0.713078 0.0406738 0.0334077
0 0.982933 0.649152 0.0311165 0.0405692
0 0.486153 0.622284 0.0528757 0.0425082
0 0.955628 0.676395 0.0550312 0.0419451
0 0.189796 0.9785 0.166294 0.0430001
0 0.58811 0.711531 0.0454262 0.0362467
0 0.421189 0.613245 0.0341675 0.0317983
0 0.632874 0.722742 0.0430318 0.0380308
0 0.413974 0.67896 0.0514812 0.0330218
0 0.979135 0.649678 0.0389675 0.0353984
0 0.421313 0.67933 0.0361341 0.0311185
0 0.396609 0.679718 0.0549518 0.0340716
0 0.80274 0.940921 0.375808 0.118158
0 0.903707 0.677965 0.0566917 0.0363585
0 0.94708 0.68091 0.0456245 0.0353007
0 0.616696 0.721384 0.0767895 0.0443812
0 0.466404 0.628386 0.046484 0.0397072
1 0.686391 0.694585 0.036407 0.0439379
0 0.394513 0.617678 0.0324655 0.0271414
0 0.644437 0.733416 0.0390828 0.0391446
0 0.982702 0.654048 0.0283516 0.0374911
0 0.965936 0.688023 0.0491579 0.0413342
0 0.574313 0.730285 0.0470667 0.0371248
0 0.394792 0.620764 0.037805 0.0308123
0 0.474524 0.635193 0.0330339 0.0367602
0 0.917283 0.682246 0.0474838 0.0332616
0 0.386527 0.685943 0.0409254 0.0344625
0 0.409872 0.685256 0.0579863 0.0369213
0 0.58092 0.733541 0.06549 0.0399261
0 0.471299 0.631216 0.0379868 0.039241
0 0.664614 0.813614 0.143997 0.068409
0 0.398338 0.73339 0.0558405 0.0429509
0 0.679082 0.816479 0.104336 0.0651604
0 0.653023 0.806863 0.136662 0.0637225
0 0.447993 0.655113 0.080986 0.0527509
0 0.387831 0.733905 0.0771602 0.046417
0 0.369895 0.731128 0.0665513 0.0398848
0 0.356159 0.734489 0.0375531 0.0383175
0 0.362316 0.733717 0.0519464 0.0390453
0 0.316968 0.858307 0.141161 0.067348
0 0.407013 0.590561 0.0335189 0.0302856
0 0.44735 0.611383 0.0299484 0.0304047
0 0.452866 0.708642 0.0566153 0.0424486
0 0.342193 0.675213 0.0354033 0.0424169
0 0.49209 0.609432 0.0317003 0.0301239
0 0.45181 0.611351 0.042196 0.0315002
0 0.440788 0.709901 0.0845354 0.0451425
0 0.421469 0.698098 0.0379504 0.0398786
0 0.423039 0.755604 0.0649909 0.0516552
0 0.409501 0.7568 0.0964408 0.0527725
0 0.31946 0.720464 0.0951285 0.0763006
0 0.227277 0.96993 0.263795 0.0601409
0 0.274669 0.819611 0.247446 0.158155
0 0.303552 0.88596 0.188229 0.0877141
0 0.94154 0.643141 0.0471088 0.0322395
0 0.356965 0.765033 0.0587096 0.053358
0 0.338121 0.615366 0.0384863 0.0284475
0 0.908334 0.642635 0.0560017 0.0346965
0 0.385164 0.64558 0.0532588 0.035702
0 0.214273 0.867002 0.292073 0.184582
0 0.205292 0.841038 0.292431 0.141437
0 0.1923 0.857205 0.230868 0.161277
0 0.349596 0.659471 0.0375385 0.0368693
0 0.249044 0.954372 0.224582 0.0870889
0 0.413446 0.656614 0.039494 0.0344795
0 0.953613 0.654887 0.0432343 0.0352947
0 0.352029 0.663012 0.046725 0.0378393
0 0.166772 0.910348 0.333544 0.170673
0 0.413604 0.673852 0.0452339 0.0367819
0 0.118955 0.915534 0.233626 0.157233
0 0.572256 0.645321 0.0451081 0.0412865
0 0.361872 0.72396 0.0564755 0.0556328
0 0.288491 0.729749 0.0903097 0.0574154
0 0.343087 0.721546 0.0979438 0.0579074
0 0.267412 0.657854 0.0324382 0.0312113
0 0.332598 0.721853 0.141488 0.0617605
1 0.500792 0.665968 0.0369692 0.0523113
0 0.609181 0.663796 0.0525296 0.0432907
0 0.325165 0.761203 0.149896 0.0796327
0 0.260673 0.674479 0.0371587 0.0322367
0 0.275351 0.770586 0.110825 0.0716741
0 0.2538 0.674807 0.0489879 0.034053
0 0.178115 0.687642 0.0436277 0.0316202
0 0.242946 0.675533 0.064274 0.0358317
0 0.31979 0.759469 0.214247 0.0770716
0 0.352263 0.762712 0.0844064 0.07246
0 0.295522 0.766384 0.16295 0.0772177
0 0.23213 0.676652 0.0683633 0.0371538
0 0.626202 0.670905 0.0503098 0.0482974
0 0.314118 0.781052 0.187189 0.086662
0 0.165914 0.698616 0.0557968 0.0360809
0 0.16079 0.699327 0.0408554 0.0306431
0 0.280647 0.784715 0.172458 0.0885975
0 0.335184 0.784766 0.107854 0.0726938
0 0.251158 0.68225 0.0366299 0.0348722
0 0.617523 0.671851 0.0689791 0.0419893
0 0.177474 0.696649 0.0755338 0.0414476
0 0.230932 0.682247 0.061938 0.0380623
0 0.263088 0.79029 0.127342 0.0883953
0 0.220086 0.683595 0.0566772 0.0395303
0 0.194248 0.692861 0.0722722 0.0408798
0 0.160978 0.923109 0.318749 0.152001
0 0.656744 0.723763 0.133285 0.0613172
0 0.132165 0.742295 0.125975 0.0528753
0 0.646268 0.727847 0.170945 0.0622355
0 0.155863 0.739528 0.0736388 0.0436933
0 0.667795 0.720964 0.0946307 0.0632959
0 0.114843 0.747629 0.120022 0.0594345
0 0.0712059 0.801824 0.129073 0.0741844
0 0.73428 0.779828 0.15034 0.0847941
0 0.713904 0.781538 0.133409 0.077902
0 0.060943 0.808659 0.121886 0.0934647
0 0.0875719 0.79804 0.0959901 0.0664101
0 0.888931 0.870707 0.207405 0.127581
0 0.0905255 0.854654 0.149372 0.109354
0 0.0825011 0.875517 0.159116 0.148306
1 0.848127 0.732133 0.0910465 0.0512011
1 0.70563 0.716375 0.0700858 0.0540325
1 0.603223 0.712931 0.0945592 0.0517768
1 0.597132 0.712626 0.0923597 0.0507206
1 0.606222 0.733092 0.102462 0.0569365
1 0.663829 0.834272 0.140837 0.0908722
1 0.684814 0.831217 0.135451 0.0982541
1 0.638739 0.937166 0.226016 0.121384
1 0.616956 0.938583 0.23989 0.10028
0 0.973415 0.829985 0.0531706 0.0622388
0 0.928617 0.951258 0.132584 0.0974834
0 0.747199 0.803907 0.171679 0.0929939
0 0.665017 0.789027 0.0428334 0.0479207
0 0.684806 0.795922 0.0888288 0.0598899
0 0.517948 0.784728 0.156326 0.0898904
0 0.715105 0.919114 0.207181 0.132989
0 0.496069 0.789189 0.143098 0.0873449
0 0.468673 0.786615 0.0927351 0.0637646
0 0.822383 0.644396 0.0444775 0.0370763
0 0.725231 0.599447 0.044864 0.0516032
0 0.701889 0.916894 0.18447 0.104699
0 0.679854 0.932707 0.222091 0.130656
0 0.475338 0.798696 0.162052 0.0969111
0 0.784275 0.644471 0.0417491 0.0368782
0 0.896055 0.637025 0.0298843 0.0347295
0 0.42031 0.79859 0.0875222 0.0649015
0 0.382726 0.852612 0.205601 0.137711
0 0.636791 0.602669 0.045857 0.0503745
0 0.850108 0.642034 0.0364491 0.0366742
0 0.318943 0.85492 0.0851318 0.0755803
1 0.782267 0.629595 0.0459698 0.0540578
0 0.732117 0.648323 0.0519025 0.0512553
0 0.627136 0.60363 0.063014 0.0507987
0 0.572166 0.971194 0.22799 0.0576127
0 0.325634 0.867471 0.222045 0.149469
0 0.592267 0.602873 0.0431562 0.0499491
0 0.801651 0.639819 0.0337967 0.0328397
0 0.258029 0.868153 0.0793033 0.0760679
0 0.683229 0.647526 0.0498735 0.0477915
0 0.528246 0.973924 0.235859 0.0508549
1 0.736261 0.633081 0.0405984 0.0476596
0 0.312019 0.895675 0.240991 0.170525
0 0.59418 0.604214 0.0528019 0.0541601
0 0.698892 0.656995 0.0421906 0.0384989
0 0.808972 0.64336 0.0459869 0.0406284
0 0.640758 0.654319 0.0413569 0.0329158
1 0.746419 0.633245 0.0374356 0.0438843
0 0.951879 0.669119 0.0323599 0.0404683
0 0.945045 0.669611 0.0423092 0.0385256
0 0.788242 0.685419 0.0517582 0.0451806
0 0.911842 0.66818 0.032432 0.032417
0 0.918096 0.669216 0.0418522 0.0342808
0 0.721879 0.681053 0.052036 0.0368088
0 0.715855 0.680607 0.0367392 0.0355008
0 0.795027 0.689774 0.0426443 0.0440352
0 0.342129 0.958915 0.224429 0.0753873
0 0.732983 0.6865 0.0832783 0.0406629
0 0.931218 0.669886 0.0618629 0.0389336
0 0.766295 0.686635 0.0970922 0.0458697
0 0.745519 0.682302 0.0515597 0.0466302
1 0.803463 0.656782 0.0408258 0.0582021
0 0.892216 0.665039 0.0526247 0.0359484
0 0.902463 0.663948 0.0371651 0.0350085
0 0.883615 0.664227 0.0526884 0.0344953
0 0.301367 0.962551 0.205491 0.0714391
0 0.33033 0.959438 0.160179 0.077803
0 0.67787 0.679607 0.03941 0.0353063
0 0.732952 0.683763 0.0818363 0.0453822
1 0.778485 0.650719 0.0416689 0.0490191
0 0.866759 0.663682 0.0562111 0.0368109
0 0.72746 0.681659 0.0490774 0.0436409
0 0.87529 0.66473 0.0410069 0.0343697
0 0.85088 0.662479 0.0409031 0.0340426
0 0.305332 0.962324 0.164775 0.0727502
0 0.658523 0.67874 0.0455229 0.0358213
0 0.282775 0.969483 0.169904 0.0572736
