0 0.941336 0.752821 0.0646919 0.0609689
0 0.780506 0.657109 0.0473005 0.0424323
0 0.282848 0.919494 0.175155 0.0928713
0 0.192625 0.716227 0.0799616 0.0765266
0 0.826253 0.808233 0.0645876 0.0645612
0 0.0790914 0.824158 0.0674727 0.0651283
0 0.815898 0.806962 0.0877349 0.0679998
0 0.792139 0.804295 0.0798597 0.0703529
0 0.184443 0.71102 0.0645615 0.0682317
0 0.301813 0.916709 0.126533 0.0938455
0 0.250389 0.717375 0.0472899 0.0652407
0 0.874209 0.742301 0.0546001 0.0575886
0 0.921335 0.748913 0.0690804 0.0634486
