1 0.255799 0.937072 0.295526 0.125855
1 0.349076 0.942713 0.350279 0.112954
1 0.29526 0.835161 0.122188 0.0678383
1 0.088835 0.822581 0.106812 0.059044
1 0.33871 0.95535 0.16722 0.0886472
1 0.34862 0.956058 0.237103 0.0871502
1 0.173335 0.857995 0.110949 0.0658015
1 0.325662 0.862718 0.212108 0.2223
1 0.320718 0.951909 0.231834 0.0866923
1 0.343203 0.867072 0.238567 0.21379
1 0.792839 0.668261 0.0428545 0.0498484
1 0.385325 0.941635 0.372005 0.114336
1 0.608596 0.750619 0.0975152 0.071839
1 0.626716 0.751213 0.113334 0.0698692
1 0.722404 0.665601 0.0382393 0.0472101
1 0.81646 0.700624 0.0377522 0.0398821
1 0.75349 0.893886 0.245802 0.149488
1 0.429081 0.848878 0.231245 0.135957
1 0.2265 0.923466 0.307405 0.147546
1 0.617717 0.702674 0.051413 0.0489054
1 0.662106 0.729876 0.0772014 0.0527969
1 0.647061 0.802052 0.0996971 0.088117
1 0.624957 0.802037 0.149562 0.0920642
1 0.549758 0.898151 0.184191 0.148855
1 0.544022 0.916669 0.198224 0.148904
1 0.0863435 0.849337 0.163177 0.298893
1 0.81736 0.819924 0.154514 0.102014
1 0.971806 0.96884 0.0563871 0.0623208
1 0.80584 0.935785 0.219234 0.128429
1 0.600443 0.796653 0.130522 0.0917956
1 0.949811 0.602512 0.0287388 0.032279
1 0.841047 0.600222 0.0418013 0.0485786
1 0.846615 0.595838 0.0390074 0.0421852
1 0.578568 0.81338 0.13964 0.0978174
1 0.926392 0.602373 0.0312935 0.0329049
1 0.358603 0.814165 0.140184 0.099645
1 0.553888 0.939221 0.198635 0.121558
1 0.375105 0.809034 0.105127 0.103307
1 0.751251 0.624592 0.0315033 0.0417313
1 0.32536 0.816829 0.145785 0.101043
1 0.516075 0.945197 0.18499 0.107966
1 0.400352 0.865115 0.176206 0.146521
1 0.768282 0.600305 0.0348496 0.0467041
1 0.676499 0.599958 0.0497374 0.0529428
1 0.349582 0.870303 0.179607 0.15067
1 0.722916 0.599723 0.0330291 0.0491294
1 0.295378 0.874085 0.184674 0.151683
1 0.731147 0.630435 0.0473098 0.0619815
1 0.303575 0.894361 0.191781 0.162773
1 0.600439 0.599596 0.0469016 0.0527079
1 0.691656 0.601268 0.0340067 0.0508341
1 0.607447 0.593563 0.0378637 0.0394562
1 0.752499 0.63488 0.0440605 0.0518342
1 0.339962 0.958164 0.202254 0.0836718
1 0.671308 0.600976 0.0393513 0.0414864
1 0.862076 0.665168 0.0476082 0.0624021
1 0.772035 0.610052 0.0357018 0.0475503
1 0.663766 0.605489 0.0485353 0.0426848
1 0.72163 0.606852 0.0343558 0.048723
1 0.622988 0.604068 0.0466915 0.0554927
1 0.616367 0.608388 0.0485569 0.0538523
1 0.288816 0.958952 0.240721 0.0820962
1 0.717595 0.612124 0.0360754 0.05016
1 0.607815 0.606907 0.0481813 0.0467482
1 0.766586 0.652204 0.0524482 0.0591109
1 0.596347 0.603166 0.0463724 0.0534316
1 0.694365 0.610032 0.0379895 0.0529475
1 0.266166 0.964194 0.176629 0.0708082
1 0.264475 0.961704 0.244135 0.0765391
1 0.591017 0.602635 0.0485638 0.046073
1 0.581934 0.603268 0.04596 0.0422493
1 0.700559 0.685156 0.0496099 0.0439369
1 0.847273 0.814881 0.153811 0.095189
1 0.641459 0.615448 0.027759 0.0318143
1 0.937257 0.921772 0.125486 0.122815
1 0.712451 0.718874 0.0583167 0.0410482
1 0.705223 0.715056 0.0459721 0.0396044
1 0.687507 0.791085 0.196937 0.0751732
1 0.654803 0.79239 0.153477 0.0905327
1 0.815543 0.66375 0.0886711 0.0475693
1 0.584333 0.827012 0.246543 0.121541
1 0.526299 0.911912 0.314371 0.170089
1 0.65063 0.685796 0.101456 0.0582757
1 0.658495 0.680916 0.0753983 0.0534198
1 0.661167 0.750539 0.154771 0.103742
1 0.793287 0.91809 0.297355 0.16045
1 0.263867 0.969474 0.219733 0.0562693
1 0.727607 0.715173 0.0575508 0.0523716
1 0.253008 0.963747 0.289517 0.0654846
1 0.297084 0.971331 0.224042 0.0546672
1 0.734907 0.718548 0.0744187 0.0530909
1 0.755413 0.773692 0.122863 0.0659673
1 0.713991 0.771593 0.108339 0.062125
1 0.732244 0.774408 0.139231 0.0663775
1 0.7053 0.855929 0.187908 0.0966614
1 0.72882 0.815641 0.0667622 0.0635043
1 0.750061 0.909029 0.240304 0.139415
1 0.597426 0.899361 0.214169 0.14086
1 0.0610755 0.941308 0.122151 0.103314
1 0.787846 0.83464 0.154442 0.0651505
1 0.618304 0.643854 0.0837351 0.0525959
1 0.739585 0.853176 0.116802 0.0696938
1 0.710291 0.850715 0.0978397 0.059822
1 0.746012 0.888147 0.131398 0.0750504
1 0.721679 0.884402 0.124876 0.0711344
1 0.464816 0.75426 0.0753952 0.0525686
1 0.489404 0.872795 0.105396 0.0730006
1 0.768095 0.806948 0.0712539 0.0605189
1 0.517528 0.794084 0.0755463 0.0574832
1 0.458832 0.806067 0.0830359 0.0624748
1 0.367548 0.812314 0.0786437 0.0627263
1 0.690817 0.724667 0.0221565 0.0350393
1 0.31425 0.813648 0.0690806 0.0622487
1 0.819196 0.696427 0.113646 0.052877
1 0.305654 0.819463 0.064641 0.0655051
1 0.641553 0.672205 0.0210445 0.0285383
1 0.295487 0.823685 0.0773477 0.0644744
1 0.284963 0.826189 0.106651 0.0675369
1 0.80796 0.695876 0.114739 0.0541926
1 0.512287 0.76236 0.0357617 0.0471507
1 0.367546 0.864332 0.120102 0.081028
1 0.382306 0.859097 0.0884983 0.0763706
1 0.342831 0.867584 0.126871 0.0799713
1 0.964513 0.727136 0.0709745 0.0521299
1 0.978549 0.724032 0.0422573 0.0571615
1 0.703583 0.713972 0.0529376 0.0391273
1 0.284657 0.871314 0.119032 0.0833631
1 0.265483 0.874968 0.136041 0.0880493
1 0.296783 0.865881 0.0892102 0.0792619
1 0.317799 0.726311 0.0493531 0.058638
1 0.327318 0.951057 0.207967 0.0978854
1 0.755256 0.750145 0.0762207 0.0463877
1 0.307971 0.954217 0.143938 0.0915656
1 0.763443 0.748039 0.0528702 0.039845
1 0.297546 0.956665 0.278665 0.0841839
1 0.732395 0.750705 0.0633082 0.0485233
1 0.738549 0.748846 0.0458494 0.0432616
1 0.65324 0.76134 0.0639311 0.0479243
1 0.66147 0.759665 0.0457159 0.046568
1 0.214062 0.818162 0.165193 0.152569
1 0.930943 0.769072 0.138114 0.076398
1 0.944397 0.769865 0.111207 0.0742837
1 0.642872 0.76539 0.086847 0.0502856
1 0.781752 0.83262 0.0495605 0.0602397
1 0.216445 0.87935 0.238564 0.141739
1 0.719382 0.827874 0.0931419 0.0625167
1 0.163138 0.898381 0.239794 0.133488
1 0.741212 0.828956 0.0467043 0.059316
1 0.17703 0.89627 0.177135 0.125083
1 0.117086 0.902096 0.226117 0.154088
1 0.676189 0.825162 0.0844982 0.0645327
1 0.986647 0.801277 0.0253822 0.0498522
1 0.690264 0.825286 0.0572266 0.0633123
1 0.116645 0.910835 0.229123 0.145436
1 0.683936 0.838324 0.102195 0.0597811
1 0.701698 0.838332 0.0675013 0.0627649
1 0.812979 0.963061 0.218215 0.073878
1 0.767171 0.972075 0.221717 0.0555336
1 0.878435 0.926053 0.243129 0.147894
1 0.60167 0.907912 0.292617 0.167263
1 0.986596 0.763403 0.0238342 0.0396637
1 0.285174 0.920597 0.319959 0.156785
1 0.782831 0.720103 0.132149 0.0646818
1 0.780243 0.724424 0.179369 0.0742504
1 0.809486 0.719085 0.0903801 0.0610619
1 0.673887 0.731408 0.0381708 0.0411415
1 0.244527 0.926089 0.23899 0.140518
1 0.544748 0.846408 0.0248665 0.0312225
1 0.150086 0.93403 0.271182 0.13194
1 0.638037 0.70587 0.113963 0.0633474
1 0.39769 0.857031 0.0268697 0.0339572
1 0.658934 0.703957 0.0908386 0.0608554
1 0.6339 0.713247 0.160893 0.0750356
1 0.532911 0.728047 0.0319859 0.0378284
1 0.41616 0.876113 0.0257449 0.0349355
1 0.660435 0.718169 0.11507 0.0612316
1 0.660008 0.721446 0.156356 0.0721659
1 0.15304 0.941655 0.290786 0.116691
1 0.190247 0.944264 0.240743 0.105901
1 0.682902 0.717238 0.0934957 0.0586866
1 0.705927 0.916109 0.160282 0.0939733
1 0.836438 0.8451 0.190617 0.109126
1 0.823395 0.850228 0.227389 0.136386
1 0.840629 0.88151 0.237803 0.152756
1 0.697562 0.946972 0.163209 0.100862
1 0.774589 0.862633 0.213821 0.145126
1 0.648875 0.945075 0.207333 0.0981172
1 0.762822 0.874598 0.21779 0.147584
1 0.631793 0.949098 0.227051 0.0963715
1 0.553502 0.971708 0.280372 0.0565842
1 0.924882 0.771354 0.0938816 0.0599532
1 0.814133 0.757052 0.117396 0.0648376
1 0.791309 0.75412 0.122014 0.0598035
1 0.833766 0.759136 0.0873516 0.0652011
1 0.669429 0.757876 0.0776837 0.061733
1 0.688386 0.759156 0.0592319 0.0629635
1 0.704513 0.759371 0.0902746 0.0661056
1 0.655269 0.972213 0.244945 0.0527126
1 0.865788 0.911756 0.24707 0.142883
1 0.823025 0.905111 0.244551 0.128281
1 0.781927 0.903608 0.230484 0.139116
