0 0.666167 0.926057 0.293706 0.142728
0 0.583771 0.708681 0.0404794 0.0388589
0 0.889157 0.674509 0.0436897 0.0339934
0 0.455978 0.621077 0.0382183 0.0437153
0 0.868139 0.674962 0.0651222 0.0366407
0 0.860341 0.674565 0.0453724 0.036386
0 0.576044 0.708212 0.0577646 0.0437729
0 0.057514 0.974314 0.115028 0.0497931
0 0.394243 0.613291 0.0420552 0.0342127
0 0.527711 0.708681 0.0441969 0.0350794
0 0.396108 0.672377 0.0330625 0.0315865
0 0.401547 0.614039 0.0524897 0.0363917
0 0.579367 0.715942 0.0612274 0.0422132
0 0.388741 0.676281 0.0469863 0.0321788
0 0.87772 0.679691 0.0484524 0.0365719
0 0.361658 0.679509 0.0441575 0.0348546
1 0.652278 0.697137 0.0396193 0.0456042
0 0.378432 0.677104 0.0665546 0.0347967
0 0.451631 0.627334 0.0461578 0.0419512
0 0.369303 0.678602 0.0615699 0.0350648
0 0.681365 0.946029 0.36439 0.101904
0 0.384295 0.617553 0.0299608 0.0258896
0 0.589756 0.720693 0.0457067 0.0359772
0 0.568969 0.717422 0.0848032 0.042379
0 0.527731 0.716599 0.0374325 0.0322344
0 0.920149 0.681655 0.0419844 0.0339654
0 0.973588 0.656587 0.0402882 0.0389712
0 0.583255 0.731915 0.0538532 0.043851
0 0.924334 0.690748 0.0444069 0.0359873
0 0.371262 0.621256 0.0338243 0.030689
0 0.443208 0.630187 0.0392883 0.0418219
1 0.644467 0.697333 0.0430323 0.0507046
0 0.879973 0.683636 0.0450682 0.0336599
0 0.522643 0.730076 0.0512245 0.0369591
0 0.966792 0.655792 0.0500801 0.0359934
0 0.890393 0.688545 0.0666473 0.0370845
0 0.374122 0.683505 0.0442976 0.0329811
0 0.528514 0.733896 0.0668007 0.0394109
0 0.568543 0.728103 0.0789589 0.0462997
0 0.914831 0.689741 0.0659451 0.0382874
0 0.345346 0.68446 0.040517 0.0333434
0 0.277589 0.807477 0.101015 0.0572575
0 0.605562 0.943225 0.251945 0.10424
1 0.851881 0.612019 0.0510143 0.0380494
0 0.247899 0.839505 0.125893 0.0630318
0 0.420238 0.705837 0.049966 0.0427533
0 0.22794 0.845812 0.0940474 0.0664927
0 0.264653 0.837155 0.0966953 0.0689362
0 0.395573 0.591542 0.0347059 0.0308784
0 0.341218 0.682931 0.0927974 0.0690962
0 0.615574 0.971942 0.233436 0.0561161
