0 0.252501 0.131955 0.074895 0.060825
0 0.278034 0.313827 0.056511 0.120434
0 0.111908 0.361272 0.061957 0.098538
0 0.116332 0.713463 0.061274 0.097327
0 0.156502 0.758473 0.039490 0.075426
0 0.291653 0.845458 0.070117 0.120439
0 0.391052 0.808961 0.040168 0.059614
0 0.507136 0.716505 0.061274 0.096106
0 0.457094 0.577209 0.049703 0.077858
0 0.411818 0.310787 0.050381 0.077858
0 0.468668 0.177574 0.042893 0.069341
0 0.571817 0.215897 0.044934 0.077858
0 0.623561 0.183658 0.083064 0.125303
0 0.803302 0.246918 0.066724 0.091243
0 0.904748 0.150201 0.059916 0.102191
0 0.913599 0.481101 0.068085 0.087590
0 0.775728 0.735359 0.046978 0.070557
0 0.732836 0.839984 0.068765 0.092458
