0 0.226637 0.927627 0.313107 0.140489
0 0.59877 0.626028 0.0526224 0.0354991
0 0.080464 0.638401 0.043945 0.0455964
0 0.21058 0.720344 0.0512057 0.0403234
0 0.59199 0.627729 0.037178 0.0352657
0 0.148372 0.72896 0.0581 0.0378443
0 0.140894 0.729303 0.0415417 0.0359236
0 0.0190987 0.638957 0.0342896 0.0441996
0 0.301129 0.738425 0.0459927 0.0456843
0 0.185331 0.639084 0.0448371 0.0480321
0 0.0881202 0.708024 0.0389576 0.0340757
0 0.03545 0.713394 0.042706 0.0332227
1 0.749297 0.639235 0.0326222 0.0362826
0 0.236903 0.744781 0.0576373 0.0381418
0 0.0400866 0.717368 0.0566876 0.0343421
0 0.946268 0.681166 0.0427391 0.0331342
0 0.288622 0.741228 0.0698037 0.0464338
0 0.369058 0.73417 0.0588107 0.0485527
0 0.253934 0.634369 0.0560717 0.0497153
0 0.358889 0.731788 0.0734447 0.0459428
0 0.667508 0.675097 0.0349096 0.0377508
0 0.242964 0.635618 0.0773564 0.047288
1 0.448601 0.69883 0.0374939 0.0495021
0 0.165244 0.697691 0.0467751 0.032835
0 0.121927 0.701329 0.0324023 0.030292
0 0.826075 0.711389 0.0406998 0.0373942
0 0.204951 0.720594 0.045875 0.0386444
0 0.864054 0.665933 0.046669 0.0386552
0 0.409123 0.777373 0.10334 0.0546883
0 0.425829 0.778718 0.0667972 0.0572647
0 0.309925 0.6459 0.0460021 0.0548747
0 0.855169 0.663834 0.0355629 0.0350592
0 0.158379 0.726635 0.0504056 0.0373601
0 0.234993 0.641203 0.0426343 0.0359777
0 0.82095 0.710547 0.0559394 0.0403386
0 0.228408 0.640814 0.0323182 0.03385
0 0.370468 0.781879 0.0954809 0.0510864
0 0.775723 0.705829 0.0455722 0.0395523
0 0.197603 0.722376 0.0626187 0.0418518
0 0.453422 0.940436 0.214264 0.119127
0 0.194826 0.798962 0.0950041 0.055467
0 0.181572 0.803275 0.126681 0.0565835
0 0.154886 0.807534 0.0699171 0.0558489
0 0.18441 0.881432 0.155481 0.0806658
0 0.437065 0.674615 0.0435776 0.0354729
0 0.452744 0.731725 0.0534161 0.0501943
0 0.421647 0.814543 0.0875076 0.0687146
0 0.7425 0.612745 0.029034 0.0338257
0 0.344792 0.75546 0.121352 0.0952273
0 0.406267 0.816535 0.151515 0.0697001
0 0.379215 0.740995 0.126805 0.0862539
0 0.372757 0.819928 0.232216 0.14236
0 0.386563 0.931401 0.205594 0.089502
0 0.587078 0.654694 0.0432396 0.0348104
0 0.898112 0.650588 0.0459967 0.0386988
0 0.422432 0.927216 0.365792 0.140281
0 0.624678 0.699711 0.103081 0.0507856
0 0.648887 0.700759 0.141645 0.05563
0 0.676155 0.701039 0.0644262 0.0531904
0 0.615967 0.69443 0.0809666 0.048082
0 0.89084 0.648426 0.0555038 0.0375104
0 0.982589 0.680265 0.0348217 0.0375576
0 0.616733 0.660057 0.0305694 0.0306914
0 0.717449 0.751534 0.147698 0.0657214
0 0.693642 0.747286 0.144306 0.0678276
0 0.604088 0.660749 0.046932 0.0339355
0 0.738975 0.756518 0.0940156 0.0550257
0 0.754302 0.75726 0.0618742 0.0527507
0 0.845884 0.861982 0.276473 0.14929
0 0.685565 0.708137 0.0391838 0.0351476
0 0.636789 0.705803 0.0822386 0.0529505
0 0.64022 0.70217 0.0635548 0.0514648
0 0.590129 0.711519 0.0518593 0.0383539
0 0.651149 0.704612 0.0909351 0.0548742
0 0.369896 0.808462 0.170122 0.102544
0 0.975545 0.764804 0.0489101 0.0574883
0 0.966005 0.773659 0.0679901 0.0530469
0 0.329602 0.828929 0.236481 0.116731
0 0.353904 0.829714 0.176847 0.105553
0 0.200407 0.918296 0.321024 0.152087
0 0.962451 0.812288 0.0750983 0.0725291
0 0.819989 0.968673 0.21636 0.0626545
0 0.823225 0.973286 0.223614 0.0534285
1 0.965259 0.725581 0.0694829 0.0535268
0 0.817992 0.975457 0.168358 0.0490854
0 0.696253 0.969728 0.16678 0.0602717
1 0.823493 0.713925 0.109938 0.0486682
0 0.705056 0.96494 0.264847 0.0692075
0 0.595615 0.96985 0.207466 0.0603002
0 0.720564 0.982347 0.134077 0.0353068
0 0.454503 0.970689 0.172066 0.0564476
0 0.59669 0.976577 0.200005 0.046847
1 0.586856 0.699528 0.0804762 0.0525345
1 0.611329 0.706273 0.0601509 0.0522797
1 0.60506 0.757682 0.109167 0.0763304
1 0.652804 0.868575 0.14137 0.106509
1 0.675998 0.865488 0.141222 0.111612
1 0.63855 0.922124 0.204314 0.147275
0 0.900013 0.821846 0.196334 0.0957314
0 0.738684 0.809131 0.180396 0.0981497
0 0.920329 0.954743 0.14765 0.0905135
0 0.589736 0.801333 0.170092 0.0944606
0 0.816822 0.938979 0.272321 0.122042
0 0.925306 0.657514 0.0397722 0.035697
0 0.81192 0.603358 0.0535473 0.0530807
0 0.644753 0.932509 0.222422 0.13221
0 0.448883 0.798871 0.164253 0.0968349
0 0.392833 0.801713 0.0868906 0.0680257
0 0.665654 0.599233 0.0396355 0.0487734
0 0.759725 0.643353 0.0445946 0.040461
0 0.420339 0.804978 0.140522 0.0957474
0 0.40327 0.852836 0.213961 0.138323
0 0.662912 0.602713 0.0561422 0.0505697
0 0.7642 0.653406 0.0444712 0.0501462
0 0.343663 0.854701 0.0876932 0.0803312
0 0.878966 0.643812 0.039584 0.0371435
0 0.603567 0.972258 0.262914 0.0554844
0 0.349761 0.854942 0.216722 0.140391
0 0.61428 0.60279 0.0451294 0.0504364
1 0.757047 0.631178 0.0415933 0.0508963
0 0.292143 0.866384 0.0944195 0.0876589
0 0.824065 0.639928 0.0383759 0.0396044
0 0.705715 0.648279 0.047879 0.0506966
0 0.545269 0.972174 0.229403 0.0556511
0 0.603702 0.603589 0.0654619 0.0520051
0 0.337144 0.855859 0.212311 0.142296
0 0.604777 0.603525 0.044816 0.0511959
0 0.813185 0.639532 0.0353683 0.034815
0 0.271717 0.861851 0.078337 0.0744019
0 0.280948 0.86778 0.09424 0.0873278
0 0.69494 0.646771 0.0520919 0.046817
0 0.533083 0.972136 0.235234 0.0557287
1 0.748668 0.632396 0.0416297 0.049511
0 0.366865 0.94074 0.296572 0.11852
0 0.806467 0.679158 0.0534412 0.0485558
0 0.96871 0.667336 0.0406401 0.041389
0 0.409541 0.942575 0.212525 0.111524
0 0.9596 0.668207 0.0548986 0.0390962
0 0.944434 0.668065 0.0453655 0.0339188
1 0.864482 0.655927 0.0470369 0.0586681
0 0.740198 0.678147 0.0448364 0.0363744
0 0.94889 0.667054 0.0365322 0.040993
0 0.394647 0.949796 0.216581 0.0991305
0 0.789619 0.683005 0.0535076 0.0452405
0 0.359189 0.957801 0.22787 0.0749461
0 0.917522 0.66745 0.040303 0.0329206
0 0.243427 0.985177 0.111266 0.0296455
0 0.910459 0.667556 0.0336361 0.0307199
0 0.934028 0.667106 0.0574003 0.0383448
0 0.372055 0.951064 0.330876 0.0921801
0 0.796578 0.686854 0.0448125 0.0434387
0 0.877793 0.662797 0.0536154 0.0374654
1 0.795663 0.654827 0.0320278 0.0445745
0 0.88821 0.663718 0.0373131 0.0359834
0 0.673741 0.676872 0.0473711 0.0375841
0 0.740629 0.678764 0.0451668 0.0451014
0 0.3056 0.956614 0.228134 0.0760763
0 0.320184 0.951244 0.341024 0.0916833
1 0.790136 0.65112 0.0398645 0.0524442
0 0.80079 0.700242 0.0551503 0.0473368
0 0.970469 0.680613 0.0497648 0.0419041
0 0.93202 0.679415 0.0479353 0.0346099
0 0.657246 0.610617 0.0368629 0.0456525
0 0.926262 0.679063 0.0350636 0.0318448
0 0.959388 0.679364 0.0644697 0.0398183
0 0.942201 0.678945 0.0677244 0.0363256
0 0.721504 0.693708 0.044454 0.0397649
0 0.657924 0.604985 0.0296021 0.0352164
0 0.781439 0.701057 0.101597 0.051403
1 0.701286 0.588052 0.0258118 0.0282099
0 0.607341 0.610061 0.0278517 0.0308782
0 0.98052 0.59003 0.0276398 0.0288073
0 0.917999 0.779333 0.164002 0.0815823
0 0.669075 0.627376 0.0409094 0.0344317
1 0.561437 0.75184 0.0232491 0.0361704
0 0.891576 0.780142 0.190197 0.0693359
0 0.742133 0.666921 0.043283 0.0353307
0 0.964116 0.786034 0.0690159 0.0673827
0 0.929939 0.821156 0.140122 0.0903048
0 0.761704 0.682812 0.045586 0.0323713
0 0.749579 0.681053 0.0524212 0.0336319
0 0.704649 0.67957 0.0354586 0.0310626
0 0.620694 0.631962 0.0319416 0.0316503
0 0.895707 0.805544 0.208585 0.0910683
0 0.859608 0.806817 0.153939 0.0804776
0 0.692937 0.679194 0.0608201 0.0352464
0 0.710204 0.67998 0.0263649 0.0297195
0 0.87705 0.804871 0.230173 0.0802603
0 0.921287 0.809675 0.154697 0.0877688
0 0.607747 0.631676 0.0316742 0.0323036
0 0.691433 0.67844 0.0370965 0.0304862
0 0.85334 0.807441 0.210345 0.083345
0 0.886913 0.805747 0.226174 0.0929375
0 0.609982 0.632587 0.0440708 0.0339121
0 0.670642 0.677191 0.0632515 0.0349678
0 0.837069 0.805188 0.152007 0.0824355
0 0.865562 0.808008 0.247967 0.108446
0 0.940476 0.910035 0.119047 0.105382
0 0.717366 0.656768 0.0342331 0.0334057
0 0.739487 0.72014 0.0426852 0.0410133
0 0.730513 0.719818 0.0578344 0.0412706
0 0.704993 0.716396 0.0545914 0.0352688
0 0.708835 0.719824 0.0654817 0.0380363
0 0.62229 0.654035 0.0389821 0.0328617
0 0.720112 0.72094 0.0815498 0.0418638
0 0.722448 0.784606 0.118824 0.0547201
0 0.706302 0.689835 0.0348564 0.0344012
0 0.774515 0.620972 0.0327468 0.0293065
0 0.604253 0.684873 0.0852546 0.0423987
0 0.743502 0.784642 0.0780101 0.0558184
0 0.596492 0.679729 0.066186 0.0391113
0 0.724452 0.788286 0.14713 0.0657248
0 0.787327 0.625436 0.031551 0.0310636
0 0.72194 0.708181 0.0362625 0.0340134
0 0.758774 0.834473 0.128807 0.0654929
0 0.790472 0.835847 0.0677158 0.0636127
0 0.77506 0.835147 0.0965015 0.0594189
0 0.610208 0.702258 0.0857107 0.0521434
0 0.60089 0.699489 0.0648331 0.050366
0 0.723689 0.822046 0.0551119 0.0560281
0 0.742219 0.824866 0.0939568 0.0606097
0 0.846534 0.925308 0.162111 0.0941587
0 0.825739 0.640963 0.0352713 0.0344373
0 0.642649 0.732235 0.115656 0.0669416
0 0.760638 0.739485 0.056164 0.0401437
0 0.725011 0.731088 0.127978 0.05386
0 0.672423 0.73274 0.170302 0.0636557
0 0.749216 0.736109 0.0788948 0.048923
0 0.629865 0.726676 0.0844082 0.0682129
0 0.766651 0.741122 0.0424076 0.0368019
0 0.55461 0.910261 0.303416 0.16491
0 0.702974 0.673461 0.0522028 0.0396214
0 0.50503 0.904323 0.197445 0.167694
0 0.507059 0.938479 0.327457 0.119024
0 0.684483 0.686665 0.064648 0.0475198
0 0.675219 0.689339 0.0864609 0.0505829
0 0.55109 0.945158 0.446183 0.109534
0 0.710706 0.744814 0.102198 0.0648351
0 0.700715 0.747783 0.136458 0.0746835
0 0.628669 0.736301 0.0690851 0.0482051
0 0.725567 0.747006 0.0693633 0.0671288
0 0.589061 0.793149 0.0626307 0.0526347
0 0.737003 0.798418 0.166643 0.0842847
0 0.672268 0.898608 0.209102 0.107396
0 0.663713 0.889884 0.225486 0.0793475
0 0.754623 0.799998 0.120219 0.0815946
0 0.690942 0.895259 0.189235 0.0871091
0 0.616365 0.870818 0.0868891 0.0732424
0 0.661181 0.789758 0.10619 0.0619169
0 0.646579 0.884921 0.167527 0.07931
0 0.664794 0.933145 0.220756 0.119099
0 0.731285 0.816883 0.197824 0.091818
0 0.611156 0.911299 0.102111 0.0906156
0 0.750233 0.822289 0.137927 0.09079
0 0.791211 0.935078 0.394882 0.129844
0 0.769658 0.953273 0.412843 0.0934542
1 0.0205396 0.824025 0.0410791 0.0547038
0 0.728824 0.954714 0.443959 0.0901802
0 0.600192 0.951308 0.402994 0.0924947
0 0.951801 0.738703 0.0963982 0.0516207
0 0.457534 0.945798 0.409833 0.107447
0 0.942686 0.735376 0.0946053 0.0522382
0 0.966966 0.738517 0.0660678 0.0588963
0 0.941437 0.739954 0.117126 0.0528254
0 0.406424 0.9545 0.402355 0.0891828
0 0.896631 0.735407 0.0936348 0.0477966
0 0.955365 0.73805 0.0892701 0.0555698
0 0.914332 0.737964 0.126438 0.0513242
0 0.967199 0.740643 0.0646404 0.0567342
0 0.871243 0.730815 0.0608334 0.0540657
0 0.784288 0.721275 0.0956168 0.0528402
0 0.774064 0.716461 0.0733703 0.049378
0 0.849661 0.728728 0.111931 0.0508897
0 0.799407 0.724146 0.156667 0.0546488
0 0.759425 0.722474 0.12027 0.0486516
0 0.813398 0.726753 0.123606 0.053363
0 0.766046 0.725981 0.162329 0.0557664
0 0.829818 0.725779 0.0779478 0.0518035
0 0.80283 0.72215 0.166325 0.0552207
0 0.74587 0.719012 0.0884521 0.046132
0 0.817616 0.763894 0.120161 0.0636766
0 0.902389 0.772914 0.12086 0.0625285
0 0.889001 0.769838 0.176505 0.0641272
0 0.841166 0.766686 0.161252 0.0633583
0 0.914518 0.775969 0.0902237 0.0654944
0 0.806108 0.75728 0.0876202 0.0603606
0 0.750873 0.84345 0.192985 0.0824254
0 0.721404 0.838205 0.133631 0.0811595
0 0.76069 0.839819 0.255295 0.0832027
0 0.818844 0.845103 0.146119 0.0871656
0 0.805853 0.83892 0.26374 0.0885132
0 0.705004 0.832622 0.0926081 0.0790653
0 0.737777 0.896093 0.282566 0.141036
0 0.801524 0.955432 0.396951 0.0891354
0 0.801661 0.829128 0.147056 0.0744013
0 0.817928 0.827686 0.10592 0.0699425
0 0.783981 0.828739 0.195312 0.0655411
0 0.871408 0.891801 0.251559 0.127967
0 0.884424 0.707637 0.0430183 0.0367956
0 0.388548 0.82189 0.140004 0.0782552
0 0.764537 0.616156 0.0693125 0.0440417
0 0.370398 0.832434 0.143225 0.0795664
0 0.861153 0.886131 0.212857 0.101857
0 0.746674 0.61884 0.103791 0.0470066
0 0.403684 0.814853 0.104882 0.0767014
0 0.763996 0.871554 0.247867 0.117533
0 0.289349 0.838503 0.161565 0.0832156
0 0.771858 0.696536 0.0494452 0.0402139
0 0.29202 0.832457 0.129212 0.0780912
0 0.748605 0.868607 0.238698 0.0922068
0 0.267302 0.84518 0.162141 0.0866262
0 0.598275 0.650583 0.0615225 0.0348923
0 0.676167 0.611773 0.044828 0.0430383
0 0.660148 0.856871 0.23291 0.117855
0 0.168717 0.858669 0.169387 0.0866384
0 0.672442 0.690896 0.0397364 0.0373863
0 0.62007 0.688174 0.0335953 0.0325033
0 0.509592 0.648887 0.0513901 0.0314559
0 0.498616 0.646621 0.0476841 0.0340229
0 0.614879 0.581156 0.0260912 0.0272045
0 0.768473 0.729198 0.0569021 0.0425715
0 0.152942 0.946494 0.18903 0.097275
0 0.647516 0.626457 0.0481725 0.0465146
0 0.57747 0.672152 0.0420807 0.032799
0 0.79262 0.954621 0.382553 0.0907577
0 0.755779 0.726853 0.0773861 0.043189
0 0.720597 0.725716 0.0489851 0.0419636
0 0.0985095 0.951047 0.197019 0.0961042
0 0.607545 0.623118 0.043954 0.0425827
0 0.712568 0.72538 0.0657387 0.0453005
0 0.735697 0.944175 0.340509 0.103211
0 0.581715 0.62217 0.0820819 0.0480286
0 0.570957 0.619316 0.0798077 0.0456017
0 0.548786 0.613578 0.0379196 0.0329459
0 0.558036 0.615982 0.0566221 0.037267
0 0.706217 0.722382 0.0531808 0.0444738
0 0.094204 0.950527 0.188408 0.0960101
0 0.598647 0.622217 0.0454218 0.0445086
0 0.697459 0.723807 0.0727676 0.0458298
0 0.727172 0.941168 0.346064 0.117665
0 0.559058 0.618567 0.0752518 0.0442917
0 0.49535 0.669675 0.0295046 0.0302673
0 0.569776 0.621276 0.0810474 0.0476425
0 0.590382 0.62344 0.0624684 0.0468201
0 0.648447 0.717603 0.0364054 0.0316771
0 0.545569 0.614002 0.0444567 0.0350072
0 0.571033 0.707239 0.0418793 0.035554
0 0.791975 0.801643 0.131502 0.06691
0 0.820818 0.803246 0.0777371 0.0617752
0 0.577111 0.631579 0.0442177 0.0341227
0 0.773393 0.79484 0.152614 0.0612829
0 0.646163 0.642057 0.0505545 0.0542236
0 0.545242 0.70761 0.0737139 0.037036
0 0.583417 0.632579 0.0568621 0.0390505
0 0.534295 0.708229 0.0478848 0.0352407
0 0.587771 0.739935 0.0486954 0.0438501
0 0.86216 0.869819 0.175735 0.0847084
0 0.661908 0.661105 0.0807093 0.0554072
0 0.578888 0.740368 0.0675535 0.0461128
0 0.542737 0.740042 0.0415738 0.0387093
0 0.596676 0.644864 0.0602814 0.0380758
0 0.565673 0.741931 0.0873949 0.0500083
0 0.835949 0.868006 0.162231 0.0701449
0 0.589363 0.643638 0.0406685 0.0356654
0 0.902421 0.88199 0.110079 0.0830153
0 0.812509 0.866529 0.168779 0.0917915
0 0.548902 0.737911 0.0452404 0.0427844
0 0.503463 0.739345 0.0425505 0.0370795
0 0.551864 0.642194 0.041619 0.0361979
0 0.558654 0.646641 0.0625103 0.0435008
0 0.800969 0.85791 0.162133 0.0708795
0 0.773157 0.856251 0.11396 0.0645264
0 0.529981 0.738615 0.083712 0.0473428
