0 0.758459 0.917776 0.286214 0.136481
0 0.966202 0.642667 0.0438118 0.0400673
0 0.919438 0.670585 0.0418234 0.0397181
0 0.468019 0.62177 0.0484401 0.0432777
0 0.405194 0.613181 0.0464296 0.0342487
0 0.623013 0.70531 0.0435076 0.0395699
0 0.877857 0.669401 0.0434292 0.0331881
0 0.563133 0.704494 0.0405011 0.0330617
0 0.171577 0.970902 0.133841 0.0575834
0 0.95584 0.644941 0.0534199 0.0391683
0 0.789355 0.938813 0.359331 0.122374
0 0.926322 0.675599 0.0551819 0.0395075
0 0.41254 0.675382 0.0468622 0.0323533
0 0.458737 0.627143 0.0494774 0.0403229
0 0.748553 0.936702 0.251793 0.123392
0 0.402957 0.676017 0.0660389 0.0347117
0 0.615594 0.712357 0.0556575 0.0433325
0 0.639679 0.722354 0.0439473 0.0403241
0 0.422779 0.680544 0.0371157 0.0306789
0 0.981271 0.65107 0.0373188 0.0354418
0 0.415176 0.680012 0.053082 0.0334994
0 0.471823 0.629929 0.0414558 0.0393458
0 0.806417 0.940976 0.378189 0.118048
0 0.396954 0.680099 0.0516241 0.0338328
0 0.907968 0.678793 0.0499832 0.0362043
0 0.573169 0.719054 0.0374326 0.034448
0 0.953985 0.67953 0.0456749 0.0367936
0 0.902519 0.677637 0.0369953 0.0350611
0 0.709552 0.939604 0.231635 0.120792
0 0.339255 0.80498 0.112925 0.0553818
0 0.356045 0.804064 0.0790563 0.0596146
0 0.388327 0.697479 0.0393104 0.0386019
0 0.384388 0.75293 0.0777077 0.0546387
0 0.285669 0.718111 0.0928462 0.0705245
0 0.191024 0.969218 0.262988 0.0615644
0 0.371567 0.755789 0.12127 0.0544909
1 0.952577 0.628431 0.0366152 0.0359203
0 0.395569 0.62251 0.0330226 0.0289691
0 0.39091 0.750886 0.0611282 0.0476905
0 0.934437 0.64268 0.0449409 0.0343764
0 0.360635 0.854093 0.152995 0.0757028
0 0.375194 0.611242 0.0391323 0.0312276
0 0.366709 0.611402 0.0471915 0.0314039
0 0.298356 0.784231 0.210297 0.0968333
0 0.272038 0.83005 0.257465 0.159834
0 0.942404 0.647799 0.0325766 0.03109
0 0.310617 0.915491 0.193054 0.0994146
0 0.363302 0.779433 0.0603404 0.0551674
0 0.171717 0.904736 0.334168 0.181538
0 0.410266 0.670182 0.046151 0.0398149
0 0.124289 0.909275 0.244875 0.165775
0 0.307127 0.629233 0.0368701 0.0300438
0 0.314693 0.628859 0.0337025 0.0294296
0 0.633196 0.644574 0.0454713 0.0408119
0 0.425589 0.715974 0.0619443 0.0567581
0 0.364316 0.720439 0.0920682 0.0536189
0 0.407572 0.715093 0.103802 0.0529889
0 0.645706 0.657216 0.0474018 0.0435006
0 0.379961 0.742046 0.131444 0.0683762
0 0.328887 0.749566 0.0925045 0.0642494
0 0.35209 0.745795 0.143358 0.0750716
0 0.404792 0.745964 0.0752613 0.0621066
0 0.240836 0.674341 0.0524245 0.0343651
0 0.224975 0.678307 0.0314112 0.0311239
0 0.233766 0.67628 0.0458939 0.0338651
0 0.281746 0.665501 0.0425824 0.0354808
0 0.4123 0.748132 0.0570595 0.0571035
0 0.638229 0.661237 0.0650293 0.0452087
0 0.677283 0.671031 0.0487535 0.0456575
0 0.301149 0.675336 0.0468038 0.0345678
0 0.400884 0.775102 0.0890391 0.0678819
0 0.385812 0.773004 0.123984 0.0703765
0 0.29154 0.676641 0.0641331 0.0376279
0 0.346225 0.772872 0.157713 0.0779297
0 0.308562 0.675022 0.0337831 0.0328962
0 0.326691 0.777918 0.114412 0.0796481
0 0.223464 0.690095 0.0463139 0.03336
0 0.664791 0.670948 0.0703539 0.0402212
0 0.216577 0.690792 0.0378203 0.0327744
0 0.238895 0.905764 0.289126 0.175732
0 0.17922 0.73029 0.104885 0.0529909
0 0.691475 0.71824 0.131971 0.0573362
0 0.106297 0.750577 0.0749115 0.040862
0 0.698589 0.713664 0.097648 0.0562338
0 0.206799 0.727984 0.0846303 0.043823
0 0.168658 0.736793 0.0976045 0.0540985
0 0.689571 0.723034 0.159228 0.0691423
0 0.0953152 0.753895 0.0560071 0.0359281
0 0.21551 0.728671 0.0617342 0.0418167
0 0.0912902 0.750443 0.045623 0.0362279
0 0.781401 0.766742 0.158734 0.0815043
0 0.178966 0.774506 0.124592 0.0663921
0 0.161682 0.780747 0.143101 0.0797707
0 0.138905 0.787293 0.130555 0.0756126
0 0.765184 0.760316 0.1347 0.0632848
0 0.200999 0.773344 0.0790747 0.0526677
0 0.210195 0.985187 0.0772232 0.0296265
0 0.0948181 0.801452 0.120348 0.0618871
0 0.0512872 0.813196 0.0749522 0.0485087
0 0.119632 0.796766 0.138533 0.065789
0 0.261228 0.986073 0.0761281 0.0278541
0 0.820251 0.781196 0.156461 0.0844846
0 0.173652 0.787999 0.128547 0.0720178
0 0.797387 0.781755 0.144912 0.0792221
0 0.155881 0.79573 0.143887 0.0854806
0 0.18857 0.783675 0.101733 0.068708
0 0.836774 0.78512 0.124562 0.0723373
0 0.0600275 0.823652 0.111678 0.0612883
0 0.106697 0.806451 0.128408 0.0658216
0 0.906993 0.919308 0.180919 0.154754
0 0.0377337 0.912449 0.0754673 0.153798
0 0.0318215 0.928908 0.0627363 0.124166
1 0.919649 0.766213 0.103237 0.0559481
1 0.768172 0.74774 0.0686146 0.0557002
1 0.693452 0.737452 0.0974991 0.0582728
1 0.675408 0.737855 0.0993018 0.0605921
1 0.642728 0.73397 0.0697084 0.0598709
1 0.626634 0.73439 0.0877099 0.0621028
1 0.65536 0.772998 0.0965511 0.0673238
1 0.634114 0.772702 0.101816 0.0701708
1 0.637589 0.769491 0.145869 0.0757515
1 0.664751 0.88853 0.187992 0.136818
1 0.617361 0.925302 0.22452 0.148178
0 0.985369 0.831474 0.0292616 0.0508931
0 0.921522 0.949412 0.14263 0.101176
0 0.735467 0.802242 0.169795 0.0931791
0 0.692139 0.802432 0.130044 0.0882248
0 0.466188 0.810483 0.178996 0.105403
0 0.685636 0.939872 0.241746 0.120257
0 0.765554 0.646237 0.0470247 0.0393636
0 0.408251 0.811702 0.0924737 0.0702812
0 0.387131 0.816871 0.172854 0.107865
0 0.601506 0.940049 0.231379 0.119903
0 0.319736 0.820417 0.0793369 0.0617823
0 0.792716 0.631565 0.0383993 0.0346464
0 0.689757 0.639912 0.0439383 0.0420965
0 0.328714 0.824476 0.096953 0.0733297
0 0.598299 0.597004 0.0368575 0.0487155
0 0.425047 0.858094 0.213795 0.13981
0 0.881108 0.642686 0.0492668 0.0387049
0 0.660715 0.60269 0.0535185 0.0505536
0 0.357529 0.854789 0.0754268 0.0698964
0 0.368845 0.859948 0.094239 0.0794057
0 0.762038 0.652824 0.0468092 0.0498051
0 0.641755 0.971958 0.264257 0.0560847
0 0.650167 0.604267 0.0763687 0.0541478
0 0.706705 0.652555 0.0385746 0.0307304
0 0.374762 0.86023 0.217776 0.150889
0 0.615923 0.60312 0.043878 0.0504262
0 0.83297 0.640773 0.0385006 0.0360495
1 0.762261 0.632523 0.0409397 0.0502841
0 0.307731 0.863851 0.0773748 0.0755812
0 0.71351 0.648923 0.0454096 0.0483157
0 0.592711 0.971883 0.260029 0.0562344
0 0.416995 0.927499 0.283372 0.142998
0 0.68972 0.61042 0.0547251 0.0584948
0 0.971566 0.665299 0.0394037 0.0346139
0 0.81884 0.677474 0.0480852 0.0447222
1 0.87618 0.655535 0.0347582 0.044552
0 0.813985 0.671928 0.0552385 0.054804
0 0.958071 0.662745 0.0579874 0.0357824
0 0.946135 0.662597 0.0464554 0.034024
0 0.980006 0.670933 0.035936 0.037646
0 0.832126 0.6879 0.0476404 0.0451651
0 0.948301 0.668006 0.0328426 0.0329488
0 0.826139 0.683453 0.0560814 0.048047
0 0.439429 0.948131 0.326807 0.0942191
0 0.303562 0.983997 0.0943843 0.0316465
0 0.753301 0.680452 0.04359 0.0364231
0 0.445164 0.949103 0.221347 0.0994288
0 0.955286 0.669454 0.0444714 0.0343597
0 0.419732 0.954473 0.2152 0.0820225
0 0.768824 0.686674 0.0962542 0.0402121
0 0.760244 0.68471 0.065822 0.0406184
0 0.690661 0.62612 0.0362849 0.0338076
0 0.90634 0.662669 0.0374119 0.0358646
1 0.810712 0.654542 0.0351589 0.0450251
0 0.892969 0.661783 0.0624771 0.0388649
0 0.366936 0.948763 0.336467 0.0940023
0 0.689226 0.675188 0.046093 0.0379438
0 0.753859 0.675523 0.0532665 0.0510831
0 0.390392 0.947807 0.234509 0.100777
0 0.355645 0.956385 0.236377 0.0779453
0 0.912199 0.663426 0.0311932 0.0372621
0 0.882021 0.660873 0.0589083 0.0380608
0 0.908951 0.736971 0.0658321 0.0525215
0 0.886643 0.735894 0.107468 0.060789
0 0.719975 0.648218 0.0451468 0.0396636
0 0.806977 0.723462 0.0607109 0.0465436
1 0.566243 0.719397 0.0246275 0.0331945
0 0.765398 0.592363 0.0388338 0.0312449
0 0.657619 0.616986 0.0340838 0.029597
0 0.76615 0.679914 0.0444555 0.0338796
0 0.773268 0.680418 0.0308065 0.0318136
0 0.929579 0.810324 0.140842 0.0886066
0 0.68012 0.631925 0.0367617 0.0320938
0 0.757183 0.679143 0.0613787 0.036544
0 0.712633 0.682441 0.0311478 0.0298576
0 0.89375 0.814427 0.212499 0.113129
0 0.685825 0.680336 0.0369608 0.0310422
0 0.707472 0.682233 0.042873 0.0325221
0 0.917564 0.830727 0.164367 0.0953138
0 0.696422 0.683704 0.0330437 0.0314714
0 0.70288 0.683674 0.0462824 0.0341906
0 0.727154 0.685817 0.0334476 0.0323601
0 0.629966 0.63581 0.0388033 0.0310318
0 0.843415 0.747697 0.0492794 0.0419954
0 0.875088 0.616172 0.0327061 0.0290164
0 0.689823 0.663131 0.0326658 0.0346242
0 0.803124 0.674224 0.0309852 0.0309382
0 0.695232 0.664492 0.0472642 0.0379186
0 0.820857 0.615823 0.0447311 0.0335258
0 0.703043 0.668525 0.0671965 0.041295
0 0.795765 0.743748 0.0515467 0.0391658
0 0.829605 0.745864 0.07395 0.0430935
0 0.978401 0.61634 0.0393898 0.0316692
0 0.696868 0.796048 0.118562 0.0552419
0 0.718879 0.797713 0.0715948 0.0566167
0 0.703048 0.618222 0.0393044 0.0330714
0 0.651466 0.691544 0.0453681 0.0341318
0 0.661997 0.787235 0.0451935 0.0447522
0 0.546485 0.686396 0.0659922 0.0516429
0 0.555684 0.688512 0.0906425 0.0541359
0 0.6751 0.789521 0.0758443 0.0506547
0 0.975926 0.615794 0.0481477 0.0367798
0 0.68981 0.843468 0.112384 0.0661463
0 0.624044 0.711238 0.0374481 0.0334085
0 0.511686 0.709709 0.0825709 0.0573619
0 0.676595 0.625419 0.0299795 0.029939
0 0.673732 0.839981 0.11959 0.0639348
0 0.522279 0.708779 0.113702 0.0513486
0 0.500215 0.705627 0.0581062 0.0563349
0 0.616299 0.709511 0.0542385 0.0379407
0 0.709811 0.845418 0.0710749 0.0682795
0 0.603752 0.707136 0.0720575 0.0407865
0 0.589054 0.705677 0.0736029 0.044415
0 0.630081 0.863427 0.144259 0.0785877
0 0.461958 0.72322 0.0949488 0.0622439
0 0.626341 0.625499 0.0325617 0.0310014
0 0.578327 0.718831 0.037175 0.0353813
0 0.449983 0.716827 0.0677788 0.0650228
0 0.890248 0.616597 0.0363386 0.0329521
0 0.474355 0.723472 0.130129 0.0554584
0 0.651333 0.8619 0.102223 0.0737111
0 0.929904 0.621748 0.0409714 0.0317296
0 0.626001 0.647758 0.0383604 0.0374255
0 0.44308 0.798407 0.174607 0.0856174
0 0.469234 0.801011 0.220732 0.108828
0 0.971541 0.642014 0.044248 0.0356911
0 0.578121 0.797238 0.0495519 0.0482285
0 0.617734 0.648733 0.0576506 0.0415675
0 0.425946 0.795303 0.123623 0.0902532
0 0.527728 0.787335 0.18172 0.0723961
0 0.441003 0.912307 0.307481 0.167225
0 0.635639 0.672789 0.0471659 0.0389445
0 0.410326 0.925874 0.364967 0.143402
0 0.966063 0.656449 0.0439075 0.0372508
0 0.616981 0.679597 0.0563673 0.0456458
0 0.365913 0.924562 0.249839 0.139086
0 0.60105 0.683469 0.0914743 0.0496356
0 0.515692 0.70019 0.0474657 0.0399206
0 0.617186 0.723938 0.0940863 0.0595191
0 0.602694 0.72582 0.139097 0.067334
0 0.503235 0.768076 0.0669611 0.046434
0 0.597896 0.788537 0.199439 0.0818666
0 0.515881 0.897903 0.198966 0.107549
0 0.608714 0.792045 0.135399 0.0809484
0 0.496936 0.885472 0.17202 0.0842073
0 0.529561 0.787646 0.0942772 0.0646777
0 0.473171 0.87591 0.105542 0.0814875
0 0.502421 0.931004 0.216858 0.116075
0 0.591455 0.81315 0.183945 0.094691
0 0.516694 0.807561 0.0968214 0.0694702
0 0.574709 0.917859 0.289674 0.15696
0 0.985508 0.779451 0.0289835 0.0435524
0 0.889043 0.765127 0.117503 0.0603661
0 0.924662 0.770193 0.150676 0.0572121
0 0.946132 0.773284 0.107737 0.0569605
0 0.866803 0.76085 0.112943 0.057495
0 0.855134 0.759668 0.154266 0.0633074
0 0.882475 0.761142 0.0775074 0.0584068
0 0.787255 0.753631 0.110522 0.0572718
0 0.817155 0.756114 0.150877 0.0559268
0 0.721104 0.744607 0.11169 0.0590426
0 0.781015 0.751541 0.12996 0.0589256
0 0.806452 0.750891 0.0746164 0.0586547
0 0.741881 0.747433 0.158477 0.0590202
0 0.757211 0.755509 0.1306 0.0642312
0 0.700529 0.749842 0.114105 0.0589589
0 0.786644 0.753214 0.0680723 0.0597549
0 0.756946 0.757006 0.176615 0.0678533
0 0.718726 0.754099 0.153183 0.0558133
0 0.680709 0.744666 0.0724295 0.0567599
0 0.652853 0.843315 0.187799 0.0820675
0 0.692199 0.838304 0.264634 0.0910116
0 0.62212 0.838267 0.128645 0.0850408
0 0.71064 0.843226 0.165158 0.0921894
0 0.651346 0.910983 0.285587 0.133154
0 0.813858 0.84539 0.131489 0.0746371
0 0.835395 0.846837 0.091072 0.0750427
0 0.71299 0.860058 0.105039 0.0564467
0 0.805192 0.842337 0.179131 0.0738843
0 0.705764 0.856116 0.08615 0.0470123
0 0.59754 0.833 0.131498 0.0735526
0 0.584394 0.836317 0.176633 0.0701786
0 0.502983 0.85273 0.082898 0.0533689
0 0.614657 0.829034 0.101291 0.0711304
0 0.755783 0.927461 0.292461 0.13842
0 0.809371 0.720983 0.0572346 0.0433884
0 0.635263 0.660633 0.0570749 0.0319077
0 0.227044 0.858286 0.200905 0.077304
0 0.755198 0.713345 0.0536366 0.0339714
0 0.623412 0.660816 0.0585059 0.0350273
0 0.692594 0.620382 0.0842499 0.0468281
0 0.73277 0.621489 0.0451464 0.0426826
0 0.802398 0.715736 0.0625074 0.0428055
0 0.240918 0.850029 0.13112 0.0778435
0 0.683008 0.614796 0.0631571 0.0383598
0 0.620087 0.918874 0.265845 0.137225
0 0.605003 0.616304 0.0693625 0.0438741
0 0.0915087 0.884882 0.170172 0.097745
0 0.690778 0.7078 0.0486397 0.0446266
0 0.51678 0.658877 0.0679801 0.0361415
0 0.588628 0.618114 0.099246 0.0450345
0 0.580622 0.613284 0.0829717 0.0409116
0 0.615103 0.618803 0.048735 0.0457545
0 0.633132 0.706682 0.0440128 0.0346252
0 0.663105 0.585563 0.0308199 0.0255849
0 0.566928 0.613589 0.0515638 0.0374013
0 0.540834 0.913929 0.257799 0.135776
0 0.60915 0.703578 0.0481827 0.0442703
0 0.0405669 0.885666 0.0811338 0.0887094
0 0.542331 0.616034 0.0554876 0.0481855
0 0.971336 0.696359 0.0557613 0.0436244
1 0.949746 0.594438 0.0230646 0.0347577
0 0.457472 0.657867 0.0548264 0.0350278
0 0.559517 0.701296 0.0352114 0.0319856
0 0.448468 0.65977 0.0670131 0.0360069
0 0.52441 0.6167 0.091997 0.0441772
0 0.501911 0.614025 0.0554789 0.0380107
0 0.562208 0.704194 0.0469996 0.0346111
0 0.0701633 0.942356 0.129725 0.10214
0 0.739502 0.741143 0.069017 0.0488235
0 0.561923 0.675741 0.0476841 0.0324799
0 0.597252 0.617676 0.0394667 0.0331802
0 0.660903 0.6293 0.0375389 0.0452217
0 0.553273 0.675993 0.0645893 0.0353143
0 0.713385 0.738601 0.114423 0.0517956
0 0.683249 0.731155 0.0519341 0.0357137
0 0.592121 0.619271 0.0347084 0.0308821
0 0.693096 0.736247 0.0741062 0.0405942
0 0.601035 0.621201 0.0502512 0.0362437
0 0.0250774 0.95078 0.0501547 0.0926847
0 0.681417 0.73543 0.0603344 0.0506499
0 0.510049 0.675882 0.0423449 0.030923
0 0.540176 0.619003 0.0376045 0.0292333
0 0.623464 0.729885 0.0519552 0.0378138
0 0.502573 0.675536 0.0574593 0.0330536
0 0.653911 0.733741 0.101853 0.0489527
0 0.631294 0.734586 0.071493 0.0411814
0 0.591529 0.626396 0.0628653 0.0449315
0 0.600748 0.626257 0.0432247 0.0434512
0 0.668002 0.73621 0.0922482 0.0555792
0 0.629056 0.732703 0.0532763 0.0493721
0 0.459379 0.675795 0.042643 0.0309024
0 0.548168 0.624776 0.0514831 0.046801
0 0.490716 0.618914 0.0381508 0.0293249
0 0.572576 0.729669 0.0550501 0.0373741
0 0.577948 0.734305 0.0705097 0.0401433
0 0.628574 0.75855 0.108828 0.0525871
0 0.450284 0.690561 0.0613464 0.0380788
0 0.516178 0.631625 0.0954635 0.0523918
0 0.511567 0.627203 0.0786989 0.0452655
0 0.534443 0.632608 0.0867334 0.0521426
0 0.61973 0.758675 0.156089 0.0581017
0 0.643676 0.757384 0.0700418 0.0541005
0 0.60557 0.756617 0.120098 0.0525983
0 0.733336 0.853847 0.164734 0.0860644
0 0.5038 0.729543 0.0613266 0.0456577
0 0.69796 0.847662 0.133622 0.064776
0 0.472604 0.731294 0.0496648 0.0369598
0 0.759293 0.858098 0.105121 0.0795484
0 0.486607 0.729345 0.0821686 0.0399338
0 0.552378 0.642736 0.0484509 0.0408094
0 0.718442 0.870216 0.16721 0.0953303
0 0.493453 0.736985 0.052482 0.0444738
0 0.450066 0.737762 0.0390362 0.0374102
0 0.596763 0.661052 0.0794719 0.0531094
0 0.69813 0.866414 0.150804 0.0745611
0 0.539509 0.644825 0.0549642 0.0423667
0 0.457504 0.740395 0.0570106 0.0398196
0 0.480768 0.738908 0.0794174 0.0485095
0 0.402737 0.869419 0.135205 0.0726662
0 0.591919 0.722131 0.0544025 0.0439906
0 0.55482 0.707863 0.110954 0.070314
0 0.384607 0.700319 0.0370852 0.0411026
0 0.275083 0.718923 0.086391 0.074058
0 0.376366 0.758303 0.0612125 0.0508959
0 0.876137 0.625904 0.0593903 0.0351931
0 0.40524 0.623491 0.035902 0.0307702
0 0.123997 0.972214 0.247995 0.0555712
0 0.290375 0.722667 0.12223 0.0796903
0 0.183007 0.727656 0.0434054 0.0401187
0 0.153726 0.799309 0.0937128 0.0592303
0 0.0487759 0.765698 0.0975519 0.0945971
0 0.142288 0.802982 0.128948 0.0643476
0 0.178488 0.611228 0.0460469 0.0322536
0 0.168531 0.611976 0.0498881 0.0328438
0 0.0612378 0.617181 0.0308324 0.02995
0 0.760642 0.717313 0.0635483 0.0492822
0 0.706889 0.839696 0.138316 0.0832769
0 0.73684 0.84186 0.137517 0.0807541
0 0.690396 0.714336 0.12203 0.0537248
0 0.750261 0.719449 0.0836999 0.0541344
0 0.699602 0.828774 0.113346 0.0696805
0 0.717403 0.717835 0.149278 0.0531362
0 0.675472 0.712578 0.0775055 0.0510351
0 0.473263 0.832475 0.162687 0.0749132
0 0.834216 0.717499 0.0397064 0.0357038
0 0.524325 0.706059 0.0417749 0.0448452
0 0.244611 0.624254 0.0306025 0.033918
0 0.790771 0.713735 0.0479778 0.0339488
0 0.517195 0.7073 0.0554708 0.0484701
0 0.453823 0.828001 0.117042 0.0698307
0 0.504814 0.708814 0.076226 0.0519283
0 0.105686 0.633124 0.0381584 0.0378866
0 0.96455 0.726455 0.0708991 0.0541786
0 0.349327 0.835925 0.177175 0.0753165
0 0.703384 0.706654 0.0409533 0.0385518
0 0.407303 0.707604 0.0440191 0.0406199
0 0.326454 0.834219 0.117347 0.069562
0 0.659469 0.704503 0.0360629 0.0347603
0 0.397393 0.711105 0.0636509 0.046461
0 0.319741 0.71528 0.0794059 0.049011
0 0.351027 0.717567 0.139433 0.0471929
0 0.625039 0.699538 0.0392382 0.038223
0 0.25159 0.848161 0.148009 0.0787777
0 0.332379 0.71066 0.0469016 0.041279
0 0.583139 0.701447 0.0311584 0.0291448
0 0.275698 0.837712 0.138657 0.0773984
0 0.882501 0.713124 0.118475 0.0537075
0 0.0187338 0.64332 0.0335018 0.0442223
0 0.947872 0.711697 0.0749557 0.0492826
0 0.310539 0.717474 0.0870084 0.0486735
0 0.92832 0.713128 0.123845 0.049772
0 0.323298 0.714222 0.0645108 0.0466972
0 0.295722 0.721885 0.121093 0.0503665
0 0.297765 0.835119 0.0930909 0.0802266
0 0.239746 0.840814 0.115209 0.0696454
0 0.586121 0.701763 0.0404099 0.0330674
0 0.920231 0.713157 0.159538 0.0537117
0 0.463237 0.852872 0.154466 0.0833593
0 0.834489 0.726599 0.0440947 0.0385633
0 0.221283 0.626781 0.0421484 0.0376334
0 0.502914 0.71462 0.066716 0.0523865
1 0.0883675 0.637267 0.0263027 0.0279648
0 0.483269 0.719754 0.107924 0.0549477
0 0.43111 0.721455 0.09309 0.0490709
0 0.435872 0.852323 0.133721 0.0836067
0 0.786211 0.723779 0.0414558 0.0345243
0 0.427814 0.8456 0.106569 0.0728795
0 0.472254 0.722726 0.147758 0.0527035
0 0.412956 0.866001 0.173157 0.089727
0 0.796471 0.723756 0.0442279 0.0366179
0 0.468069 0.718895 0.056785 0.0537707
0 0.17423 0.632928 0.0500442 0.032907
0 0.0167315 0.643668 0.0326482 0.0342804
0 0.0251584 0.642454 0.0432798 0.0333977
0 0.446439 0.722381 0.0987523 0.0598907
0 0.434979 0.722519 0.136364 0.0629795
0 0.747924 0.723104 0.0428091 0.0357094
0 0.377189 0.854944 0.0963592 0.0713638
0 0.391756 0.862412 0.124716 0.0805186
0 0.394322 0.719122 0.107075 0.0641108
0 0.211736 0.885351 0.175769 0.0945122
0 0.60003 0.710118 0.0489686 0.0400068
0 0.295728 0.723804 0.0434873 0.0512761
0 0.875245 0.72179 0.127263 0.0555768
0 0.888672 0.726095 0.169541 0.0633558
0 0.584203 0.712488 0.0819984 0.0431585
0 0.563442 0.71251 0.0501221 0.038001
0 0.568973 0.717068 0.0650631 0.0411456
0 0.282956 0.727781 0.0663343 0.0491205
0 0.262594 0.939365 0.204554 0.12127
0 0.715534 0.74025 0.0476165 0.0422974
0 0.036235 0.652108 0.043478 0.0355349
0 0.964653 0.742883 0.0706949 0.0507198
0 0.972571 0.742904 0.0538292 0.057365
0 0.665547 0.739519 0.0472094 0.0383306
0 0.703914 0.741169 0.072682 0.0456022
0 0.321792 0.770436 0.164774 0.082309
0 0.0241934 0.651465 0.0454388 0.0339738
0 0.711618 0.749871 0.0672462 0.0478561
0 0.0219364 0.65476 0.0438728 0.0406336
0 0.970828 0.74879 0.0583433 0.0473442
0 0.332351 0.762745 0.0971511 0.0596647
0 0.352371 0.759837 0.0590738 0.0621758
0 0.697144 0.752302 0.101587 0.0497285
0 0.23672 0.769474 0.0838027 0.0564865
0 0.239978 0.954758 0.287999 0.0883605
0 0.674385 0.746651 0.0592148 0.0392525
0 0.319785 0.766683 0.128955 0.0634782
0 0.683364 0.745469 0.0817238 0.039977
0 0.953486 0.76638 0.0930288 0.0708934
0 0.647343 0.745247 0.0513235 0.0455203
0 0.25365 0.769847 0.120605 0.0620178
0 0.161925 0.782318 0.0985206 0.0583171
0 0.268926 0.766961 0.0922122 0.0624067
0 0.925654 0.767108 0.148692 0.0713577
0 0.605574 0.746299 0.0667627 0.0377146
0 0.243546 0.775069 0.16008 0.0618117
0 0.608608 0.751692 0.0733171 0.0411474
0 0.219779 0.781681 0.160582 0.0624819
0 0.621269 0.74753 0.107672 0.0446879
0 0.936275 0.760057 0.12745 0.069794
0 0.616509 0.745542 0.074395 0.0474817
0 0.919233 0.755206 0.15205 0.0749931
0 0.135606 0.786888 0.0977489 0.05694
0 0.601059 0.748861 0.111249 0.0475914
0 0.145018 0.789361 0.130442 0.0585505
0 0.217094 0.792657 0.170466 0.0778094
0 0.268658 0.762704 0.0502283 0.0495796
0 0.894291 0.752295 0.166567 0.0739904
0 0.175121 0.965068 0.204983 0.0687494
0 0.972108 0.786769 0.0557846 0.0593076
0 0.665044 0.805517 0.112319 0.0594007
0 0.687792 0.804262 0.0679155 0.0634313
0 0.170276 0.847385 0.225988 0.090374
0 0.645193 0.803882 0.0863005 0.0511883
0 0.10819 0.857186 0.174122 0.0784704
0 0.691254 0.828688 0.128792 0.0685487
0 0.137288 0.887084 0.267493 0.124358
0 0.712488 0.828172 0.085558 0.0683225
0 0.115923 0.89209 0.231846 0.125872
0 0.649346 0.825449 0.120955 0.0636632
0 0.968148 0.803745 0.0637049 0.0631203
0 0.666248 0.824663 0.0868961 0.067668
0 0.631679 0.822457 0.0989616 0.0607248
0 0.109693 0.893872 0.218522 0.127598
0 0.647953 0.826925 0.114119 0.0659251
0 0.966436 0.804976 0.0671279 0.0649829
0 0.664373 0.825612 0.0840972 0.068603
0 0.629491 0.823627 0.10553 0.0628962
0 0.717141 0.943702 0.185244 0.101539
0 0.0726916 0.969211 0.145383 0.0615789
0 0.725513 0.968887 0.240035 0.0616416
0 0.512154 0.918702 0.322483 0.154524
0 0.912599 0.763739 0.113078 0.0502473
0 0.981529 0.731581 0.0369422 0.0521372
0 0.979652 0.747473 0.0375694 0.0832194
0 0.973304 0.774204 0.0503796 0.0476014
0 0.908344 0.758861 0.0892759 0.0483467
0 0.302423 0.9214 0.330023 0.151733
0 0.693744 0.732184 0.0664177 0.0442472
0 0.826369 0.725554 0.181603 0.064355
0 0.829333 0.723931 0.133097 0.0588994
0 0.701603 0.73762 0.0798418 0.0508354
0 0.849416 0.723164 0.0923344 0.0559878
0 0.185394 0.929234 0.32378 0.139087
0 0.722378 0.709928 0.0861454 0.0519793
0 0.582243 0.735225 0.075241 0.0421382
0 0.708445 0.709627 0.13138 0.0548847
0 0.664594 0.710199 0.0857677 0.065078
0 0.577871 0.729551 0.0606834 0.0404976
0 0.678446 0.710645 0.131626 0.0601987
0 0.145869 0.938196 0.285944 0.123609
0 0.662626 0.707444 0.111693 0.054689
0 0.654592 0.707763 0.14751 0.0596007
0 0.679899 0.706779 0.0778685 0.0522858
0 0.633046 0.707024 0.107881 0.0597335
0 0.540346 0.734992 0.0812092 0.0427406
0 0.534038 0.729908 0.0680626 0.0393834
0 0.155866 0.940869 0.309161 0.118261
0 0.693726 0.714591 0.0971104 0.0522435
0 0.556521 0.737906 0.0700537 0.047083
0 0.54432 0.733381 0.0381527 0.0397469
0 0.551248 0.733281 0.0550104 0.0420441
0 0.774533 0.796 0.194657 0.0873189
0 0.616127 0.841777 0.120093 0.0814522
0 0.640523 0.846424 0.151932 0.0770721
0 0.754946 0.799525 0.209056 0.114775
0 0.707409 0.779431 0.093918 0.0709424
0 0.661192 0.851391 0.15007 0.0683093
0 0.860933 0.883916 0.273567 0.136836
0 0.707488 0.94411 0.190386 0.102339
0 0.735937 0.945616 0.268712 0.103168
0 0.800376 0.873866 0.265972 0.128166
0 0.678856 0.945243 0.264012 0.104247
0 0.642966 0.94186 0.162185 0.10714
0 0.773385 0.874159 0.261866 0.129213
0 0.652606 0.947738 0.276539 0.0991948
0 0.620247 0.94365 0.175134 0.10257
0 0.864337 0.93593 0.265379 0.12814
0 0.958264 0.773293 0.0834728 0.0626226
0 0.889108 0.762666 0.199551 0.0640495
0 0.917082 0.766112 0.165836 0.0637895
0 0.859356 0.76091 0.155017 0.0609151
0 0.850716 0.757053 0.121545 0.0565767
0 0.954836 0.76813 0.0703667 0.0570546
0 0.940034 0.770009 0.100922 0.0580879
0 0.768137 0.750169 0.119872 0.0593155
0 0.757702 0.746193 0.169931 0.0604121
0 0.704424 0.741439 0.113177 0.0557557
0 0.728995 0.74367 0.155644 0.057336
0 0.791622 0.749093 0.0706482 0.061046
0 0.69144 0.738096 0.0792875 0.0544827
0 0.702694 0.767842 0.103396 0.0635579
0 0.717308 0.76703 0.0768368 0.0662743
0 0.687223 0.766553 0.171968 0.0675367
0 0.624929 0.764197 0.105932 0.0629405
0 0.653957 0.765988 0.161425 0.0646697
0 0.645229 0.867467 0.252149 0.11115
0 0.625455 0.867041 0.207488 0.0897128
0 0.679222 0.86561 0.195948 0.102716
0 0.615231 0.889193 0.27754 0.134666
0 0.918667 0.920854 0.162666 0.0993968
0 0.545939 0.866154 0.166666 0.103519
0 0.813221 0.665786 0.0339683 0.0310008
0 0.850536 0.671387 0.034693 0.0328125
0 0.915062 0.910361 0.169876 0.112225
0 0.410684 0.869493 0.178152 0.10965
0 0.75988 0.620236 0.0677315 0.0470011
0 0.910061 0.716524 0.0466667 0.0325993
0 0.902488 0.713044 0.0571621 0.0372716
0 0.839303 0.892182 0.275654 0.126642
0 0.296709 0.881215 0.170135 0.118779
0 0.657404 0.614112 0.0467603 0.0460289
0 0.725804 0.696437 0.0369816 0.0336234
0 0.278288 0.891474 0.223632 0.12108
