1 0.812273 0.928327 0.321932 0.142242
1 0.802958 0.935763 0.335251 0.128474
1 0.322753 0.827987 0.104567 0.0608888
1 0.727826 0.970349 0.195863 0.0569257
1 0.689215 0.963651 0.213604 0.0706749
1 0.260521 0.850792 0.227598 0.220995
1 0.236028 0.872819 0.256021 0.223036
1 0.320778 0.728188 0.0980895 0.0651271
1 0.488126 0.66642 0.0420052 0.0515279
1 0.336426 0.730083 0.0641868 0.0600174
1 0.272897 0.787159 0.171631 0.0917478
1 0.250179 0.789727 0.109664 0.0910993
1 0.154331 0.922173 0.286011 0.145513
1 0.655889 0.729486 0.107753 0.0642871
1 0.670279 0.727459 0.0784424 0.0636238
1 0.829774 0.80797 0.168943 0.090421
1 0.142992 0.804918 0.240279 0.099809
1 0.916692 0.847206 0.166616 0.103077
1 0.91782 0.856354 0.157241 0.138466
1 0.12084 0.907895 0.238316 0.149218
1 0.751148 0.713444 0.0894597 0.0457602
1 0.69782 0.704452 0.0518496 0.0488172
1 0.688538 0.706056 0.0695366 0.0526885
1 0.62544 0.701206 0.0611694 0.0480626
1 0.659736 0.841625 0.127442 0.0975502
1 0.639379 0.845484 0.138258 0.0908007
1 0.687158 0.957294 0.2039 0.0854129
1 0.118162 0.803457 0.230295 0.387692
1 0.79144 0.80418 0.147287 0.0927564
1 0.954031 0.95303 0.0894581 0.0939402
1 0.586593 0.785028 0.128558 0.0831375
1 0.779461 0.917232 0.196306 0.132412
1 0.60405 0.779077 0.0895226 0.0904466
1 0.773931 0.915301 0.164293 0.108897
1 0.837765 0.590323 0.0385689 0.0330813
1 0.494288 0.787097 0.117923 0.0878998
1 0.676054 0.914573 0.175279 0.106053
1 0.733502 0.590855 0.0327433 0.0347454
1 0.875199 0.630414 0.0456837 0.0517097
1 0.642952 0.912498 0.117808 0.108433
1 0.474801 0.791304 0.103297 0.0796183
1 0.590477 0.91297 0.169754 0.107237
1 0.411226 0.790712 0.130562 0.0838202
1 0.426739 0.787095 0.0950695 0.0886444
1 0.367608 0.79636 0.132294 0.0915344
1 0.547163 0.916171 0.171088 0.107778
1 0.61157 0.589124 0.0355878 0.0349965
1 0.741221 0.622847 0.0527413 0.0502716
1 0.333151 0.80286 0.135609 0.0927106
1 0.511082 0.924054 0.164716 0.108095
1 0.582809 0.588545 0.037554 0.0380363
1 0.711292 0.619314 0.040039 0.0451912
1 0.347791 0.817097 0.137602 0.102402
1 0.540426 0.939012 0.199116 0.121975
1 0.521425 0.944594 0.157227 0.110811
1 0.691675 0.611454 0.0407405 0.0741108
1 0.405434 0.849196 0.15361 0.125405
1 0.556492 0.973678 0.178456 0.0526435
1 0.767085 0.601443 0.0335932 0.0506132
1 0.361452 0.851033 0.163252 0.130366
1 0.515635 0.974119 0.163999 0.051762
1 0.782915 0.630605 0.0485517 0.0621699
1 0.299496 0.858608 0.178134 0.135699
1 0.458654 0.974553 0.174678 0.0508931
1 0.589077 0.590124 0.0283636 0.0322301
1 0.793473 0.639224 0.0363949 0.0507322
1 0.268467 0.949243 0.231771 0.0906619
1 0.690693 0.610148 0.0389435 0.0509829
1 0.691581 0.67867 0.0455488 0.0438405
1 0.766486 0.650901 0.0510298 0.0546692
1 0.512138 0.601034 0.0434658 0.0474696
1 0.593317 0.603233 0.0400679 0.0553922
1 0.78528 0.727666 0.0663192 0.0607821
1 0.845603 0.665119 0.0414047 0.0496841
1 0.755585 0.620272 0.0368719 0.0568621
1 0.650602 0.606738 0.0344812 0.0351125
1 0.524163 0.720765 0.0284163 0.033566
1 0.773526 0.730905 0.0843534 0.0615801
1 0.559066 0.719133 0.0284447 0.0332904
1 0.88677 0.804783 0.169475 0.0976072
1 0.886562 0.809617 0.140866 0.0977469
1 0.686873 0.616334 0.0269558 0.0320633
1 0.595208 0.656922 0.024766 0.0281137
1 0.821881 0.799681 0.1331 0.0920134
1 0.847534 0.814193 0.139374 0.0996557
1 0.637746 0.615698 0.0294096 0.0320702
1 0.687732 0.619414 0.028016 0.0353157
1 0.652239 0.736426 0.0650686 0.0470446
1 0.64389 0.733846 0.053817 0.0451946
1 0.663304 0.739112 0.0488889 0.0424568
1 0.913121 0.951407 0.173758 0.0971864
1 0.52746 0.703133 0.0249079 0.0348743
1 0.770778 0.64101 0.0331855 0.0455343
1 0.630895 0.639305 0.0390453 0.0405752
1 0.692388 0.807518 0.0744093 0.0552844
1 0.705721 0.808476 0.0584186 0.0492877
1 0.678651 0.801326 0.0708247 0.0543227
1 0.669681 0.799913 0.0516268 0.0514417
1 0.801985 0.662905 0.0301133 0.0451003
1 0.73112 0.852241 0.303734 0.142074
1 0.695316 0.845276 0.225507 0.14438
1 0.825115 0.678524 0.127136 0.0533127
1 0.520292 0.913728 0.327048 0.172423
1 0.470368 0.905899 0.210455 0.168406
1 0.633849 0.684254 0.113101 0.0587415
1 0.646681 0.680695 0.0971581 0.0504149
1 0.621346 0.732144 0.151362 0.102833
1 0.598112 0.94233 0.0288712 0.0348232
1 0.603354 0.802454 0.217089 0.176779
1 0.590696 0.871876 0.107996 0.0647163
1 0.625326 0.782148 0.156641 0.085629
1 0.714946 0.892161 0.244687 0.155111
1 0.0197549 0.831371 0.0378781 0.0480104
1 0.753326 0.954144 0.38145 0.0856417
1 0.0198144 0.832433 0.0377306 0.047945
1 0.755042 0.954198 0.384315 0.0864209
1 0.422618 0.943142 0.391007 0.113715
1 0.90188 0.737545 0.0593498 0.0499468
1 0.303316 0.949706 0.377874 0.092248
1 0.25913 0.953029 0.369547 0.0871479
1 0.767227 0.71724 0.072549 0.0531024
1 0.310109 0.955775 0.297612 0.087046
1 0.983623 0.732733 0.0247469 0.0472599
1 0.729449 0.713589 0.118419 0.0573746
1 0.75448 0.718417 0.0904461 0.0545876
1 0.18443 0.95532 0.260232 0.0893602
1 0.212654 0.953183 0.366682 0.0874906
1 0.738951 0.732343 0.0467854 0.04893
1 0.953003 0.739951 0.0276037 0.0427755
1 0.736032 0.811756 0.139349 0.0865739
1 0.697343 0.808486 0.123017 0.0751769
1 0.622755 0.878865 0.25102 0.13486
1 0.641877 0.88024 0.180776 0.11207
1 0.608714 0.804637 0.0629057 0.0651868
1 0.913471 0.93677 0.173058 0.118492
1 0.717328 0.904189 0.23371 0.149006
1 0.619012 0.896534 0.217748 0.14202
1 0.681055 0.833418 0.130493 0.0691467
1 0.718578 0.869338 0.103175 0.0710391
1 0.738399 0.871804 0.0994684 0.0791448
1 0.701788 0.864393 0.0986544 0.0690941
1 0.692689 0.8704 0.123449 0.0794545
1 0.691334 0.877018 0.148788 0.0945155
1 0.338617 0.818377 0.0929317 0.059834
1 0.270233 0.959488 0.225981 0.0779808
1 0.266956 0.963169 0.142228 0.0736617
1 0.489991 0.841919 0.0891091 0.0744006
1 0.473777 0.843091 0.121771 0.078142
1 0.313741 0.856041 0.114049 0.0730433
1 0.323993 0.848998 0.0948196 0.0713013
1 0.291749 0.856902 0.130373 0.0792676
1 0.651604 0.70443 0.0395241 0.035584
1 0.932183 0.720046 0.135635 0.0602966
1 0.286135 0.856762 0.10735 0.0773655
1 0.2553 0.861693 0.129897 0.0789736
1 0.297451 0.852935 0.0810946 0.0748154
1 0.658855 0.699284 0.0311239 0.0458275
1 0.309888 0.724863 0.0462952 0.0678927
1 0.273284 0.856278 0.109363 0.0752831
1 0.248185 0.862963 0.143945 0.0790798
1 0.287187 0.852842 0.0835708 0.0768094
1 0.240929 0.857785 0.11387 0.0701642
1 0.227055 0.96271 0.29755 0.0729017
1 0.675764 0.744039 0.0332634 0.0387838
1 0.665508 0.746189 0.0577741 0.0424629
1 0.75383 0.794914 0.0390652 0.0521374
1 0.732684 0.796366 0.0800258 0.0548475
1 0.750802 0.823536 0.096208 0.0630009
1 0.215259 0.878886 0.214941 0.139219
1 0.766528 0.823978 0.0629597 0.0628573
1 0.774458 0.824463 0.0454853 0.0562129
1 0.14932 0.883287 0.233783 0.138974
1 0.687188 0.818688 0.0951616 0.0598539
1 0.702496 0.817732 0.0593048 0.0615046
1 0.174928 0.878046 0.178555 0.122125
1 0.61708 0.915505 0.300173 0.160874
1 0.566954 0.912658 0.197187 0.148621
1 0.652499 0.722031 0.0991528 0.0630015
1 0.645515 0.724439 0.140083 0.0666911
1 0.543653 0.746698 0.0503157 0.0431914
1 0.151617 0.959564 0.303233 0.0752508
1 0.557168 0.750544 0.0745205 0.0484907
1 0.670008 0.721283 0.085393 0.0628604
1 0.390923 0.899122 0.0250584 0.0311642
1 0.681145 0.741209 0.170469 0.0700091
1 0.391483 0.961827 0.0271774 0.0384469
1 0.684723 0.739205 0.118523 0.0671795
1 0.558457 0.767396 0.0468489 0.0497739
1 0.762172 0.836345 0.202435 0.148915
1 0.653774 0.894073 0.143768 0.0833862
1 0.784687 0.823755 0.198065 0.102994
1 0.804985 0.883154 0.234027 0.155224
1 0.758843 0.873649 0.218949 0.143828
1 0.622192 0.947374 0.180822 0.0995153
1 0.641298 0.950914 0.258667 0.09076
1 0.77037 0.871578 0.174609 0.1218
1 0.865804 0.932295 0.266578 0.13541
1 0.924326 0.774704 0.129514 0.0682086
1 0.829802 0.758786 0.0657844 0.0634338
1 0.805836 0.758939 0.0927486 0.0614455
1 0.851777 0.76038 0.0958767 0.0646614
1 0.737312 0.751409 0.107083 0.054516
1 0.760851 0.752525 0.093808 0.0551114
1 0.574531 0.920492 0.289707 0.151467
1 0.888958 0.912841 0.21569 0.141928
1 0.809259 0.900219 0.228636 0.136743
1 0.751521 0.888294 0.206116 0.141579
