0 0.819326 0.937541 0.351669 0.124918
0 0.482145 0.625841 0.050918 0.0391425
0 0.982605 0.648009 0.0330639 0.0388222
0 0.958523 0.678902 0.0533787 0.0396697
0 0.439389 0.675277 0.0477441 0.0324156
0 0.773623 0.93593 0.242761 0.123885
0 0.416138 0.614694 0.0322245 0.0306386
0 0.636112 0.723239 0.0570709 0.0449977
0 0.422797 0.681431 0.0404351 0.0315715
0 0.959895 0.68255 0.0399937 0.0397196
0 0.982359 0.651104 0.034964 0.0350637
0 0.909461 0.679168 0.0485842 0.0364843
0 0.470404 0.630352 0.0459733 0.0414163
0 0.414493 0.680935 0.0583882 0.0349856
0 0.792039 0.951568 0.357882 0.0968641
0 0.615789 0.71492 0.0985187 0.0590672
0 0.397128 0.681348 0.0515173 0.0338141
0 0.577051 0.720306 0.0431616 0.036751
0 0.666342 0.808341 0.133626 0.0650027
0 0.394645 0.733036 0.0577382 0.0460289
0 0.64999 0.803803 0.148645 0.0640232
0 0.682402 0.811875 0.0845689 0.0637216
0 0.355296 0.73366 0.0396805 0.0375203
0 0.448372 0.653695 0.0801168 0.0513003
0 0.380693 0.730918 0.083165 0.0423147
0 0.369965 0.73042 0.070555 0.0390221
0 0.317175 0.826442 0.132717 0.0599864
0 0.716556 0.951433 0.305716 0.09454
0 0.448485 0.693733 0.0373631 0.0435268
0 0.355238 0.676758 0.0912856 0.0531423
0 0.302831 0.829452 0.0955323 0.0639743
0 0.272671 0.880564 0.150924 0.0792726
0 0.330542 0.691007 0.0933375 0.0589785
0 0.253905 0.88043 0.103315 0.0756165
0 0.418246 0.71251 0.0610615 0.0444428
0 0.419009 0.612906 0.0442035 0.0326569
0 0.432652 0.70108 0.0425991 0.041334
0 0.435941 0.759221 0.0702553 0.0510056
0 0.3307 0.722405 0.0944975 0.0786318
0 0.434552 0.62296 0.0301597 0.0296758
0 0.241802 0.971668 0.27727 0.0566644
0 0.274283 0.851733 0.288569 0.155408
0 0.245001 0.861642 0.222807 0.167096
0 0.314954 0.957229 0.230356 0.0812386
0 0.263467 0.830451 0.292186 0.128554
0 0.397852 0.658798 0.0430583 0.0379023
0 0.21217 0.907535 0.357498 0.177328
0 0.450452 0.673012 0.0450424 0.0374018
0 0.16999 0.91276 0.276521 0.159805
0 0.615363 0.623024 0.0324209 0.0307327
0 0.649603 0.675123 0.0452497 0.0552736
0 0.642185 0.673927 0.0605724 0.0478093
0 0.312673 0.796092 0.189778 0.0879344
0 0.631537 0.676278 0.0860109 0.0476832
0 0.158716 0.706008 0.0428649 0.0334293
0 0.208085 0.693157 0.0658805 0.0422114
0 0.25631 0.690702 0.0400252 0.0331557
0 0.344685 0.797621 0.113619 0.0768078
0 0.176361 0.699068 0.0683665 0.0406025
0 0.192806 0.696593 0.0800087 0.0439255
0 0.363741 0.798339 0.0787144 0.0725512
0 0.281525 0.800149 0.154275 0.0907094
0 0.209368 0.925497 0.313972 0.149006
0 0.687451 0.72705 0.140426 0.0675687
0 0.157338 0.745011 0.120645 0.0525501
0 0.142829 0.751275 0.107897 0.0613309
0 0.178811 0.743445 0.0790067 0.0444102
0 0.712003 0.726532 0.0943392 0.0588384
0 0.76808 0.780873 0.15388 0.0856862
0 0.100435 0.805754 0.138093 0.0804843
0 0.0817283 0.810606 0.139946 0.0948969
0 0.125945 0.799896 0.0897476 0.0642684
0 0.0518837 0.897196 0.103767 0.114998
0 0.889917 0.887721 0.213264 0.140762
1 0.723354 0.723276 0.0812685 0.0501475
1 0.727382 0.725355 0.109181 0.0512878
1 0.643655 0.71474 0.0646879 0.0529938
1 0.582561 0.712568 0.082826 0.0519936
1 0.583117 0.709825 0.118139 0.0579746
1 0.569558 0.713724 0.0910196 0.0525419
1 0.587293 0.711023 0.0831321 0.0539223
1 0.605558 0.74525 0.111401 0.0691255
1 0.620916 0.743447 0.0892141 0.0655787
1 0.5842 0.743505 0.0805321 0.0598839
1 0.626774 0.850839 0.123357 0.0972552
1 0.629408 0.912712 0.18894 0.146954
0 0.891156 0.817571 0.187965 0.0978528
0 0.811246 0.834666 0.191519 0.0992818
0 0.744742 0.820288 0.0976403 0.0724283
0 0.474659 0.815583 0.173079 0.10293
0 0.694878 0.601985 0.0423271 0.0516675
0 0.910767 0.642398 0.0366776 0.0367096
0 0.696926 0.944772 0.286798 0.107881
1 0.841678 0.631169 0.0502361 0.053442
0 0.397404 0.818712 0.174683 0.109254
0 0.6081 0.940689 0.240684 0.118622
1 0.981472 0.598479 0.0328014 0.0431323
0 0.33699 0.823864 0.0918302 0.0731665
0 0.712134 0.6435 0.0440599 0.0419589
1 0.818552 0.636439 0.037512 0.0388331
0 0.660812 0.645515 0.044492 0.0349838
0 0.386044 0.829347 0.209256 0.114011
0 0.395639 0.839269 0.181941 0.121233
0 0.624862 0.602448 0.0425093 0.0529582
0 0.320656 0.844149 0.080927 0.0713601
0 0.832732 0.637578 0.0356373 0.0359942
0 0.567783 0.966677 0.164992 0.0666458
0 0.669739 0.647476 0.0461635 0.0330655
0 0.577817 0.965669 0.238814 0.0674756
0 0.372305 0.862499 0.218022 0.152286
0 0.62692 0.602698 0.0497324 0.0508934
0 0.840668 0.642009 0.0435051 0.0374428
0 0.307086 0.865804 0.0811688 0.0788399
1 0.772284 0.63005 0.0442162 0.0517442
0 0.724339 0.648844 0.0486384 0.0542848
0 0.670786 0.65216 0.0377909 0.0309151
0 0.57574 0.980895 0.19497 0.0382097
0 0.574054 0.974689 0.23399 0.0506213
0 0.614224 0.603476 0.0734432 0.0528201
0 0.312911 0.868098 0.216071 0.149625
0 0.575093 0.603089 0.0438785 0.052496
1 0.964213 0.611512 0.0499069 0.0560308
0 0.244508 0.87154 0.0789781 0.0726529
0 0.668669 0.646432 0.0455068 0.0464086
0 0.781408 0.636878 0.0364471 0.0349438
0 0.528285 0.973508 0.257839 0.0526711
0 0.741048 0.682583 0.0537441 0.046228
0 0.675978 0.680204 0.0430816 0.0359395
0 0.316105 0.963259 0.157148 0.0721039
1 0.796613 0.655529 0.0433984 0.0559486
0 0.893342 0.664214 0.041872 0.0340282
0 0.882822 0.664457 0.0531572 0.0349982
0 0.298715 0.962348 0.226735 0.0753035
0 0.687209 0.6865 0.0797217 0.041184
0 0.871248 0.665843 0.041563 0.0327329
0 0.841212 0.662124 0.0524141 0.040517
1 0.758366 0.653338 0.0324825 0.0447586
0 0.292185 0.966192 0.104006 0.0676167
0 0.704354 0.679679 0.0477137 0.0458218
0 0.851596 0.661536 0.035928 0.040743
0 0.981356 0.612789 0.0299168 0.0317065
0 0.633713 0.678767 0.0424316 0.0357546
0 0.270323 0.963101 0.165852 0.0708717
0 0.240504 0.976778 0.132264 0.0460337
1 0.675054 0.60693 0.0340916 0.0515834
0 0.832598 0.663535 0.0640867 0.0419062
0 0.823865 0.66098 0.0457958 0.0371899
0 0.648972 0.684228 0.0921538 0.0370499
1 0.752626 0.650552 0.0390511 0.0525364
0 0.922598 0.680411 0.0424791 0.0432199
0 0.758135 0.702761 0.0513355 0.0476579
0 0.617963 0.611882 0.0374025 0.0462835
0 0.886682 0.679564 0.0517372 0.0352242
0 0.895381 0.678773 0.0736656 0.0368909
0 0.908132 0.679098 0.0707417 0.0407041
0 0.568252 0.609575 0.0256243 0.0306374
0 0.676245 0.695703 0.0362877 0.037067
0 0.8784 0.679074 0.035556 0.0323213
0 0.747941 0.699115 0.0605047 0.0519384
0 0.61828 0.60513 0.0304667 0.0344555
0 0.743281 0.701602 0.0797513 0.0519531
0 0.681715 0.699846 0.0516886 0.042429
0 0.842619 0.774274 0.0788553 0.0613797
0 0.823619 0.773175 0.120231 0.0668144
0 0.580143 0.626334 0.0387886 0.0333628
0 0.980258 0.726563 0.0394832 0.0379097
0 0.761391 0.768938 0.135701 0.0702049
0 0.978493 0.59962 0.0317482 0.0276492
0 0.730812 0.59233 0.029541 0.0311846
0 0.788956 0.768828 0.186553 0.0742753
0 0.63518 0.666171 0.0447301 0.031456
0 0.855718 0.775199 0.0508068 0.0589197
0 0.627093 0.666769 0.0371673 0.0311516
0 0.813356 0.773406 0.156382 0.0761472
0 0.65043 0.681289 0.0371352 0.0308642
0 0.643622 0.680445 0.0522146 0.034597
0 0.845111 0.812039 0.188653 0.0964817
0 0.798386 0.808763 0.161283 0.0789014
0 0.825871 0.811635 0.233529 0.113163
0 0.570911 0.635151 0.0293592 0.0323489
0 0.700263 0.601655 0.0346051 0.0275848
0 0.926319 0.940985 0.147362 0.108356
0 0.704562 0.660128 0.0261362 0.0308815
0 0.716061 0.728194 0.0416264 0.040948
0 0.708174 0.72822 0.0597338 0.0429479
0 0.662261 0.649654 0.0564115 0.0490223
0 0.602872 0.657049 0.0314514 0.0322731
0 0.682416 0.796439 0.114464 0.0570478
0 0.701959 0.797178 0.0699212 0.0596115
0 0.673801 0.692888 0.0360702 0.0325701
0 0.567017 0.687403 0.0664722 0.0484795
0 0.558852 0.685915 0.0471582 0.0457596
0 0.576198 0.690962 0.0855667 0.0520454
0 0.758131 0.622914 0.0313553 0.0299386
0 0.667775 0.790226 0.0867975 0.0556986
0 0.747978 0.863904 0.274271 0.149199
0 0.768863 0.873374 0.36161 0.138577
0 0.898932 0.682298 0.0843218 0.0480588
0 0.627542 0.924757 0.308942 0.143048
0 0.679467 0.934034 0.449609 0.130979
0 0.743128 0.700632 0.169643 0.0647278
0 0.724351 0.705474 0.12916 0.054849
0 0.683205 0.723889 0.107532 0.0737516
0 0.679012 0.735715 0.131771 0.0988244
0 0.686712 0.769068 0.142082 0.0764481
0 0.678537 0.769805 0.189283 0.0825039
0 0.616596 0.843487 0.19743 0.0659449
0 0.596666 0.836653 0.119565 0.0643275
0 0.714373 0.769739 0.0834204 0.0670166
0 0.64132 0.841694 0.135131 0.0647972
0 0.677017 0.874296 0.262546 0.136346
0 0.585862 0.971024 0.198343 0.0579511
0 0.699271 0.97666 0.180827 0.0466795
0 0.716835 0.978555 0.127404 0.0428909
0 0.679992 0.975574 0.251316 0.0488513
0 0.727243 0.956034 0.43007 0.085951
0 0.895212 0.735707 0.0690117 0.0546224
0 0.799213 0.727387 0.0892046 0.0550378
0 0.87031 0.735247 0.118761 0.055415
0 0.885002 0.732729 0.090439 0.0528168
0 0.815899 0.729735 0.143095 0.0535693
0 0.83925 0.733024 0.149885 0.0521047
0 0.788827 0.723422 0.0669867 0.0536057
0 0.374693 0.968695 0.271256 0.0626108
0 0.820561 0.728401 0.0606653 0.0534035
0 0.738194 0.721385 0.101177 0.0517693
0 0.750976 0.724072 0.155505 0.0557137
0 0.794265 0.72744 0.131097 0.0537923
0 0.722897 0.715955 0.0681062 0.0479763
0 0.79822 0.730723 0.0576122 0.0544422
0 0.708786 0.725058 0.0931687 0.056303
0 0.698141 0.72037 0.0632317 0.0541506
0 0.726824 0.725624 0.15046 0.055913
0 0.770699 0.729815 0.120419 0.0521538
0 0.634274 0.800494 0.11775 0.0699521
0 0.699253 0.800471 0.198252 0.0790808
0 0.655503 0.802477 0.168718 0.0695581
0 0.722128 0.80446 0.113964 0.0785484
0 0.618969 0.797511 0.090689 0.0707439
0 0.744914 0.806488 0.071567 0.0817632
0 0.599476 0.884736 0.256912 0.133831
0 0.6244 0.915367 0.290025 0.136678
0 0.939898 0.892032 0.120204 0.0546534
0 0.554249 0.811222 0.103336 0.0717583
0 0.967982 0.921021 0.0627861 0.102412
0 0.4555 0.836901 0.0679831 0.0501396
0 0.540987 0.814855 0.162618 0.0736065
0 0.57025 0.808894 0.0728531 0.0744069
0 0.963131 0.636698 0.0737377 0.0535016
0 0.520078 0.820675 0.149588 0.0653908
0 0.878749 0.928511 0.242503 0.136829
0 0.384023 0.830488 0.129069 0.0729267
0 0.381934 0.835893 0.162047 0.0763404
0 0.948199 0.729609 0.0560417 0.042023
0 0.748039 0.663716 0.0549081 0.033367
0 0.401162 0.825394 0.101512 0.0724805
0 0.735901 0.662257 0.057938 0.0347855
0 0.840347 0.627351 0.0617613 0.0459835
0 0.27954 0.867147 0.0695014 0.0528717
0 0.720892 0.904148 0.266355 0.130533
0 0.676871 0.61656 0.061629 0.0450301
0 0.771814 0.708137 0.0461166 0.044367
1 0.849388 0.675588 0.0335003 0.0408344
0 0.212848 0.853449 0.209877 0.0788333
0 0.663965 0.617749 0.0885008 0.0459331
0 0.222933 0.843411 0.14347 0.0748344
0 0.655688 0.613558 0.0877647 0.043974
0 0.708281 0.704731 0.0396066 0.0335503
0 0.597638 0.65705 0.0553946 0.0348474
0 0.638298 0.613113 0.0611835 0.038547
0 0.625757 0.888738 0.245182 0.133674
0 0.681712 0.701379 0.0454795 0.0427169
0 0.113639 0.87053 0.186376 0.0924992
0 0.522688 0.656395 0.0446459 0.0340125
0 0.628865 0.697018 0.0484484 0.0339574
0 0.599202 0.613078 0.0536989 0.044177
0 0.587766 0.613426 0.0756364 0.0426357
0 0.573674 0.890172 0.240541 0.134395
0 0.0717499 0.87775 0.136443 0.0938484
0 0.972698 0.687673 0.0513206 0.0407781
0 0.625699 0.698004 0.0451858 0.0399214
0 0.559775 0.612695 0.0407831 0.0439206
0 0.476153 0.657118 0.0462124 0.0326692
0 0.580837 0.69656 0.0476339 0.0346176
0 0.589242 0.699697 0.0664551 0.0376723
0 0.511382 0.611455 0.0493788 0.035272
0 0.569247 0.894 0.252201 0.133871
0 0.624186 0.698488 0.0421133 0.0419417
0 0.0681443 0.881524 0.126734 0.104855
0 0.971313 0.688411 0.0538422 0.0402114
0 0.577566 0.696782 0.0495836 0.0344603
0 0.473625 0.657076 0.0437914 0.0334974
0 0.551704 0.612286 0.0491589 0.0438016
0 0.503908 0.611449 0.0396317 0.033315
0 0.588096 0.69916 0.0676933 0.0377843
0 0.687001 0.731849 0.0560228 0.0481597
0 0.040896 0.951526 0.081792 0.0912537
0 0.597277 0.625061 0.046858 0.0474951
0 0.511527 0.675351 0.044162 0.0311848
0 0.538806 0.61814 0.0381458 0.0282345
0 0.647251 0.956306 0.396757 0.0873887
0 0.619542 0.763804 0.0833587 0.0549685
0 0.602452 0.762026 0.129804 0.05625
0 0.424328 0.692254 0.0618249 0.0364176
0 0.514082 0.63462 0.0750415 0.0500381
0 0.712085 0.854253 0.167756 0.0848373
0 0.480239 0.732404 0.0612577 0.0502851
0 0.673885 0.848689 0.116813 0.0659945
0 0.469467 0.730376 0.0851686 0.0449305
0 0.7342 0.858378 0.112551 0.0834658
0 0.449406 0.731583 0.0534473 0.0381493
0 0.696716 0.870462 0.162338 0.0943198
0 0.471668 0.738202 0.0488934 0.0444396
0 0.514721 0.644324 0.0551321 0.0426992
0 0.429133 0.741308 0.0448965 0.0387524
0 0.672655 0.86429 0.141586 0.0740082
0 0.456313 0.740892 0.081897 0.0498721
0 0.570999 0.659616 0.0816482 0.0493454
0 0.658931 0.858045 0.105696 0.0702265
0 0.436569 0.741828 0.0622337 0.0415894
0 0.583357 0.653846 0.055784 0.0575752
0 0.403672 0.828883 0.119867 0.0637561
0 0.605238 0.611664 0.0453318 0.03252
0 0.493306 0.671698 0.0684663 0.0532188
0 0.576851 0.705816 0.0522408 0.0417028
0 0.59991 0.611332 0.0323246 0.032298
0 0.627344 0.717116 0.0477426 0.0435641
0 0.522785 0.732237 0.0986294 0.0808601
0 0.604947 0.787561 0.125645 0.061497
0 0.621574 0.787732 0.0881897 0.0621363
0 0.612822 0.716556 0.0459404 0.0443288
0 0.508843 0.732728 0.0984468 0.08156
0 0.597946 0.78724 0.106608 0.05976
0 0.610062 0.784715 0.076684 0.05683
0 0.588617 0.786309 0.150628 0.0625203
0 0.501348 0.723614 0.0810479 0.0724724
0 0.402149 0.714845 0.0456385 0.0417028
0 0.286978 0.735239 0.0872094 0.0751606
0 0.386913 0.78567 0.0972345 0.0592294
0 0.397315 0.783413 0.0711187 0.0554804
0 0.328299 0.793303 0.0678122 0.046183
0 0.430417 0.631923 0.0577848 0.0355489
0 0.305196 0.739851 0.129203 0.0844284
0 0.592569 0.838927 0.173114 0.0823978
0 0.971051 0.735315 0.0467428 0.0432615
0 0.574842 0.837264 0.125522 0.0762983
0 0.567464 0.714347 0.149887 0.0568474
0 0.190863 0.626178 0.058887 0.0335275
0 0.621954 0.713131 0.0608074 0.0487991
0 0.588797 0.719773 0.155748 0.0610778
0 0.606952 0.71733 0.0904732 0.0564412
0 0.91661 0.729708 0.0543945 0.0358768
0 0.549985 0.710875 0.0995111 0.0549487
0 0.446319 0.839109 0.171635 0.0821635
0 0.789533 0.713756 0.0492142 0.0409337
0 0.0112245 0.64354 0.0221796 0.0324631
0 0.425652 0.837696 0.11618 0.074516
0 0.749552 0.712776 0.0482288 0.0374303
0 0.457887 0.718342 0.105559 0.0586202
0 0.477082 0.712463 0.0645872 0.0515194
0 0.775891 0.713848 0.0775162 0.0422025
0 0.758847 0.717185 0.0736767 0.0408488
0 0.451332 0.720731 0.149151 0.0590902
0 0.407603 0.714169 0.0951208 0.0548101
0 0.397673 0.714704 0.0719871 0.0495827
0 0.426888 0.71807 0.139013 0.0510476
0 0.689357 0.7045 0.0436831 0.0387194
0 0.329364 0.847127 0.142085 0.079045
0 0.95098 0.72426 0.0980403 0.058263
0 0.354588 0.838319 0.142463 0.0821231
0 0.32531 0.840567 0.1175 0.0696122
0 0.646549 0.703192 0.0355844 0.0342547
0 0.387923 0.713332 0.0624301 0.0477032
0 0.371553 0.717697 0.0916968 0.0524502
0 0.937367 0.722801 0.125266 0.058452
0 0.306399 0.717895 0.0867976 0.0516179
0 0.306397 0.836465 0.0827078 0.0627324
0 0.357055 0.720653 0.141675 0.0506116
0 0.628848 0.699332 0.0439016 0.0392415
0 0.286853 0.851301 0.191179 0.0804227
0 0.588427 0.700879 0.0343601 0.0305014
0 0.949082 0.711284 0.0698624 0.0498394
0 0.932036 0.712903 0.11615 0.0519691
0 0.866148 0.709718 0.120198 0.056775
0 0.260885 0.85337 0.134969 0.0754225
0 0.305534 0.721914 0.114569 0.0560427
0 0.292255 0.846607 0.145291 0.0840663
0 0.327119 0.714449 0.0663912 0.0505763
0 0.316847 0.716998 0.0896695 0.0529263
0 0.885945 0.709531 0.120338 0.0532224
0 0.29687 0.866929 0.170453 0.087265
0 0.650174 0.706556 0.0404422 0.036831
0 0.0151203 0.648065 0.0263331 0.0426036
0 0.341337 0.719968 0.0565294 0.05549
0 0.268828 0.869077 0.137164 0.0815854
0 0.328402 0.723944 0.0796258 0.0610435
0 0.924552 0.726496 0.150897 0.0613249
0 0.611413 0.708445 0.0463978 0.0352516
0 0.241803 0.731733 0.064595 0.0464218
0 0.619014 0.708434 0.067294 0.0377406
0 0.249798 0.858135 0.0935737 0.0721396
0 0.921507 0.728621 0.156986 0.0667819
0 0.0325777 0.654806 0.0538749 0.0393806
0 0.740291 0.748423 0.068084 0.0468557
0 0.352967 0.764994 0.11904 0.0651441
0 0.983782 0.745724 0.0324352 0.043128
0 0.297871 0.954343 0.282012 0.0884768
0 0.37082 0.760371 0.0875616 0.0626896
0 0.72419 0.750468 0.104607 0.0465921
0 0.699501 0.747069 0.0547657 0.0392108
0 0.272645 0.769324 0.0894257 0.0573174
0 0.0192338 0.656733 0.0366651 0.0386088
0 0.710427 0.751724 0.0808908 0.0419998
0 0.383423 0.758872 0.0617805 0.0647525
0 0.7495 0.750594 0.0520641 0.048776
0 0.345201 0.772586 0.155055 0.0676369
0 0.944729 0.754821 0.110542 0.0791304
0 0.659407 0.743937 0.0868435 0.045902
0 0.673673 0.743806 0.0578213 0.0470744
0 0.930885 0.753052 0.138229 0.0796178
0 0.279587 0.77073 0.166557 0.071755
0 0.963695 0.753355 0.0726093 0.0838615
0 0.635911 0.743182 0.0746473 0.0419835
0 0.198252 0.777122 0.096798 0.0633013
0 0.26675 0.779266 0.187075 0.0807177
0 0.649124 0.747809 0.112366 0.0480339
0 0.937123 0.740599 0.124083 0.0585276
0 0.949114 0.754815 0.101772 0.0766406
0 0.92489 0.751737 0.150219 0.074556
0 0.175694 0.785051 0.0878412 0.0542119
0 0.644228 0.745813 0.0920702 0.0459788
0 0.263591 0.777956 0.143382 0.0566636
0 0.658361 0.744348 0.0630177 0.0471316
0 0.280252 0.771365 0.105236 0.0592818
0 0.256819 0.78598 0.162159 0.062919
0 0.639359 0.750716 0.114625 0.0443797
0 0.923961 0.740682 0.124314 0.0573719
0 0.230432 0.86745 0.254635 0.110092
0 0.762358 0.824421 0.151041 0.0649352
0 0.778106 0.82277 0.0958965 0.0648738
0 0.246616 0.86313 0.210701 0.0906977
0 0.215003 0.864729 0.211992 0.0840061
0 0.214417 0.88449 0.267748 0.129761
0 0.774464 0.835617 0.111634 0.0638212
0 0.790904 0.83488 0.080706 0.0675494
0 0.752516 0.833932 0.11485 0.0610845
0 0.768556 0.839143 0.162068 0.0673841
0 0.166465 0.895355 0.287979 0.126421
0 0.728718 0.833878 0.125144 0.0659996
0 0.750706 0.831831 0.0805369 0.0684022
0 0.142554 0.902417 0.28439 0.126901
0 0.703501 0.830663 0.130702 0.0674978
0 0.725583 0.829494 0.0840103 0.0678495
0 0.761282 0.905022 0.163335 0.0870904
0 0.122378 0.947166 0.244757 0.0944866
0 0.50581 0.905908 0.311174 0.160703
0 0.875905 0.750884 0.125077 0.0479993
0 0.959965 0.737145 0.0800697 0.0699491
0 0.346658 0.911235 0.323329 0.158143
0 0.715828 0.733496 0.086813 0.0440033
0 0.845033 0.718444 0.128479 0.0536883
0 0.709912 0.728317 0.0743212 0.0398801
0 0.841401 0.724052 0.181896 0.0663094
0 0.860062 0.71436 0.089661 0.0536802
