0 0.740166 0.930603 0.326966 0.138794
0 0.971719 0.647817 0.0335381 0.0315849
0 0.934752 0.679221 0.0422874 0.0367224
0 0.939379 0.678341 0.0304674 0.0362233
0 0.467695 0.622804 0.0509396 0.0435972
0 0.404634 0.614027 0.033699 0.0317664
0 0.701935 0.932637 0.24476 0.128493
0 0.093146 0.983059 0.112063 0.0338814
0 0.632863 0.72262 0.0429198 0.0399188
0 0.422646 0.677523 0.0374725 0.0317546
0 0.414272 0.677861 0.0555211 0.034141
0 0.964744 0.686688 0.0420975 0.0408254
0 0.397852 0.679739 0.0544032 0.0351201
0 0.476081 0.628212 0.0447315 0.0412796
0 0.620488 0.722903 0.0691724 0.0440842
0 0.985311 0.653352 0.0260866 0.0335678
0 0.745652 0.949391 0.36814 0.0991369
0 0.910497 0.68051 0.0377052 0.0331118
0 0.406819 0.61732 0.031892 0.0283137
0 0.903231 0.594149 0.0412434 0.0330166
0 0.390532 0.679847 0.0388577 0.0334061
0 0.565068 0.718556 0.0379988 0.0345679
0 0.652861 0.811403 0.137699 0.0669342
0 0.396461 0.729586 0.0506576 0.041582
0 0.642449 0.808083 0.183569 0.065786
0 0.673122 0.814319 0.0836777 0.0650279
0 0.629292 0.805249 0.134386 0.0587246
0 0.354555 0.731137 0.0355203 0.0363806
0 0.470395 0.654611 0.0541382 0.0416781
0 0.387929 0.639869 0.0371815 0.0348301
0 0.387788 0.729629 0.0704293 0.04384
0 0.457069 0.652378 0.0776161 0.0490204
0 0.342783 0.814875 0.114575 0.056516
0 0.318775 0.817758 0.0767246 0.0588552
0 0.720341 0.950349 0.299866 0.0954405
0 0.469495 0.694387 0.0545569 0.0468207
0 0.330102 0.821761 0.100416 0.0660261
0 0.424609 0.697982 0.0373354 0.0391528
0 0.42294 0.754612 0.0666769 0.0520749
0 0.322238 0.718211 0.09243 0.072997
0 0.409544 0.755858 0.0975008 0.0527613
0 0.215938 0.969047 0.255895 0.0619058
0 0.903594 0.626187 0.0612942 0.034756
0 0.340459 0.807982 0.23795 0.153648
0 0.377218 0.872256 0.192891 0.08769
0 0.399617 0.612585 0.0414511 0.030558
0 0.418013 0.760023 0.0574976 0.0491346
0 0.39039 0.612843 0.0491787 0.0316317
0 0.307333 0.829006 0.256875 0.132196
0 0.306199 0.862667 0.263875 0.199107
0 0.341834 0.947852 0.21711 0.0950188
0 0.488331 0.65445 0.0416456 0.0347562
0 0.24896 0.905435 0.348808 0.179833
0 0.48445 0.673837 0.0391512 0.0341911
0 0.377796 0.6293 0.0380126 0.0298892
0 0.205669 0.910727 0.259069 0.161967
0 0.367964 0.629757 0.0445884 0.0316694
0 0.67073 0.646834 0.0468225 0.0399106
0 0.45806 0.720465 0.0671878 0.0566139
0 0.435347 0.719679 0.110543 0.0589381
0 0.388512 0.725245 0.0825725 0.0553586
0 0.286409 0.661615 0.0294132 0.0306046
0 0.689654 0.664644 0.0478815 0.0476041
0 0.427482 0.759062 0.0890791 0.0623825
0 0.411407 0.757657 0.128973 0.0658469
0 0.332148 0.671614 0.0304226 0.0324671
0 0.363037 0.759095 0.104035 0.072809
0 0.403516 0.758528 0.173088 0.0729772
0 0.247007 0.682164 0.0321232 0.0269896
0 0.678614 0.665219 0.0715459 0.0450119
0 0.252107 0.681659 0.0410113 0.031006
0 0.290926 0.674142 0.0460824 0.0387348
0 0.671063 0.667437 0.0984119 0.0450616
0 0.707339 0.674648 0.050458 0.0488032
0 0.39707 0.782573 0.154704 0.0806883
0 0.426921 0.787794 0.0855129 0.0682504
0 0.340094 0.787709 0.109964 0.0829084
0 0.699477 0.676575 0.0704214 0.0472626
0 0.411404 0.78493 0.117838 0.0697287
0 0.238197 0.694437 0.060894 0.0383711
0 0.364711 0.784304 0.170345 0.0861459
0 0.282858 0.681589 0.0554242 0.0392134
0 0.228887 0.697859 0.0464966 0.0315308
0 0.316444 0.680985 0.0367989 0.0312995
0 0.388649 0.780589 0.229282 0.0875819
0 0.304436 0.681104 0.0574537 0.0355657
0 0.253894 0.691101 0.0690262 0.0402821
0 0.686644 0.67458 0.0976584 0.0426717
0 0.269786 0.917403 0.310185 0.160517
0 0.723921 0.724158 0.123963 0.0606541
0 0.717975 0.725919 0.171366 0.0651723
0 0.188901 0.7408 0.119282 0.0572205
0 0.23095 0.734357 0.0644059 0.0483714
0 0.112267 0.760819 0.0726969 0.0425556
0 0.208804 0.735882 0.115004 0.0550303
0 0.10602 0.764688 0.0599549 0.0410711
0 0.120134 0.761155 0.0911705 0.049056
0 0.762073 0.767415 0.131475 0.0837107
0 0.125214 0.801092 0.140463 0.0845418
0 0.78781 0.772636 0.127229 0.0739553
0 0.138115 0.792435 0.11533 0.0634839
0 0.103909 0.80596 0.145838 0.0942169
0 0.747304 0.764463 0.11646 0.0736287
0 0.0677398 0.81856 0.130894 0.0772504
0 0.820403 0.794178 0.159405 0.0899966
0 0.121431 0.818239 0.163476 0.0922339
0 0.796957 0.79077 0.137604 0.0871813
0 0.129387 0.811859 0.130303 0.0785339
0 0.0531588 0.914168 0.105118 0.121699
0 0.887632 0.890907 0.211424 0.142935
1 0.913271 0.765705 0.104154 0.0571033
1 0.886505 0.765102 0.130366 0.06091
1 0.752321 0.74629 0.0926466 0.0581004
1 0.681525 0.736643 0.0946005 0.059406
1 0.661705 0.737746 0.0927371 0.0618604
1 0.64288 0.733831 0.0694859 0.0604684
1 0.614255 0.734419 0.0785723 0.0615852
1 0.628507 0.734866 0.0780031 0.0594345
1 0.631692 0.754715 0.0985832 0.064217
1 0.649953 0.754162 0.0871411 0.0612323
1 0.611903 0.745422 0.0710872 0.0575869
1 0.684318 0.864087 0.153548 0.107474
1 0.653684 0.93173 0.225195 0.132822
0 0.97012 0.828206 0.0582077 0.0622978
0 0.916132 0.945456 0.147244 0.106989
0 0.721115 0.80131 0.170155 0.0950885
0 0.694705 0.80214 0.145278 0.0874507
0 0.667651 0.796453 0.100146 0.073035
0 0.98554 0.661601 0.027795 0.03661
0 0.657386 0.789928 0.0802292 0.0609222
0 0.669029 0.921997 0.211162 0.135769
0 0.473049 0.79309 0.169073 0.0905324
1 0.815611 0.624063 0.0331678 0.0419785
0 0.766951 0.636916 0.0432156 0.0446742
0 0.445132 0.793378 0.149637 0.0921084
0 0.419793 0.794201 0.0952482 0.0686326
0 0.613491 0.921442 0.202619 0.135164
0 0.418858 0.793595 0.157917 0.0941284
0 0.659007 0.638856 0.031175 0.0303157
1 0.756088 0.617528 0.0351163 0.0418495
0 0.710925 0.639937 0.0377373 0.0387834
0 0.359645 0.797295 0.0827697 0.0598221
0 0.591667 0.9204 0.201197 0.134496
0 0.398235 0.794679 0.162019 0.0950085
0 0.689267 0.639207 0.0344688 0.037523
1 0.735761 0.61986 0.0354315 0.0404442
0 0.333155 0.797669 0.0738709 0.0574622
0 0.789092 0.629195 0.0312494 0.0350868
0 0.371211 0.801058 0.136514 0.0963239
0 0.638418 0.637536 0.0326179 0.0292704
0 0.473749 0.839854 0.181808 0.121662
0 0.691568 0.603211 0.0534813 0.0503915
0 0.916194 0.644913 0.0448238 0.0351819
0 0.404922 0.840403 0.0875466 0.0710019
0 0.668919 0.969217 0.196846 0.061232
0 0.678734 0.968609 0.284081 0.0627829
0 0.412303 0.848161 0.0995916 0.0905563
0 0.796189 0.65321 0.0476966 0.0484634
0 0.390233 0.846148 0.202324 0.132066
0 0.626317 0.602892 0.0439869 0.0530959
0 0.67207 0.647834 0.0366139 0.0324071
0 0.333113 0.846853 0.0818824 0.0756149
0 0.839612 0.639344 0.035302 0.0328112
1 0.982028 0.596306 0.0259195 0.0388892
0 0.592695 0.967824 0.178829 0.063962
0 0.603991 0.967146 0.268837 0.0652786
0 0.376376 0.847052 0.212271 0.130082
0 0.611526 0.601695 0.0402405 0.0532736
0 0.318362 0.849986 0.0886734 0.0795629
0 0.570803 0.968059 0.156203 0.0638812
0 0.658191 0.647371 0.0482265 0.0336772
0 0.59211 0.967077 0.272247 0.0658464
0 0.356965 0.93518 0.297993 0.128403
0 0.648613 0.60832 0.0476704 0.0607206
0 0.776293 0.675629 0.044277 0.0420667
0 0.913909 0.657916 0.0458141 0.0365743
1 0.822412 0.649147 0.0402332 0.0426814
0 0.898972 0.658571 0.0567045 0.0353699
0 0.764713 0.675448 0.0669573 0.0479129
1 0.74048 0.602127 0.0337724 0.0487699
0 0.705856 0.671115 0.0422407 0.0339699
0 0.914839 0.663179 0.0381115 0.0346652
1 0.817595 0.652621 0.0382519 0.0495776
0 0.904978 0.662549 0.0578251 0.0374476
0 0.361106 0.94179 0.309992 0.103834
0 0.698226 0.674849 0.0436939 0.0376957
0 0.387569 0.94456 0.200813 0.109189
0 0.352231 0.953716 0.228885 0.0852275
0 0.764187 0.676268 0.0499428 0.0490875
0 0.234829 0.982944 0.0893272 0.0335121
0 0.894835 0.661739 0.0596153 0.0376957
0 0.892991 0.661261 0.0483383 0.0376205
0 0.750659 0.678797 0.0499115 0.0434327
0 0.902407 0.661872 0.0372822 0.0394681
0 0.225023 0.984724 0.089095 0.0305515
0 0.34196 0.954175 0.221143 0.0842832
0 0.344061 0.9461 0.318787 0.0973066
1 0.803436 0.655387 0.0397163 0.0500328
0 0.879783 0.659837 0.0643133 0.0376408
0 0.683919 0.674773 0.0425886 0.0380964
0 0.871388 0.659004 0.0486095 0.0354694
0 0.370675 0.947908 0.213944 0.101427
0 0.885414 0.723934 0.0746304 0.0569857
0 0.663883 0.613663 0.0420076 0.0317659
0 0.862945 0.722649 0.115975 0.0601234
0 0.792326 0.713496 0.0373456 0.0379733
0 0.894563 0.724113 0.055965 0.0489855
0 0.859247 0.724989 0.158948 0.059374
0 0.722525 0.641955 0.0339429 0.0359984
0 0.67366 0.612354 0.042718 0.0335468
1 0.852098 0.656944 0.0221664 0.0351608
0 0.725909 0.674193 0.032851 0.0315388
0 0.717507 0.673767 0.048311 0.0330894
0 0.916095 0.792233 0.16781 0.0856004
0 0.709215 0.673078 0.0510566 0.0324885
0 0.896508 0.788367 0.201722 0.0669743
0 0.701908 0.672615 0.0388653 0.0302151
1 0.548655 0.769329 0.0223331 0.0357393
0 0.89739 0.797585 0.20522 0.10625
0 0.619097 0.631307 0.0337687 0.0326045
0 0.68344 0.677031 0.0542001 0.0336609
0 0.704765 0.677901 0.0385938 0.0304072
0 0.87137 0.806001 0.160992 0.0831239
0 0.885898 0.805022 0.22195 0.0871816
0 0.712419 0.677938 0.0270013 0.0296429
0 0.622888 0.632418 0.0468641 0.0348085
0 0.740825 0.601255 0.031465 0.0269403
0 0.67651 0.677491 0.0388527 0.0318315
0 0.701584 0.677492 0.0368601 0.031412
0 0.615043 0.631093 0.0369532 0.0332528
0 0.87001 0.806199 0.166251 0.0818041
0 0.682284 0.676771 0.0624377 0.0347275
0 0.896717 0.806841 0.206567 0.0959084
0 0.675556 0.677216 0.0442621 0.0326605
0 0.610537 0.633874 0.0326473 0.0327639
0 0.97809 0.910852 0.043819 0.0751043
0 0.775866 0.730008 0.0482881 0.0402156
0 0.744944 0.660988 0.031637 0.0301435
0 0.649174 0.655777 0.0394394 0.034608
0 0.826687 0.610413 0.0262672 0.0290461
0 0.699053 0.65145 0.0593233 0.048111
0 0.978794 0.912501 0.0418827 0.111266
0 0.709078 0.654214 0.0582027 0.0432592
0 0.820641 0.802952 0.0625412 0.0521329
0 0.798104 0.803995 0.104449 0.0574902
0 0.644172 0.686938 0.067518 0.0518135
0 0.81812 0.625124 0.0333469 0.0309532
0 0.752082 0.695743 0.0404621 0.0322573
0 0.650504 0.69087 0.0903963 0.0548152
0 0.784083 0.797253 0.10877 0.0560707
0 0.701372 0.871836 0.136701 0.078786
0 0.518568 0.71953 0.0767726 0.0608322
0 0.533113 0.723884 0.108301 0.0603603
0 0.638615 0.722764 0.0525208 0.0380511
0 0.690145 0.626399 0.0412537 0.0331449
0 0.720739 0.877117 0.0990961 0.0771539
0 0.548201 0.72239 0.134628 0.052803
0 0.980128 0.624666 0.039743 0.0359887
0 0.610115 0.709399 0.0855135 0.0559362
0 0.60155 0.711469 0.1159 0.0652578
0 0.975728 0.675112 0.0480198 0.0383481
0 0.620506 0.70729 0.0616114 0.0525383
0 0.614005 0.802487 0.211213 0.0884148
0 0.54261 0.91351 0.20409 0.0914543
0 0.625174 0.806623 0.147503 0.0917032
0 0.486979 0.893564 0.105644 0.0863045
0 0.510761 0.904869 0.165677 0.0875865
0 0.90837 0.757876 0.183261 0.0633471
0 0.877502 0.751281 0.127676 0.0565364
0 0.951439 0.760919 0.0971222 0.0543461
0 0.938006 0.757396 0.123988 0.0596166
0 0.857498 0.74681 0.109254 0.0539571
0 0.877252 0.748569 0.0645485 0.0608921
0 0.783317 0.737481 0.102858 0.0556202
0 0.84286 0.744569 0.173664 0.0583735
0 0.77281 0.733094 0.0743233 0.0537815
0 0.814548 0.741772 0.165347 0.0558441
0 0.877823 0.757422 0.131697 0.0607941
0 0.892647 0.758975 0.0875692 0.0585637
0 0.804897 0.748593 0.110981 0.05706
0 0.853702 0.757191 0.194735 0.0640348
0 0.841457 0.754616 0.152341 0.0565411
0 0.796371 0.747188 0.133411 0.0580284
0 0.76465 0.742929 0.15355 0.055967
0 0.819463 0.747665 0.0745565 0.0587474
0 0.733105 0.738704 0.103762 0.056547
0 0.721834 0.736239 0.0745903 0.0557655
0 0.769267 0.899751 0.296328 0.136855
0 0.882241 0.894705 0.227092 0.13565
0 0.430743 0.802753 0.108314 0.0671834
0 0.949413 0.717323 0.0529242 0.0406732
0 0.443737 0.797989 0.0846217 0.0660296
0 0.418395 0.807292 0.148159 0.0735199
0 0.848806 0.621647 0.0481693 0.0447095
0 0.803556 0.618841 0.0863306 0.0471472
0 0.822099 0.89134 0.271672 0.125596
0 0.858778 0.710141 0.0440277 0.042528
0 0.339117 0.818538 0.130748 0.068339
0 0.754338 0.617002 0.0683681 0.0438596
0 0.33004 0.82587 0.156718 0.072919
0 0.35654 0.811487 0.0959438 0.0695142
0 0.738617 0.618211 0.100307 0.0464727
0 0.686952 0.656546 0.0390047 0.0339717
0 0.722026 0.617523 0.0893713 0.0443943
0 0.729855 0.613078 0.0839537 0.0432969
0 0.713893 0.612577 0.0600602 0.0387316
0 0.787349 0.886279 0.220648 0.098553
0 0.679099 0.655896 0.0530442 0.033837
0 0.851188 0.710878 0.062677 0.0426778
0 0.651764 0.690704 0.0387372 0.0354977
0 0.602752 0.866214 0.229573 0.115881
0 0.979153 0.681864 0.0416739 0.0363753
0 0.118188 0.853829 0.180599 0.0793828
0 0.493709 0.648599 0.0518217 0.0343185
0 0.130486 0.844626 0.18467 0.0765137
0 0.60064 0.690139 0.0378805 0.0312663
0 0.132036 0.840347 0.136602 0.0703821
0 0.591116 0.869518 0.237437 0.117641
0 0.640045 0.690263 0.0403705 0.0363443
0 0.108343 0.857997 0.177132 0.0785787
0 0.971128 0.680178 0.0525036 0.0388663
0 0.481817 0.648849 0.0549413 0.0356553
0 0.567689 0.864669 0.187188 0.0859283
0 0.591865 0.690753 0.04047 0.0326978
0 0.524964 0.610794 0.0505951 0.0367673
0 0.780661 0.733663 0.0546733 0.0476941
0 0.599949 0.674033 0.0350063 0.0325643
0 0.117785 0.935453 0.224787 0.113011
0 0.753265 0.95546 0.367125 0.0890802
0 0.676466 0.626426 0.0496664 0.0448138
0 0.620264 0.618318 0.0410715 0.0307283
0 0.084596 0.938319 0.16379 0.105321
0 0.719667 0.72811 0.049526 0.0431095
0 0.62116 0.624003 0.0477577 0.0473475
0 0.692607 0.948155 0.346928 0.0978652
0 0.604716 0.624648 0.0831905 0.0493858
0 0.583021 0.61952 0.0777732 0.0446602
0 0.0509789 0.944951 0.0992221 0.103962
0 0.671631 0.7236 0.0473763 0.0432844
0 0.638068 0.94153 0.325128 0.116939
0 0.661403 0.724255 0.0687702 0.0459226
0 0.575038 0.621937 0.0558168 0.0457774
0 0.546055 0.620274 0.0871645 0.0484619
0 0.565281 0.623228 0.0726424 0.0480672
0 0.536373 0.618322 0.0739256 0.0421201
0 0.52451 0.613948 0.0461518 0.0347132
0 0.697608 0.734815 0.0551173 0.0484261
0 0.0460204 0.960595 0.0920407 0.0737192
0 0.590785 0.625823 0.0584706 0.045433
0 0.537377 0.618167 0.0372326 0.0279706
0 0.512255 0.6759 0.0489771 0.0320124
0 0.635651 0.72985 0.0503092 0.0379623
0 0.640852 0.734328 0.0640577 0.0403961
0 0.843639 0.874415 0.171231 0.0920492
0 0.579585 0.736546 0.0569284 0.0445302
0 0.539583 0.736263 0.0404675 0.0374163
0 0.676625 0.66366 0.0636917 0.056603
0 0.664862 0.661078 0.0919554 0.0537305
0 0.822516 0.869635 0.168024 0.0715474
0 0.545612 0.739158 0.0564381 0.0405657
0 0.566134 0.738237 0.085661 0.0484692
0 0.60676 0.644488 0.0627745 0.0396125
0 0.799995 0.865456 0.113754 0.0664831
0 0.610273 0.649741 0.0750317 0.0447416
0 0.776237 0.870257 0.159831 0.0950643
0 0.528213 0.735975 0.0561893 0.0446543
0 0.487806 0.736448 0.039954 0.0368843
0 0.552716 0.642417 0.0475794 0.0392949
0 0.51586 0.737174 0.082793 0.048586
0 0.495501 0.739113 0.0603436 0.0405863
0 0.556535 0.646561 0.0636456 0.0476822
0 0.760822 0.864098 0.161918 0.0913902
0 0.51409 0.736345 0.0560472 0.0450193
0 0.472486 0.736872 0.0406071 0.0369989
0 0.538633 0.642874 0.0490175 0.0398721
0 0.50422 0.737118 0.076405 0.047344
0 0.724341 0.855191 0.112609 0.0665874
0 0.479152 0.735239 0.0561321 0.0390888
0 0.610782 0.654691 0.0518101 0.0579077
0 0.484372 0.738997 0.0697169 0.0407066
0 0.531952 0.815224 0.116621 0.0616475
0 0.727229 0.766414 0.0779352 0.0547056
0 0.717149 0.705368 0.0435926 0.0362762
0 0.710976 0.765525 0.118754 0.0538151
0 0.554841 0.965657 0.232146 0.0686864
0 0.619589 0.717543 0.103679 0.0706599
0 0.596823 0.705028 0.0539616 0.0561501
0 0.609828 0.707486 0.0832059 0.0576678
0 0.568179 0.735267 0.10997 0.081384
0 0.669838 0.719398 0.0472775 0.0413447
0 0.68089 0.787976 0.0873966 0.0606425
0 0.663898 0.788837 0.144763 0.060792
0 0.692719 0.790038 0.0709639 0.0619479
0 0.652587 0.631856 0.0379061 0.0339891
0 0.559099 0.726183 0.0900049 0.0710759
0 0.593902 0.73893 0.142267 0.0859655
0 0.651621 0.628776 0.0312617 0.0335718
0 0.398616 0.778974 0.106294 0.0560346
0 0.295308 0.736726 0.102041 0.0802556
0 0.405755 0.710184 0.0374798 0.0372208
0 0.413625 0.778521 0.0713181 0.0561333
0 0.400351 0.631833 0.0477043 0.0355148
0 0.982477 0.630784 0.0319122 0.0302958
0 0.28399 0.728226 0.0784438 0.0646879
0 0.0796732 0.750021 0.0544367 0.0453285
0 0.0766391 0.829352 0.101416 0.0673869
0 0.965316 0.728899 0.0693675 0.052158
0 0.0686774 0.834389 0.137355 0.0751874
0 0.679351 0.61569 0.0373961 0.0314676
0 0.0288268 0.781197 0.0576536 0.0878227
0 0.451103 0.613994 0.034989 0.0327695
0 0.793295 0.811161 0.132385 0.0687284
0 0.79038 0.70448 0.0521618 0.0481051
0 0.782781 0.707077 0.0660654 0.0513794
0 0.771197 0.808665 0.1488 0.0666612
0 0.71594 0.697451 0.0926842 0.0502462
0 0.812539 0.812395 0.0899752 0.0670981
0 0.743274 0.690223 0.0364106 0.0337535
0 0.469154 0.691112 0.0458361 0.0406139
0 0.444042 0.794051 0.170857 0.0667862
0 0.44722 0.790231 0.131526 0.0632811
0 0.978964 0.704482 0.0420712 0.0595978
1 0.0282324 0.636979 0.0364772 0.0291484
0 0.467207 0.787433 0.085523 0.0617383
0 0.459972 0.694626 0.0607839 0.0491065
0 0.427821 0.788973 0.113593 0.0565244
1 0.0360427 0.634648 0.0312913 0.0304225
0 0.968508 0.705291 0.0629839 0.056943
0 0.701506 0.688636 0.0301243 0.0302478
0 0.73463 0.690425 0.0492431 0.0361495
0 0.331798 0.797947 0.106932 0.0636798
0 0.346357 0.697144 0.0475654 0.0463802
0 0.616029 0.682986 0.0343114 0.0296664
0 0.345318 0.796369 0.0747273 0.068734
0 0.845028 0.694022 0.160524 0.0544217
0 0.272509 0.795069 0.0653655 0.0487218
0 0.842755 0.69066 0.114864 0.0502993
0 0.286471 0.799349 0.0971434 0.0543905
0 0.259093 0.701707 0.06236 0.0451031
0 0.318895 0.801656 0.160147 0.063556
0 0.906029 0.688629 0.0606943 0.0425486
0 0.345516 0.69685 0.0459226 0.0457619
0 0.336537 0.796439 0.089868 0.0612012
0 0.32095 0.800579 0.124858 0.0649442
0 0.615576 0.683605 0.0310188 0.0289466
0 0.845092 0.693707 0.158115 0.0542418
0 0.286717 0.801055 0.103578 0.0565825
0 0.251273 0.701986 0.0538917 0.0432462
0 0.577061 0.682223 0.0308623 0.0304095
0 0.271308 0.796101 0.0676488 0.0493809
0 0.905205 0.689003 0.0584293 0.0421427
0 0.316792 0.804784 0.172494 0.062457
0 0.84236 0.690496 0.112932 0.0505074
0 0.347765 0.797588 0.0657928 0.0692424
0 0.780409 0.707224 0.0366043 0.0355592
0 0.446768 0.83461 0.180534 0.0762263
0 0.0209739 0.64215 0.040547 0.0347293
0 0.426929 0.831785 0.12231 0.066331
0 0.772907 0.708237 0.05037 0.0369266
0 0.468323 0.711469 0.0662401 0.0497196
0 0.736076 0.707764 0.0429052 0.0335401
0 0.394026 0.714792 0.0781896 0.0452353
0 0.480574 0.710127 0.0456026 0.0498627
0 0.741132 0.708538 0.0598473 0.0355548
0 0.364907 0.837749 0.13667 0.0823062
0 0.342362 0.847334 0.148815 0.0807645
0 0.686312 0.702529 0.0470251 0.0384429
0 0.646472 0.701916 0.0338635 0.0323789
0 0.392925 0.712564 0.0537795 0.0467733
0 0.949489 0.719075 0.101021 0.0560109
0 0.308518 0.714172 0.0848453 0.0576328
0 0.37231 0.719419 0.0953914 0.0540503
0 0.935078 0.719394 0.129844 0.057002
0 0.385132 0.71644 0.0699576 0.0513222
0 0.325616 0.838258 0.103333 0.0672442
0 0.361285 0.722268 0.131233 0.0541517
0 0.636272 0.698067 0.036694 0.0394325
0 0.29384 0.85319 0.175749 0.0773463
0 0.881461 0.708629 0.106195 0.0514829
0 0.948663 0.709922 0.0751032 0.0508896
0 0.594351 0.700836 0.0348206 0.0312121
0 0.933 0.71015 0.121013 0.0522059
0 0.337817 0.714045 0.0569153 0.0479647
0 0.952849 0.706798 0.0583511 0.0466103
0 0.318241 0.719407 0.09444 0.0539708
0 0.307765 0.725043 0.120282 0.0573009
0 0.267479 0.849354 0.114078 0.0733493
0 0.639138 0.707572 0.0386662 0.0351913
0 0.285846 0.875853 0.181275 0.09384
0 0.328215 0.725106 0.0542386 0.0547435
0 0.598324 0.710248 0.0439994 0.0359829
0 0.319455 0.727652 0.0716607 0.0528126
0 0.298691 0.7307 0.11564 0.0623319
0 0.60419 0.710035 0.0624794 0.0368619
0 0.914306 0.729485 0.171387 0.0710035
0 0.915345 0.721725 0.146896 0.0574066
0 0.261523 0.875442 0.144449 0.08601
0 0.617058 0.709519 0.080938 0.0387939
0 0.059331 0.650968 0.0370634 0.0312174
0 0.752733 0.745827 0.0670866 0.0472978
0 0.33269 0.94279 0.237393 0.101293
0 0.360761 0.764649 0.162812 0.0724768
0 0.377094 0.757298 0.114085 0.0631296
0 0.733154 0.747402 0.112229 0.0464542
0 0.391678 0.754436 0.0861707 0.0625188
0 0.719766 0.744393 0.0754965 0.0387386
0 0.298952 0.763633 0.0965218 0.056514
0 0.0194772 0.654866 0.0293053 0.0361506
0 0.696439 0.73757 0.047978 0.043147
0 0.944501 0.74845 0.110999 0.0664693
0 0.958246 0.744399 0.0835073 0.0672284
0 0.261108 0.945751 0.248158 0.0986905
0 0.302783 0.768744 0.159989 0.0777603
0 0.227577 0.767707 0.0803541 0.055425
0 0.337547 0.75388 0.0718762 0.0632598
0 0.648998 0.738707 0.0511164 0.0387606
0 0.246348 0.954343 0.192719 0.0907232
0 0.325356 0.756673 0.0976289 0.0647311
0 0.677923 0.738245 0.0863882 0.0462296
0 0.661331 0.734718 0.0615023 0.0475669
0 0.943981 0.752501 0.112039 0.0651569
0 0.286321 0.759837 0.111716 0.0638173
0 0.304332 0.757059 0.0833925 0.0643806
0 0.229813 0.950307 0.261174 0.0898136
0 0.197051 0.769759 0.0835036 0.0567811
0 0.282261 0.769498 0.143617 0.0732859
0 0.924124 0.751873 0.151752 0.0676036
0 0.644183 0.736418 0.0991755 0.0478886
0 0.617725 0.736367 0.0457941 0.0355157
0 0.965216 0.76438 0.0695678 0.0538137
0 0.69674 0.775222 0.0734508 0.052928
0 0.682703 0.775621 0.105906 0.0523174
0 0.659216 0.773626 0.0715103 0.0469536
0 0.256958 0.809028 0.141138 0.0774104
0 0.274858 0.804622 0.11401 0.0774877
0 0.238585 0.818677 0.225796 0.0789201
0 0.168517 0.819952 0.131707 0.0690406
0 0.153037 0.819178 0.0931703 0.062827
0 0.207633 0.820425 0.195054 0.069619
0 0.665154 0.7782 0.0887149 0.0528169
0 0.702 0.822243 0.135475 0.0656843
0 0.163748 0.883292 0.276889 0.121831
0 0.726704 0.819206 0.0793547 0.0660113
0 0.145638 0.897849 0.287703 0.121469
0 0.705556 0.828808 0.134969 0.0702437
0 0.722473 0.827919 0.0946272 0.0675162
0 0.172707 0.889872 0.226994 0.11085
0 0.800491 0.969244 0.244917 0.0608604
1 0.160733 0.819576 0.0229866 0.0277489
0 0.932777 0.941493 0.134446 0.115605
0 0.672867 0.906276 0.336588 0.164988
0 0.618194 0.895816 0.212872 0.141378
0 0.278025 0.90844 0.315965 0.158768
0 0.797451 0.704123 0.0686229 0.0499332
0 0.78238 0.706752 0.103364 0.0538811
0 0.242492 0.908083 0.235274 0.146311
0 0.773666 0.706985 0.15815 0.0587476
0 0.741173 0.708844 0.109911 0.0566649
0 0.648883 0.723193 0.0665087 0.0417868
0 0.175937 0.913942 0.338794 0.155107
0 0.568294 0.713604 0.0706121 0.0410241
0 0.70545 0.699056 0.06063 0.0526765
0 0.575814 0.718415 0.0873052 0.0472432
0 0.691287 0.698851 0.0921814 0.0494953
0 0.556652 0.714402 0.044266 0.0394084
0 0.622185 0.711075 0.0625809 0.0666949
0 0.144476 0.921238 0.283162 0.152491
0 0.516937 0.713438 0.0670465 0.0395565
0 0.655922 0.695113 0.0579065 0.0500178
0 0.524956 0.71819 0.0825699 0.0445803
0 0.571084 0.708645 0.0614689 0.0682817
0 0.64443 0.694783 0.0854675 0.0481942
0 0.506057 0.713795 0.040552 0.03884
0 0.176038 0.938469 0.306394 0.123063
0 0.708972 0.718767 0.13565 0.0546387
0 0.582455 0.738047 0.0733209 0.0478364
0 0.576802 0.733246 0.0567638 0.0427809
0 0.158878 0.940816 0.317756 0.105695
0 0.692773 0.731442 0.171071 0.0738764
0 0.689418 0.723691 0.145676 0.0641481
0 0.571661 0.746258 0.0799648 0.0523949
0 0.568201 0.741498 0.0658669 0.0495797
0 0.134349 0.952049 0.268697 0.0901546
0 0.526163 0.74097 0.0692517 0.0487246
0 0.654541 0.717477 0.126993 0.0529368
0 0.638813 0.723008 0.144974 0.059773
0 0.790697 0.87766 0.26095 0.131443
0 0.660025 0.944794 0.264648 0.102266
0 0.62114 0.945034 0.139862 0.105067
0 0.834642 0.91871 0.315483 0.153482
0 0.62636 0.972484 0.243156 0.0550315
1 0.0217109 0.824627 0.0420835 0.0507174
0 0.866128 0.761059 0.116278 0.0579998
0 0.855433 0.759843 0.155029 0.0638082
0 0.882037 0.761459 0.0805233 0.0584877
0 0.787066 0.753337 0.10894 0.0578715
0 0.817648 0.756103 0.151485 0.0564259
0 0.69769 0.887465 0.269558 0.135879
0 0.686258 0.918718 0.307442 0.148701
0 0.684972 0.874696 0.179358 0.113219
0 0.98095 0.626094 0.0361847 0.0378471
0 0.974669 0.682784 0.0503725 0.0317678
0 0.929173 0.918309 0.141655 0.102331
0 0.420642 0.883446 0.16789 0.122427
0 0.709601 0.659016 0.0517059 0.0328158
0 0.774499 0.623263 0.040044 0.0397865
0 0.694377 0.660388 0.0633763 0.0354394
0 0.686916 0.660782 0.0449807 0.0336357
0 0.881875 0.913218 0.23625 0.126189
0 0.835361 0.708385 0.0408447 0.0360123
0 0.346824 0.891255 0.179496 0.12587
0 0.694432 0.618042 0.0583904 0.0480095
0 0.856802 0.903104 0.171321 0.0946709
0 0.685109 0.613757 0.0640796 0.0488502
0 0.773059 0.700287 0.0333263 0.0312167
0 0.820693 0.705259 0.0612778 0.0447592
0 0.776237 0.703812 0.0450201 0.0335237
0 0.812455 0.883681 0.0863094 0.0886009
0 0.862206 0.897855 0.275587 0.136249
0 0.793711 0.704599 0.0414106 0.0359442
0 0.284644 0.901342 0.220879 0.127394
0 0.736165 0.698095 0.0367918 0.0318309
0 0.65804 0.617813 0.0612045 0.0468508
0 0.784385 0.702353 0.0559722 0.0415431
0 0.822737 0.889256 0.27425 0.13101
0 0.24019 0.907702 0.24177 0.137058
0 0.624394 0.613885 0.0523686 0.0462016
0 0.699014 0.696591 0.038689 0.0344027
0 0.267653 0.901659 0.179829 0.128641
0 0.747858 0.697571 0.0487305 0.0374316
0 0.704315 0.700036 0.0550837 0.0374713
