0 0.796613 0.939435 0.369364 0.12113
0 0.435468 0.675274 0.0435693 0.031856
0 0.481666 0.627301 0.0481409 0.04033
0 0.985213 0.651529 0.0279036 0.0374411
0 0.638889 0.716069 0.0486002 0.0406644
0 0.578047 0.714263 0.0353823 0.0332489
0 0.427986 0.675511 0.0588537 0.0336989
0 0.91783 0.67811 0.0562941 0.0364016
0 0.417106 0.616547 0.0354106 0.0293635
0 0.670684 0.74077 0.0465193 0.046313
0 0.972047 0.696719 0.053018 0.0414902
0 0.422714 0.621625 0.034741 0.0313606
0 0.440132 0.689872 0.0505167 0.0355642
0 0.50103 0.633911 0.0379457 0.0419632
0 0.427775 0.622979 0.0476751 0.0347099
0 0.657807 0.739161 0.0720953 0.0544051
0 0.600398 0.734636 0.043655 0.0364438
0 0.616645 0.736319 0.0783648 0.0444051
0 0.491009 0.630695 0.0519476 0.0430771
0 0.639099 0.736112 0.111705 0.0538918
0 0.714923 0.827118 0.186627 0.0757085
0 0.447415 0.735566 0.0510255 0.0438426
0 0.699381 0.822049 0.152262 0.0634415
0 0.402995 0.735834 0.0392891 0.0368103
0 0.439721 0.73598 0.06855 0.0473852
0 0.508782 0.656108 0.0587365 0.0491887
0 0.389624 0.824325 0.132273 0.0583728
0 0.405262 0.822847 0.0958223 0.0592868
0 0.510314 0.694738 0.0461243 0.0446597
0 0.3985 0.863802 0.140184 0.0747587
0 0.468575 0.590889 0.0366359 0.0305635
0 0.526977 0.71158 0.0534697 0.0468511
0 0.492783 0.699992 0.0426188 0.0419276
0 0.500063 0.758615 0.0763498 0.0519346
0 0.509199 0.75849 0.055146 0.0543915
0 0.395638 0.719018 0.0973202 0.0735497
0 0.490638 0.758303 0.105922 0.0550311
0 0.340114 0.969646 0.273441 0.0607089
0 0.48647 0.622507 0.0293127 0.0291285
0 0.413388 0.829751 0.266345 0.139329
0 0.700957 0.617133 0.0338827 0.0314267
0 0.458161 0.948761 0.214917 0.0978551
0 0.376174 0.905 0.346797 0.181404
0 0.723382 0.628207 0.0509391 0.0360844
0 0.556869 0.677158 0.0462836 0.0371641
0 0.441106 0.629821 0.0384001 0.0292712
0 0.836765 0.671586 0.0544006 0.0396151
0 0.602091 0.766072 0.0560872 0.0585182
0 0.552128 0.75959 0.166696 0.0739848
0 0.57814 0.762664 0.10433 0.0640827
0 0.82114 0.671687 0.0736572 0.0416926
0 0.376522 0.679165 0.0400547 0.0349623
0 0.452576 0.67163 0.0305363 0.031104
0 0.504816 0.761091 0.0871857 0.0674222
0 0.782306 0.666923 0.0417831 0.0331097
0 0.390231 0.677739 0.0620549 0.0384783
0 0.789233 0.668345 0.0521197 0.0348117
0 0.576825 0.796237 0.11699 0.0685402
0 0.59193 0.797688 0.0836885 0.0678698
0 0.491509 0.790715 0.0835394 0.0778659
0 0.552837 0.788038 0.20993 0.0796272
0 0.840589 0.681896 0.0815294 0.0417297
0 0.557254 0.791892 0.148105 0.0707481
0 0.403181 0.681958 0.065698 0.0376928
0 0.368093 0.691943 0.0668168 0.0405469
0 0.835027 0.686324 0.104959 0.0436028
0 0.85068 0.685169 0.0659151 0.0434085
0 0.355791 0.693821 0.0451288 0.0378868
0 0.532566 0.938739 0.328841 0.122523
0 0.916212 0.739127 0.136237 0.0618757
0 0.349171 0.748711 0.114531 0.0641563
0 0.930756 0.742649 0.11412 0.053421
0 0.893497 0.737139 0.119429 0.0582136
0 0.39437 0.74249 0.0516969 0.0405732
0 0.328934 0.752045 0.117605 0.0647435
0 0.276341 0.765792 0.0576001 0.0421188
0 0.267343 0.767016 0.0407663 0.036497
0 0.364507 0.745973 0.11518 0.0509355
0 0.382473 0.74296 0.0825882 0.0429106
0 0.298895 0.76111 0.0974049 0.0543107
0 0.287455 0.764063 0.0830197 0.0500028
0 0.961315 0.787859 0.0773697 0.0629612
0 0.331602 0.808478 0.164268 0.0986519
0 0.298684 0.810243 0.17054 0.0988378
0 0.95834 0.794448 0.0833195 0.0584601
0 0.315128 0.821082 0.17083 0.108348
0 0.286635 0.826467 0.223542 0.114921
0 0.159168 0.972884 0.101415 0.0542319
0 0.18694 0.974298 0.148203 0.0514033
0 0.814512 0.973393 0.19638 0.0532143
0 0.770522 0.983308 0.127579 0.0333844
0 0.646141 0.969587 0.181819 0.0605466
0 0.664733 0.968841 0.260881 0.0623183
0 0.519587 0.968663 0.145991 0.0599709
0 0.541133 0.968527 0.233535 0.0625369
0 0.681174 0.975178 0.224579 0.0496436
0 0.640906 0.974108 0.201893 0.0511739
1 0.548544 0.699559 0.0722599 0.0537875
0 0.979687 0.744334 0.0393812 0.0752159
0 0.981485 0.753141 0.0357367 0.0479565
1 0.521816 0.705157 0.0681963 0.0558044
1 0.509857 0.705678 0.0772278 0.0582884
0 0.972463 0.760811 0.0550741 0.0519859
0 0.982036 0.705072 0.0332542 0.044873
1 0.560438 0.768904 0.11201 0.0682388
1 0.543857 0.87872 0.145879 0.117562
1 0.524967 0.922236 0.198859 0.146264
1 0.605744 0.974384 0.0451278 0.0492098
1 0.515883 0.984955 0.0360836 0.029987
1 0.125681 0.785031 0.24881 0.403289
1 0.0691357 0.824996 0.131831 0.339302
0 0.855614 0.838516 0.189101 0.111195
0 0.786288 0.829792 0.110831 0.0872519
0 0.772806 0.819637 0.0857356 0.069355
0 0.634817 0.815526 0.176471 0.101135
0 0.802454 0.960959 0.177849 0.0780823
0 0.934321 0.663785 0.0496498 0.0362564
0 0.569656 0.808316 0.0802963 0.0640396
0 0.500955 0.814797 0.168099 0.0992724
0 0.745856 0.603595 0.0716993 0.053628
0 0.716321 0.949029 0.309773 0.0969371
0 0.85382 0.657108 0.041675 0.0390643
0 0.44551 0.813118 0.0858946 0.0725388
0 0.675096 0.950025 0.221265 0.0936072
0 0.389 0.816103 0.174231 0.102938
0 0.585301 0.940476 0.2416 0.119048
0 0.72917 0.646606 0.0442801 0.041673
0 0.330421 0.822117 0.0880952 0.0757263
0 0.676707 0.645692 0.0473469 0.0356664
0 0.313284 0.823083 0.181632 0.107928
0 0.501655 0.941064 0.231546 0.117871
0 0.258588 0.835135 0.106772 0.0890554
0 0.246749 0.828308 0.0840874 0.0697589
0 0.568593 0.599122 0.0404347 0.0480909
0 0.309361 0.88621 0.234657 0.151094
0 0.612663 0.603728 0.0535724 0.0533157
0 0.709538 0.656668 0.0425565 0.0404243
0 0.651241 0.6537 0.0414207 0.0324815
0 0.305326 0.921756 0.277947 0.152539
0 0.884229 0.657258 0.0400276 0.0354759
0 0.643353 0.605533 0.0389313 0.0551932
0 0.752351 0.668814 0.043684 0.0476357
0 0.685062 0.665864 0.0325338 0.0310596
1 0.732395 0.59699 0.02918 0.041934
0 0.688044 0.667785 0.0459376 0.0367699
0 0.952346 0.669272 0.0335251 0.0418943
0 0.943115 0.670343 0.0474567 0.0388051
0 0.790144 0.684931 0.0533949 0.0454877
0 0.332035 0.957288 0.227781 0.0767656
0 0.795104 0.689014 0.0471518 0.0454529
0 0.921759 0.669382 0.0380936 0.0333716
0 0.72376 0.681155 0.0523603 0.0377256
0 0.343814 0.952787 0.336404 0.0904163
0 0.717126 0.68078 0.0365372 0.0365508
0 0.932816 0.670661 0.0578577 0.0377782
0 0.779415 0.686763 0.0787136 0.0463322
0 0.731268 0.685426 0.0713865 0.0423325
0 0.852781 0.66249 0.0559504 0.0399882
1 0.774831 0.653545 0.0374231 0.0473259
0 0.860885 0.661814 0.0414743 0.0391726
0 0.720546 0.679904 0.0446383 0.041302
0 0.651362 0.677003 0.0463379 0.0366961
0 0.262289 0.957142 0.229811 0.0808403
0 0.662549 0.684203 0.0887974 0.0385941
0 0.974841 0.713509 0.0503174 0.0397423
0 0.656452 0.657182 0.0437737 0.0320933
0 0.79853 0.747769 0.139272 0.0654381
1 0.79507 0.674655 0.0242002 0.0334323
0 0.832265 0.748289 0.0678127 0.0543512
0 0.84077 0.749079 0.0496691 0.0517718
0 0.817906 0.746504 0.0988054 0.0559359
0 0.756771 0.745981 0.131962 0.0549889
1 0.58978 0.738384 0.0232067 0.0363658
0 0.749292 0.740409 0.0999458 0.053093
0 0.903232 0.823721 0.193536 0.114978
0 0.736345 0.682882 0.0407673 0.0313207
0 0.722648 0.680367 0.0542742 0.033685
0 0.897516 0.817438 0.204968 0.0875445
0 0.728827 0.682887 0.0538971 0.0338112
0 0.677675 0.679078 0.0411139 0.0321236
0 0.604068 0.632573 0.0341557 0.0326701
0 0.858639 0.807402 0.231593 0.0937529
0 0.669849 0.678539 0.0606167 0.0361006
0 0.809824 0.806396 0.1434 0.0781714
0 0.804629 0.849837 0.243318 0.122036
0 0.614171 0.691821 0.0372555 0.0342709
0 0.531752 0.640161 0.0382195 0.0337819
1 0.773973 0.71146 0.0293936 0.0359273
0 0.594098 0.693279 0.0675545 0.0368254
0 0.775885 0.848421 0.19787 0.092674
0 0.830653 0.848244 0.197671 0.10576
0 0.603568 0.638741 0.0426216 0.0415754
0 0.726725 0.8293 0.117645 0.0672419
0 0.802983 0.627481 0.0333611 0.031006
0 0.711144 0.707071 0.0454952 0.0371633
0 0.705406 0.823729 0.0926398 0.064128
0 0.606788 0.702084 0.0924861 0.0530996
0 0.597444 0.697627 0.0692069 0.0495745
0 0.747007 0.829657 0.073742 0.0684586
1 0.986088 0.635829 0.024284 0.0551187
0 0.727739 0.848199 0.12202 0.0772029
0 0.706887 0.715138 0.0477476 0.0410838
0 0.597151 0.708666 0.0881411 0.0561885
0 0.798364 0.631853 0.0334291 0.0321058
0 0.713241 0.843453 0.114445 0.0734191
0 0.611166 0.707824 0.121005 0.0511921
0 0.700203 0.712679 0.0602621 0.04391
0 0.581881 0.704066 0.0563576 0.0534227
0 0.748666 0.849696 0.0796929 0.0772446
0 0.691234 0.71024 0.0792568 0.0443253
0 0.836522 0.657886 0.041116 0.0361231
0 0.622194 0.788032 0.140857 0.0835531
0 0.768496 0.801406 0.0551697 0.0495061
0 0.701816 0.784309 0.197395 0.0731773
0 0.601281 0.783729 0.0945602 0.0841629
0 0.646817 0.78784 0.230118 0.0818801
0 0.746721 0.792875 0.109759 0.0520428
0 0.666835 0.794335 0.240856 0.104616
0 0.731587 0.664271 0.0390814 0.0366295
0 0.677166 0.890201 0.281616 0.15484
0 0.842436 0.679999 0.0660337 0.0464808
0 0.824489 0.684142 0.105425 0.0497195
0 0.603194 0.913641 0.303742 0.16383
0 0.771031 0.680148 0.0503293 0.0451853
0 0.554114 0.908924 0.195353 0.168273
0 0.759886 0.68133 0.0767367 0.0464185
0 0.719794 0.697912 0.09617 0.0511286
0 0.745771 0.686333 0.106684 0.0516257
0 0.721663 0.693027 0.0826948 0.0516223
0 0.532262 0.944845 0.351012 0.107684
0 0.589013 0.950742 0.44332 0.0957621
0 0.754665 0.745936 0.0935997 0.0660347
0 0.629384 0.789153 0.0621174 0.0532061
0 0.739358 0.757129 0.151905 0.0943967
0 0.668657 0.735332 0.0692423 0.0458054
0 0.764958 0.799627 0.18165 0.0840158
0 0.71078 0.897649 0.219874 0.0842192
0 0.661608 0.879156 0.126503 0.0765858
0 0.787821 0.803673 0.109958 0.0797333
0 0.647136 0.873426 0.0942145 0.0760475
0 0.688286 0.791106 0.107466 0.0603746
0 0.703603 0.925044 0.226505 0.115262
0 0.767419 0.814091 0.199596 0.0904371
0 0.685451 0.915475 0.217083 0.0908231
0 0.780423 0.815264 0.139838 0.0894333
0 0.819297 0.932572 0.361407 0.134856
1 0.112632 0.790704 0.0342955 0.0413033
0 0.806356 0.952892 0.387288 0.0941897
0 0.782658 0.953479 0.423843 0.0921252
1 0.0179105 0.8288 0.0358209 0.0591125
0 0.624496 0.939053 0.39838 0.121894
0 0.96794 0.732842 0.0641197 0.0505782
0 0.510565 0.939954 0.374778 0.120092
0 0.392571 0.940952 0.347445 0.118097
0 0.857346 0.721662 0.118545 0.050334
0 0.946364 0.730849 0.0662827 0.0527898
0 0.865582 0.725204 0.163852 0.0562335
0 0.919293 0.72928 0.142114 0.0528226
0 0.845026 0.719055 0.088825 0.0449498
0 0.310182 0.953745 0.384703 0.089672
0 0.843325 0.719066 0.0710199 0.049498
0 0.775526 0.718983 0.124387 0.0475436
0 0.745096 0.715249 0.046606 0.0427162
0 0.756492 0.716171 0.0712467 0.0446884
0 0.832464 0.721155 0.10211 0.0516657
0 0.811791 0.720361 0.15314 0.0520728
0 0.286275 0.954027 0.387624 0.0904432
0 0.81954 0.718918 0.0718952 0.0545228
0 0.807006 0.72 0.101307 0.0548864
0 0.746775 0.713357 0.104707 0.0499804
0 0.730125 0.712322 0.0642378 0.0456896
0 0.758864 0.714862 0.14483 0.048819
0 0.793157 0.722851 0.134127 0.0594924
0 0.783964 0.718399 0.177531 0.0487617
0 0.869102 0.775454 0.0861153 0.0625983
0 0.854202 0.773373 0.1266 0.0623561
0 0.773246 0.766221 0.105479 0.0636719
0 0.792164 0.768447 0.144005 0.0616127
0 0.839522 0.770487 0.169568 0.061937
0 0.626548 0.846809 0.197955 0.0869486
0 0.61115 0.843306 0.137497 0.0896667
0 0.657706 0.84287 0.259708 0.0952964
0 0.626283 0.888944 0.265917 0.134855
0 0.599739 0.888482 0.216315 0.108249
0 0.955033 0.949186 0.0899035 0.0800129
0 0.711337 0.87269 0.180509 0.109925
0 0.551844 0.859746 0.159285 0.0990199
0 0.920108 0.904506 0.159784 0.106269
0 0.435211 0.86124 0.160782 0.0998143
0 0.773345 0.620217 0.0664461 0.0457339
0 0.719994 0.658096 0.0522363 0.0337252
0 0.853681 0.881944 0.274248 0.126985
0 0.320189 0.869222 0.181 0.108254
0 0.674506 0.612443 0.0450008 0.0441434
0 0.791048 0.696923 0.0513969 0.0382678
0 0.738003 0.694855 0.0331139 0.0340532
0 0.74443 0.695901 0.0484087 0.0362328
0 0.789559 0.871437 0.258433 0.117189
0 0.74894 0.695376 0.0433789 0.0387558
0 0.270495 0.873298 0.186907 0.111012
0 0.634086 0.61518 0.0388888 0.0421056
0 0.754797 0.866449 0.190075 0.0877997
0 0.247157 0.880716 0.224708 0.128818
0 0.756797 0.698867 0.0371193 0.034624
0 0.832626 0.918222 0.301159 0.134438
0 0.758673 0.708147 0.0432878 0.0366453
0 0.20213 0.919334 0.267791 0.135877
0 0.622081 0.617884 0.0609372 0.0486343
0 0.234184 0.919257 0.187631 0.129386
1 0.822992 0.683375 0.0432749 0.048525
0 0.747362 0.704768 0.061492 0.044606
0 0.697399 0.703895 0.0358889 0.0324656
0 0.612464 0.613812 0.0674118 0.0475983
0 0.556425 0.65989 0.0664147 0.0359168
0 0.569495 0.658055 0.0537809 0.034116
0 0.826002 0.734814 0.0576887 0.0464188
0 0.249875 0.958336 0.225109 0.0806488
0 0.610975 0.675183 0.0461352 0.0337395
0 0.665557 0.627694 0.0571399 0.0446566
0 0.263833 0.961139 0.15674 0.075929
0 0.805655 0.732858 0.101375 0.0493033
0 0.796227 0.732007 0.0609989 0.0458605
0 0.588225 0.675283 0.0439795 0.0330355
0 0.232826 0.963634 0.179848 0.0727323
0 0.646693 0.627879 0.0489735 0.0446849
0 0.791825 0.724765 0.0662294 0.0573831
0 0.237744 0.962564 0.248429 0.0742839
0 0.848621 0.956704 0.302759 0.0865918
0 0.777345 0.72824 0.10023 0.0483318
0 0.889796 0.792848 0.184547 0.0666476
0 0.886762 0.789829 0.124143 0.0634848
0 0.646626 0.706749 0.0415337 0.0370122
0 0.866363 0.788576 0.132194 0.0563756
0 0.902224 0.797886 0.120263 0.0610249
0 0.927805 0.800245 0.0613789 0.0595205
0 0.965946 0.870133 0.0681077 0.067558
0 0.70401 0.746681 0.0551779 0.0434825
0 0.68248 0.745914 0.099684 0.043865
0 0.777531 0.673679 0.0407483 0.0382875
0 0.672722 0.742436 0.0749247 0.0409668
0 0.945817 0.884871 0.108367 0.071449
0 0.645605 0.750379 0.101622 0.0469233
0 0.739016 0.674228 0.0403572 0.0371597
0 0.66107 0.749303 0.0694914 0.0464279
0 0.637921 0.74575 0.0833372 0.0390396
0 0.927158 0.876741 0.145683 0.0773061
0 0.63226 0.747173 0.0684074 0.0448488
0 0.710405 0.673971 0.0418852 0.0362895
0 0.946022 0.876173 0.107956 0.083948
0 0.616401 0.750152 0.0956987 0.0455336
0 0.916015 0.871039 0.113622 0.0676904
0 0.640437 0.749601 0.0520668 0.0478219
0 0.912731 0.902149 0.171205 0.0887432
0 0.660463 0.678165 0.039887 0.0387781
0 0.592207 0.765982 0.0621742 0.0536287
0 0.656341 0.676161 0.0496615 0.0472266
0 0.571047 0.764974 0.106115 0.050176
0 0.578435 0.657281 0.0791339 0.0486031
0 0.643788 0.677089 0.0707775 0.0436315
0 0.560444 0.648432 0.0496541 0.0374461
0 0.566467 0.652547 0.0601534 0.0392278
0 0.627648 0.891603 0.141183 0.0892174
0 0.610367 0.69382 0.106294 0.0610574
0 0.718479 0.728316 0.0570978 0.0460332
0 0.663579 0.616644 0.0292702 0.0295831
0 0.641922 0.707713 0.037359 0.0373474
0 0.671195 0.767035 0.067734 0.0547593
0 0.545407 0.720826 0.106598 0.0784732
0 0.660015 0.768355 0.0948291 0.0579895
0 0.608923 0.626143 0.0495226 0.0345034
1 0.783253 0.607427 0.0278183 0.0342056
0 0.566764 0.97211 0.277188 0.0557794
0 0.53766 0.710932 0.0896811 0.0649998
0 0.605994 0.774596 0.0535202 0.0388475
0 0.603266 0.625741 0.0341896 0.0332113
0 0.459202 0.733465 0.109326 0.0782205
0 0.570012 0.781982 0.111856 0.0552684
0 0.557623 0.712196 0.0394342 0.0393895
0 0.444449 0.721641 0.07906 0.0628281
0 0.550661 0.786096 0.115356 0.0583939
0 0.488537 0.738687 0.138384 0.0833379
0 0.528483 0.632431 0.0540665 0.0366339
0 0.584872 0.779925 0.0776709 0.0563202
0 0.388926 0.724805 0.0392512 0.0374527
0 0.396242 0.794872 0.107053 0.0591413
0 0.406226 0.794033 0.0800871 0.0674955
0 0.832425 0.625228 0.0555254 0.0341176
0 0.279986 0.758645 0.125926 0.085537
0 0.303929 0.6107 0.0487129 0.0326224
0 0.250915 0.737159 0.0397018 0.0410192
0 0.254201 0.817007 0.0958485 0.0670644
0 0.236631 0.819161 0.137286 0.0673457
0 0.151435 0.777563 0.182218 0.0993108
0 0.833186 0.6237 0.0331663 0.0326635
0 0.235356 0.819806 0.190232 0.0728744
0 0.0760411 0.850801 0.132658 0.077533
0 0.974007 0.724164 0.0491154 0.052706
0 0.0875312 0.762117 0.0515155 0.0434372
0 0.0319989 0.796462 0.0635864 0.0894295
0 0.0931293 0.84727 0.0954841 0.0725866
0 0.0643459 0.858926 0.128692 0.090542
0 0.0787274 0.76407 0.0691642 0.0466799
0 0.691237 0.616069 0.0405907 0.0323751
0 0.0769336 0.654012 0.0336904 0.0347453
0 0.0178874 0.62826 0.0357748 0.0361196
0 0.853505 0.819766 0.127977 0.0698729
0 0.488374 0.613454 0.0355867 0.0306618
0 0.838765 0.81739 0.174246 0.0718942
0 0.828683 0.711089 0.0618654 0.0515841
0 0.816181 0.710044 0.0885405 0.0541667
0 0.813741 0.811563 0.136044 0.0618518
0 0.481437 0.613143 0.0449448 0.0316368
0 0.801403 0.805519 0.098774 0.0527194
0 0.847295 0.69631 0.0371063 0.0366767
0 0.554786 0.791885 0.152513 0.0646272
0 0.562326 0.693119 0.0442827 0.0422839
0 0.128017 0.625949 0.0510172 0.0324301
0 0.566479 0.790423 0.108794 0.0609767
0 0.801215 0.694077 0.0320349 0.0315646
0 0.533659 0.78539 0.107139 0.0522377
0 0.38459 0.793077 0.159092 0.0653798
0 0.402187 0.694501 0.0414364 0.0428454
0 0.404806 0.789323 0.0898182 0.0614431
0 0.663497 0.682348 0.0373529 0.0304878
0 0.89641 0.694532 0.198707 0.0554522
0 0.418126 0.788906 0.0658497 0.0570259
0 0.365115 0.789649 0.111355 0.0572035
0 0.395782 0.697241 0.0515115 0.0488149
0 0.65576 0.681857 0.0532295 0.0334236
0 0.312699 0.698839 0.0540215 0.0383242
0 0.71377 0.689367 0.0349724 0.0350995
0 0.431714 0.797731 0.122426 0.0686932
0 0.432186 0.69772 0.0573719 0.0474609
0 0.954947 0.702935 0.0901062 0.0521545
0 0.357015 0.696834 0.0725876 0.0489871
0 0.410311 0.799548 0.137368 0.0664009
0 0.450539 0.795422 0.0847794 0.0655699
0 0.672254 0.687477 0.0330856 0.0312693
0 0.405814 0.799363 0.105835 0.0646818
0 0.403343 0.697244 0.0525395 0.0466581
0 0.676814 0.685939 0.0348211 0.0340363
0 0.63752 0.684918 0.0321854 0.0299566
0 0.393388 0.69958 0.0703868 0.0504356
0 0.393452 0.801692 0.153079 0.0650002
1 0.0220038 0.638003 0.0323171 0.0324183
0 0.973488 0.697624 0.0518606 0.0488009
0 0.322093 0.701496 0.0663524 0.0450963
0 0.34706 0.79424 0.0687823 0.0494845
0 0.859508 0.680708 0.0468271 0.0336688
0 0.361536 0.799007 0.103071 0.0556235
0 0.402722 0.69782 0.0523572 0.0466802
0 0.677589 0.688023 0.0343832 0.0345355
0 0.409722 0.799362 0.0908619 0.0595139
0 0.637462 0.686478 0.0323443 0.0302996
0 0.395182 0.803025 0.123725 0.0622091
0 0.360068 0.802147 0.101315 0.0584867
0 0.390555 0.805889 0.17583 0.0626859
0 0.346786 0.797311 0.0698654 0.0532499
0 0.39627 0.701072 0.0626291 0.0534067
0 0.973272 0.6966 0.052652 0.0490632
0 0.319426 0.697446 0.0610497 0.0461065
0 0.91489 0.698804 0.101873 0.0470782
0 0.326928 0.701256 0.0758723 0.0471282
0 0.110044 0.644097 0.0331326 0.0401385
0 0.419706 0.916095 0.18068 0.104522
0 0.781371 0.73033 0.0561703 0.0469204
0 0.436547 0.737919 0.0820308 0.0607496
0 0.414327 0.741673 0.12267 0.0671651
0 0.74145 0.733418 0.0616102 0.0407809
0 0.76876 0.729291 0.0833394 0.0446467
0 0.757072 0.732798 0.099358 0.0454262
0 0.0749428 0.650723 0.040193 0.0366278
0 0.391773 0.932604 0.195985 0.121538
0 0.767035 0.732976 0.0496246 0.0461859
0 0.721304 0.730715 0.0490324 0.0361913
0 0.397384 0.768942 0.12743 0.0934537
0 0.336427 0.75415 0.103082 0.0531189
0 0.376254 0.772231 0.220342 0.0880084
0 0.98602 0.728491 0.0259377 0.0391939
0 0.341633 0.934452 0.200236 0.118304
0 0.0204417 0.65418 0.0408835 0.0434456
0 0.713648 0.72835 0.0555609 0.0430753
0 0.351802 0.764446 0.142026 0.0887634
0 0.295221 0.754103 0.125832 0.0576055
0 0.699753 0.728976 0.0850363 0.0441011
0 0.960765 0.729301 0.0784708 0.0542407
0 0.280015 0.752844 0.0850956 0.0547348
0 0.972382 0.73202 0.0552362 0.0422792
0 0.744694 0.739964 0.0475733 0.0427091
0 0.0203182 0.658774 0.0400319 0.0372599
0 0.350012 0.766679 0.147989 0.0816802
0 0.339712 0.945496 0.248763 0.0994258
0 0.692509 0.738982 0.0427989 0.0372986
0 0.735994 0.741856 0.0631106 0.0453832
0 0.701423 0.73959 0.0643115 0.0415403
0 0.28698 0.765267 0.0945676 0.0604304
0 0.831181 0.813286 0.108948 0.0569804
0 0.822261 0.812243 0.153787 0.0625393
0 0.849159 0.814241 0.0683004 0.0629972
0 0.292039 0.845276 0.188427 0.0826747
0 0.334358 0.841307 0.243509 0.0953236
0 0.802214 0.810957 0.102537 0.0578364
0 0.824535 0.825921 0.136478 0.0628749
0 0.291057 0.871424 0.248062 0.115885
0 0.318015 0.867938 0.210706 0.0972628
0 0.851351 0.826762 0.0752869 0.063826
0 0.805486 0.821872 0.102818 0.0569946
0 0.275667 0.867851 0.220494 0.0887492
0 0.258108 0.883055 0.262864 0.12712
0 0.800284 0.827851 0.13502 0.0652364
0 0.779526 0.822836 0.10143 0.0608061
0 0.824894 0.828575 0.0800163 0.065848
0 0.258913 0.899231 0.269265 0.129789
0 0.824498 0.838754 0.117383 0.0608927
0 0.801134 0.836553 0.115582 0.0603394
0 0.841725 0.838872 0.0858366 0.0665207
0 0.117259 0.986625 0.0988916 0.0267504
0 0.886779 0.963152 0.226443 0.0736961
0 0.228099 0.978698 0.204401 0.0426041
0 0.225892 0.973458 0.236228 0.0530839
0 0.978551 0.91865 0.042898 0.0961062
0 0.978634 0.917637 0.041098 0.152019
0 0.866592 0.917097 0.266817 0.144496
0 0.658976 0.897621 0.334813 0.165468
0 0.981362 0.748447 0.0372752 0.038737
0 0.61649 0.88321 0.237777 0.138314
0 0.337058 0.907934 0.321237 0.157751
0 0.810858 0.701644 0.074527 0.0508352
0 0.290548 0.908781 0.219547 0.148336
0 0.79371 0.705364 0.118876 0.0553151
0 0.67311 0.722146 0.0750433 0.0407089
0 0.78741 0.707071 0.175037 0.059982
0 0.662869 0.716297 0.0501001 0.0366683
0 0.764606 0.707249 0.129873 0.0531099
0 0.24336 0.913098 0.339886 0.159567
0 0.731079 0.698515 0.0608415 0.051958
0 0.594954 0.713135 0.0706102 0.0393888
0 0.60252 0.71791 0.0841837 0.0454559
0 0.714251 0.69813 0.0985644 0.0491943
0 0.187375 0.919064 0.23431 0.148167
0 0.206602 0.919361 0.328508 0.153018
0 0.559481 0.713207 0.0613625 0.037944
0 0.698617 0.695663 0.0619712 0.0481614
0 0.566586 0.718631 0.0751137 0.0419549
0 0.617127 0.712135 0.0607357 0.0635495
0 0.678046 0.696032 0.114559 0.0494961
0 0.694695 0.709977 0.0879785 0.0517298
0 0.179709 0.941077 0.320612 0.117846
0 0.55704 0.731489 0.0635645 0.0434347
0 0.56481 0.736623 0.0762367 0.0492516
0 0.681881 0.711281 0.168036 0.0568479
0 0.68168 0.840154 0.108836 0.0770574
0 0.846644 0.79793 0.198665 0.0841742
0 0.704015 0.846079 0.144055 0.0755028
0 0.726277 0.84978 0.171463 0.068499
0 0.8516 0.79758 0.142963 0.0809601
0 0.766547 0.778143 0.0894577 0.0680481
0 0.756169 0.772214 0.0685141 0.0613324
0 0.909324 0.897426 0.181352 0.156571
0 0.917832 0.881329 0.164337 0.109676
0 0.793209 0.944741 0.132993 0.101075
0 0.808551 0.945205 0.189435 0.101909
0 0.85985 0.870625 0.261844 0.126238
0 0.707103 0.939115 0.134913 0.104492
0 0.754752 0.9488 0.279976 0.0983219
0 0.824464 0.853994 0.275047 0.126187
0 0.857347 0.856915 0.216029 0.114251
0 0.715681 0.934045 0.234704 0.118483
0 0.680465 0.937047 0.159534 0.106749
0 0.879977 0.934928 0.230764 0.130145
1 0.361415 0.773729 0.0316554 0.0363776
0 0.579566 0.956969 0.39823 0.0822047
0 0.431094 0.957309 0.392267 0.0818911
0 0.986596 0.772831 0.0258713 0.039638
0 0.912728 0.762037 0.174544 0.0657908
0 0.906306 0.757859 0.151266 0.05746
0 0.880879 0.754519 0.102481 0.0536453
0 0.846419 0.750055 0.134885 0.060995
0 0.832037 0.744706 0.168411 0.0582471
0 0.874597 0.750267 0.0656818 0.0615114
0 0.781722 0.738704 0.105119 0.0563901
0 0.803487 0.741896 0.158675 0.0561882
0 0.771259 0.73577 0.0761606 0.0561244
0 0.781909 0.738567 0.111652 0.0568893
0 0.794329 0.736633 0.0752432 0.0531092
0 0.711361 0.732644 0.0910006 0.0539279
0 0.701317 0.727469 0.0686163 0.0521863
0 0.774037 0.738171 0.158215 0.0599052
0 0.726065 0.736366 0.1344 0.0527667
0 0.751319 0.736705 0.1321 0.0531815
0 0.699497 0.733257 0.0907373 0.0546492
0 0.768411 0.738906 0.119017 0.0569171
0 0.780628 0.739503 0.0831987 0.054744
0 0.713983 0.736899 0.131956 0.0537516
0 0.690266 0.728361 0.069487 0.0527178
0 0.761986 0.738797 0.169692 0.0609154
0 0.738644 0.736863 0.135747 0.0532717
0 0.753555 0.817113 0.0964895 0.072053
0 0.770548 0.821747 0.143246 0.0730395
0 0.848503 0.827437 0.193002 0.0852376
0 0.833225 0.821419 0.253786 0.0847879
0 0.792267 0.823248 0.21841 0.0735488
0 0.865852 0.832178 0.135259 0.0860214
0 0.618105 0.888975 0.271916 0.135317
0 0.652487 0.934796 0.319956 0.128006
0 0.91437 0.899605 0.171261 0.103872
0 0.687496 0.858986 0.163937 0.0955162
0 0.980774 0.624405 0.0350472 0.0346232
0 0.961516 0.678279 0.0519581 0.035235
0 0.546309 0.861373 0.160694 0.0984083
0 0.98496 0.721457 0.0293159 0.037625
0 0.931596 0.902833 0.136808 0.101603
0 0.44682 0.865048 0.164937 0.102283
0 0.730192 0.658491 0.0535461 0.034608
0 0.717685 0.658901 0.0698315 0.035864
0 0.793935 0.622763 0.0476186 0.0423527
0 0.933171 0.919692 0.133657 0.105114
0 0.42371 0.888955 0.173506 0.123534
0 0.931806 0.722206 0.048687 0.0392921
0 0.698149 0.662004 0.051454 0.0345688
0 0.927039 0.717544 0.0547407 0.0434013
0 0.713939 0.660549 0.0572947 0.0330973
0 0.86626 0.713019 0.0597788 0.0346696
0 0.777065 0.6223 0.0521049 0.0418564
0 0.857798 0.710397 0.0430784 0.037733
0 0.892598 0.91924 0.211802 0.135971
0 0.340026 0.897017 0.212405 0.129193
0 0.704548 0.616319 0.0624643 0.0481298
0 0.851855 0.708845 0.0566013 0.0433144
0 0.879274 0.909629 0.204234 0.106659
0 0.649028 0.658285 0.0622932 0.0343885
0 0.843903 0.894648 0.289486 0.128624
0 0.781416 0.702042 0.040187 0.0388589
0 0.256713 0.907157 0.230252 0.133512
0 0.642248 0.617165 0.0513038 0.0456399
0 0.718094 0.697351 0.0424416 0.0336405
0 0.632154 0.615434 0.0631151 0.0451426
0 0.800049 0.888154 0.224623 0.103648
0 0.585282 0.607673 0.0377787 0.030839
0 0.774425 0.701249 0.0539433 0.0447428
