0 0.634949 0.737955 0.048093 0.0423754
0 0.408507 0.621254 0.0348419 0.0318484
0 0.572209 0.730813 0.0546054 0.0374537
0 0.41738 0.687632 0.0429032 0.0362134
0 0.580351 0.734531 0.0737031 0.0429281
1 0.718253 0.722372 0.0271566 0.0307308
0 0.976565 0.696753 0.0422277 0.0394788
0 0.618049 0.736674 0.083897 0.0487654
0 0.385452 0.686043 0.0363763 0.0333214
0 0.480589 0.629889 0.0391448 0.0407374
0 0.485822 0.632518 0.0322977 0.0388294
0 0.951865 0.698301 0.0878288 0.0411743
0 0.967636 0.696778 0.0647271 0.0409601
0 0.601166 0.733613 0.110139 0.0479858
