0 0.719742 0.113701 0.120055 0.053532
0 0.333178 0.124043 0.120055 0.057175
0 0.289956 0.161146 0.110450 0.043793
0 0.197519 0.291315 0.151262 0.068126
0 0.232327 0.390467 0.072031 0.042581
0 0.318765 0.495089 0.115247 0.059611
0 0.464029 0.451899 0.103249 0.041363
0 0.750960 0.409324 0.081636 0.041363
0 0.743754 0.281585 0.129660 0.055962
0 0.947843 0.252995 0.086443 0.066913
0 0.890214 0.465890 0.086443 0.032848
0 0.856603 0.563821 0.086443 0.046229
0 0.880494 0.617350 0.149111 0.087592
0 0.193919 0.711023 0.110450 0.072992
0 0.303156 0.754819 0.103238 0.043799
0 0.562475 0.889858 0.093644 0.058393
0 0.818183 0.783412 0.115247 0.064477
0 0.915417 0.880125 0.127234 0.068126
