0 0.151910 0.644728 0.053450 0.091237
0 0.267831 0.103975 0.059462 0.063259
0 0.302572 0.282198 0.052783 0.100969
0 0.414817 0.276725 0.044763 0.077861
0 0.466264 0.150202 0.035412 0.053527
0 0.189626 0.684874 0.035477 0.069345
0 0.143891 0.315655 0.060132 0.097324
0 0.558132 0.182441 0.045434 0.071781
0 0.604566 0.155677 0.080843 0.115577
0 0.763246 0.209205 0.057457 0.103404
0 0.854111 0.125871 0.054785 0.082727
0 0.865135 0.423925 0.068819 0.085162
0 0.739526 0.654462 0.036747 0.074211
0 0.703782 0.744485 0.064139 0.081512
0 0.453570 0.509692 0.042091 0.064479
0 0.500672 0.643511 0.057457 0.113135
0 0.400454 0.723194 0.040089 0.055963
0 0.310926 0.758474 0.068149 0.109490
