0 0.780328 0.926411 0.320831 0.146046
0 0.936891 0.672921 0.0439854 0.0381632
0 0.627293 0.712982 0.0454618 0.0330756
0 0.470115 0.623141 0.0501974 0.0403437
0 0.976509 0.648829 0.0444942 0.0379875
0 0.894836 0.67512 0.050029 0.0348255
0 0.633514 0.714525 0.0377223 0.0316689
0 0.426344 0.674515 0.0414927 0.0322586
0 0.903339 0.675462 0.0707203 0.0357844
0 0.618177 0.711439 0.0625099 0.038142
0 0.641217 0.723148 0.0420864 0.0397614
0 0.422871 0.680671 0.0376605 0.0305027
0 0.415463 0.680064 0.0533375 0.0335396
0 0.472074 0.62984 0.0435505 0.040773
0 0.982957 0.65195 0.0339325 0.0362788
0 0.959446 0.682407 0.0396984 0.0397409
0 0.908876 0.679272 0.0487106 0.0363867
0 0.396676 0.680249 0.050257 0.0337585
0 0.634059 0.723412 0.0540689 0.042711
0 0.798338 0.94156 0.391009 0.116881
0 0.405926 0.679646 0.0633503 0.0347061
0 0.573405 0.719332 0.0377323 0.0346367
0 0.398001 0.61788 0.0297295 0.026443
0 0.647284 0.7312 0.0515329 0.0412806
0 0.484059 0.633956 0.0373672 0.0393227
0 0.988522 0.659709 0.0211895 0.051503
0 0.406518 0.619687 0.0361125 0.0301079
0 0.640075 0.72893 0.068494 0.0451258
0 0.424667 0.682707 0.0497652 0.0344315
0 0.931666 0.687058 0.0505573 0.0337359
0 0.926449 0.682794 0.0379026 0.0328796
0 0.941607 0.687993 0.0707106 0.0365898
0 0.587555 0.729161 0.0567804 0.0381472
0 0.397064 0.684155 0.0389671 0.0325179
0 0.904118 0.594921 0.0456995 0.0333366
0 0.327906 0.823765 0.134663 0.0594912
0 0.718704 0.952888 0.3141 0.0933698
0 0.690833 0.955393 0.237337 0.0860837
0 0.305734 0.827471 0.0812782 0.060699
0 0.342101 0.82155 0.0966854 0.0612462
0 0.45744 0.695007 0.0497718 0.0465017
0 0.33959 0.838575 0.131531 0.0629098
0 0.473111 0.702896 0.0520735 0.0464989
0 0.389082 0.677134 0.0898662 0.0580293
0 0.740921 0.969636 0.258048 0.0607281
0 0.379803 0.672001 0.0688561 0.0489746
0 0.351734 0.833677 0.105298 0.0626068
0 0.638813 0.647197 0.0497671 0.0410783
0 0.351255 0.730318 0.0859743 0.058046
0 0.429153 0.728635 0.0494825 0.0503128
0 0.629144 0.646646 0.0536751 0.0373606
0 0.405663 0.72602 0.0993481 0.0523552
0 0.391593 0.725902 0.144738 0.0583911
0 0.421235 0.727502 0.0668509 0.0534637
0 0.369779 0.729285 0.134345 0.0595955
0 0.251974 0.666342 0.0373014 0.028761
0 0.290879 0.659662 0.0528644 0.0344958
1 0.563568 0.671652 0.0275943 0.0346377
0 0.645293 0.65866 0.0571143 0.0448474
0 0.328312 0.752131 0.0863992 0.060095
0 0.381103 0.747953 0.131489 0.0706982
0 0.412182 0.750223 0.0660415 0.061519
0 0.226112 0.679057 0.0405382 0.0335587
0 0.237622 0.676604 0.0569145 0.0359275
0 0.347223 0.750713 0.133129 0.0678741
0 0.260388 0.926363 0.325303 0.147273
0 0.723447 0.728346 0.117334 0.0658316
0 0.195484 0.744942 0.124454 0.0537708
0 0.17603 0.751228 0.113657 0.0594588
0 0.220295 0.742151 0.0721773 0.0427208
0 0.752428 0.730497 0.0939318 0.0605516
0 0.764488 0.732673 0.069215 0.0552238
0 0.106876 0.768799 0.0827574 0.0501551
0 0.0799873 0.773747 0.0365173 0.0362559
0 0.122505 0.763965 0.0803294 0.0484581
0 0.0903478 0.773323 0.0529404 0.0384107
0 0.159156 0.755611 0.11703 0.0568072
0 0.799817 0.774026 0.126646 0.0818967
0 0.149757 0.79352 0.133231 0.0710698
0 0.77797 0.776964 0.147859 0.0818558
0 0.129196 0.802662 0.137357 0.0889919
0 0.0608576 0.825916 0.121715 0.0752787
0 0.0338804 0.832297 0.0677607 0.0694632
0 0.0767727 0.817962 0.142037 0.0735336
0 0.166104 0.790928 0.0992455 0.0632342
0 0.814192 0.791043 0.157685 0.0942767
0 0.118696 0.815204 0.172946 0.0925451
0 0.126576 0.808709 0.138888 0.0752024
0 0.788772 0.788143 0.130527 0.0818392
0 0.91934 0.920744 0.16132 0.147096
0 0.0461482 0.933254 0.0922965 0.114414
1 0.886038 0.755536 0.0986568 0.0585121
1 0.860135 0.754907 0.100365 0.0613275
1 0.878883 0.756133 0.135231 0.0623286
1 0.74675 0.736252 0.0753522 0.0571815
1 0.7232 0.736908 0.0879408 0.0602834
1 0.658618 0.733954 0.0973746 0.0532255
1 0.628683 0.723535 0.05394 0.056604
1 0.657284 0.733446 0.094774 0.0533707
1 0.628436 0.725176 0.0661882 0.0575349
1 0.718474 0.773148 0.0938089 0.0678319
1 0.699734 0.770837 0.136396 0.0757334
1 0.704603 0.773187 0.0926294 0.0728598
1 0.686044 0.930475 0.233 0.137028
1 0.68611 0.981911 0.0389214 0.0330073
1 0.769964 0.973774 0.0458939 0.0524511
0 0.808648 0.814351 0.173212 0.0991152
0 0.964891 0.958832 0.0702185 0.075185
0 0.574841 0.790193 0.162386 0.0879041
0 0.780454 0.922878 0.230781 0.135096
0 0.779125 0.603646 0.0507332 0.0519291
0 0.825652 0.645911 0.0385252 0.0331604
0 0.546366 0.790653 0.14312 0.0867405
0 0.520111 0.787124 0.090587 0.0608164
0 0.451441 0.787209 0.16181 0.08796
0 0.641064 0.916776 0.200235 0.133279
0 0.747879 0.639194 0.0380815 0.0367193
0 0.395101 0.788642 0.0849027 0.0573107
0 0.418514 0.791032 0.141421 0.0877623
1 0.793599 0.624961 0.044475 0.044462
0 0.696123 0.641489 0.0420088 0.0315021
0 0.424424 0.787509 0.165846 0.0875604
0 0.608161 0.909688 0.205148 0.130271
0 0.719093 0.639334 0.0361155 0.0392573
0 0.371709 0.79314 0.0940793 0.0651301
0 0.593248 0.906522 0.178869 0.105842
1 0.764743 0.618397 0.036363 0.0402504
0 0.669023 0.638881 0.0359965 0.0310066
0 0.358747 0.788377 0.0679284 0.0568426
0 0.633385 0.593809 0.0358509 0.0446233
0 0.394279 0.791356 0.148412 0.088201
0 0.505385 0.837308 0.201567 0.124007
0 0.848958 0.657614 0.0402714 0.0351761
0 0.734565 0.604453 0.0572607 0.0542357
0 0.707965 0.968412 0.204962 0.061703
0 0.466286 0.845682 0.198465 0.130924
0 0.930376 0.646581 0.0412491 0.0347806
0 0.702422 0.60318 0.0542019 0.0510773
0 0.81321 0.657906 0.0378193 0.0366564
0 0.417081 0.845951 0.0936242 0.077345
0 0.407134 0.83964 0.0752663 0.0643606
0 0.746442 0.652972 0.0344093 0.0310649
0 0.670724 0.970196 0.207748 0.0596086
0 0.500359 0.940687 0.301775 0.118626
0 0.832039 0.681167 0.047868 0.0358186
0 0.910646 0.690175 0.0568024 0.0540357
0 0.528853 0.941056 0.218156 0.113057
0 0.897082 0.690732 0.096619 0.0548528
0 0.424307 0.939459 0.299805 0.121082
0 0.829724 0.678492 0.0531044 0.0491908
1 0.883604 0.65602 0.0479689 0.0600154
0 0.976228 0.666297 0.044418 0.0357562
0 0.458214 0.940328 0.215333 0.115297
0 0.960533 0.66725 0.0394585 0.0322976
0 0.761966 0.677879 0.0441555 0.0358821
0 0.377938 0.938798 0.310189 0.122393
0 0.931546 0.663263 0.0478676 0.0352966
0 0.659918 0.608517 0.0546991 0.0625207
0 0.940395 0.664383 0.0343304 0.0346793
1 0.840556 0.655918 0.0384012 0.0486059
0 0.78307 0.674188 0.0544559 0.0526848
0 0.917926 0.661668 0.062722 0.0372269
0 0.925158 0.670815 0.0350536 0.0382675
0 0.385566 0.97473 0.0951429 0.0505397
0 0.763538 0.686155 0.0547409 0.0464706
0 0.883209 0.667655 0.032732 0.0313618
0 0.770129 0.690257 0.0455888 0.0425128
0 0.695823 0.681122 0.0503848 0.036056
0 0.689101 0.680897 0.0350466 0.033993
0 0.755356 0.687684 0.0753029 0.0499313
0 0.372134 0.973742 0.137382 0.052516
0 0.323952 0.985843 0.156204 0.0283135
0 0.633955 0.633391 0.0308041 0.0260558
0 0.888831 0.668509 0.043833 0.0346565
0 0.701621 0.685236 0.0641337 0.039654
0 0.71689 0.6868 0.100048 0.0448467
0 0.973817 0.710523 0.0508503 0.039001
0 0.649065 0.657351 0.0376207 0.0321182
0 0.840114 0.746878 0.0660091 0.0562717
0 0.816121 0.746527 0.125316 0.0643826
0 0.638414 0.657065 0.0466349 0.0307536
1 0.789904 0.668126 0.025823 0.0347249
0 0.758615 0.744489 0.116377 0.0557972
0 0.977732 0.596835 0.0321732 0.0297986
1 0.488537 0.736877 0.0223553 0.0366769
0 0.631337 0.631195 0.0328659 0.0323217
0 0.694743 0.675959 0.058192 0.033857
0 0.871566 0.804273 0.153551 0.0796267
0 0.906573 0.805069 0.186853 0.0915558
0 0.688221 0.676306 0.0418028 0.0322233
0 0.634365 0.630463 0.0440647 0.0347682
0 0.714397 0.676903 0.0414604 0.0316244
0 0.752305 0.601941 0.0340127 0.0274315
0 0.710672 0.680287 0.0411676 0.0327599
0 0.7028 0.679733 0.0584805 0.036013
0 0.628347 0.632072 0.0358779 0.0318329
0 0.881352 0.808752 0.188571 0.0842049
0 0.863748 0.803917 0.139267 0.0807287
0 0.901256 0.807561 0.197489 0.0951823
0 0.802179 0.735322 0.0407318 0.0409448
0 0.851964 0.612328 0.0278404 0.028642
0 0.665831 0.658786 0.0358797 0.0348995
0 0.756822 0.730215 0.0504806 0.0356679
0 0.727108 0.658324 0.0423635 0.0400724
0 0.84705 0.61162 0.0340736 0.0295888
0 0.761117 0.794138 0.105126 0.0518515
0 0.791049 0.622967 0.0283319 0.0295266
0 0.723328 0.692163 0.0379856 0.0332054
0 0.778039 0.796568 0.0639935 0.0549182
0 0.725978 0.785942 0.0552983 0.0482994
0 0.625784 0.687588 0.0886152 0.0468587
0 0.607647 0.685042 0.0493052 0.0437091
0 0.735728 0.787874 0.0779413 0.0503527
0 0.788676 0.625308 0.0327023 0.0319384
0 0.762001 0.82182 0.126336 0.0595249
0 0.781061 0.822944 0.0955541 0.0604659
0 0.727269 0.70551 0.0383307 0.0357707
0 0.791169 0.822654 0.0673912 0.0595853
0 0.605747 0.696466 0.0649797 0.0500575
0 0.616544 0.698386 0.0891206 0.0531186
0 0.624272 0.892636 0.274799 0.157667
0 0.653055 0.89021 0.376386 0.166324
0 0.75833 0.673034 0.0479853 0.0394313
0 0.519019 0.920701 0.316271 0.150508
0 0.660244 0.673417 0.0442942 0.0375238
0 0.977342 0.649784 0.0437597 0.0343084
0 0.480824 0.916963 0.225095 0.157392
0 0.856563 0.646973 0.0548794 0.0345154
0 0.403148 0.95235 0.434574 0.0944378
0 0.549118 0.682517 0.0711765 0.0495651
0 0.536275 0.689104 0.101834 0.0556204
0 0.335709 0.951204 0.353702 0.0956551
0 0.494187 0.73704 0.103304 0.0649106
0 0.508117 0.735457 0.0750341 0.0633733
0 0.937061 0.680504 0.0631062 0.0448608
0 0.489182 0.743516 0.125187 0.0773514
0 0.420877 0.735296 0.0683655 0.0488988
0 0.922942 0.680294 0.0919695 0.0447601
0 0.532917 0.786935 0.178855 0.0858172
0 0.4466 0.897413 0.20245 0.107149
0 0.545712 0.7898 0.122376 0.0824052
0 0.460495 0.894678 0.199824 0.0846218
0 0.972593 0.70826 0.054813 0.0493688
0 0.465027 0.78716 0.0942423 0.0647146
0 0.431609 0.886693 0.20295 0.0821719
0 0.413993 0.881946 0.125475 0.0798134
0 0.559781 0.849289 0.220032 0.1301
0 0.515631 0.966451 0.217664 0.0670985
0 0.439514 0.960504 0.218984 0.07352
1 0.0156449 0.802718 0.0312897 0.0542189
0 0.678212 0.955685 0.429507 0.0886297
0 0.975469 0.762859 0.0477627 0.0594217
0 0.908431 0.75765 0.183138 0.0618164
0 0.91203 0.755449 0.146758 0.057649
0 0.935478 0.759775 0.129044 0.0561614
0 0.955293 0.761828 0.0894134 0.0535247
0 0.87534 0.753274 0.126432 0.0554459
0 0.845034 0.746547 0.129433 0.058005
0 0.869726 0.748208 0.072794 0.0609904
0 0.776077 0.736739 0.0961147 0.0546605
0 0.815283 0.742044 0.163687 0.0568316
0 0.790842 0.740022 0.144961 0.0559092
0 0.76347 0.732429 0.0679966 0.0514585
0 0.821402 0.742712 0.106287 0.0518869
0 0.832923 0.743487 0.07668 0.0552605
0 0.746117 0.737696 0.0989511 0.053442
0 0.811706 0.741493 0.1463 0.056179
0 0.734534 0.733066 0.0711372 0.0502991
0 0.765634 0.739832 0.153918 0.052728
0 0.788333 0.738035 0.133931 0.0554981
0 0.781042 0.739967 0.106233 0.0574473
0 0.710713 0.734422 0.0966835 0.0539712
0 0.793944 0.738199 0.0722389 0.0545563
0 0.771984 0.739233 0.151681 0.0599742
0 0.700024 0.728734 0.0721027 0.0515734
0 0.726343 0.737286 0.133022 0.052743
0 0.752697 0.736904 0.138164 0.053952
0 0.67801 0.880063 0.266505 0.128102
0 0.651042 0.875948 0.20745 0.10944
0 0.67322 0.895651 0.284632 0.142252
0 0.775969 0.843665 0.134652 0.0795275
0 0.797244 0.844916 0.0915504 0.0782953
0 0.687399 0.858918 0.097447 0.0605761
0 0.581421 0.835554 0.142843 0.0807335
0 0.976779 0.629587 0.0464415 0.0416953
0 0.601188 0.832156 0.101289 0.0796731
0 0.896797 0.92898 0.206405 0.139945
0 0.406559 0.835982 0.143141 0.0781174
0 0.958989 0.727342 0.0504482 0.0451136
0 0.749936 0.662757 0.0597923 0.0345768
0 0.73697 0.661929 0.0545475 0.0350962
0 0.313281 0.871104 0.0789067 0.0611684
0 0.425778 0.82799 0.102696 0.0729931
0 0.783281 0.899164 0.266142 0.133816
0 0.702818 0.616935 0.060983 0.0442866
0 0.810631 0.709001 0.0447437 0.0422821
0 0.264021 0.85038 0.188066 0.0874555
0 0.690852 0.618126 0.0864865 0.046254
0 0.281792 0.83887 0.129515 0.0786462
0 0.682225 0.613598 0.0837872 0.0440163
0 0.673576 0.617509 0.0936097 0.0445577
0 0.745871 0.704486 0.040759 0.0331689
0 0.663077 0.612715 0.0584795 0.0383583
1 0.88198 0.679044 0.0396706 0.0423463
0 0.633768 0.656756 0.0473495 0.0343628
0 0.800052 0.710439 0.0678284 0.0429718
0 0.67099 0.890671 0.25093 0.127442
0 0.699027 0.697146 0.0479902 0.0398542
0 0.163845 0.865103 0.18435 0.087623
0 0.617071 0.612196 0.044817 0.0462181
0 0.650232 0.696492 0.0453364 0.0363663
0 0.0991111 0.88681 0.176545 0.083569
0 0.655099 0.700292 0.0609934 0.0385361
0 0.614381 0.880238 0.244691 0.126731
0 0.104514 0.87817 0.190476 0.0975441
0 0.639245 0.695477 0.0501621 0.0386279
0 0.988556 0.687041 0.0219328 0.0821821
0 0.598874 0.695096 0.0493745 0.0367134
0 0.567859 0.611731 0.0416807 0.041105
0 0.987395 0.675582 0.0240665 0.0785917
0 0.603654 0.580142 0.0276268 0.0279124
0 0.0646954 0.953752 0.126066 0.090742
0 0.597276 0.624938 0.0465908 0.047744
0 0.699119 0.728781 0.0590445 0.0471085
0 0.522323 0.674677 0.0369438 0.031861
0 0.677503 0.9555 0.3647 0.0890001
0 0.0426788 0.954863 0.0853577 0.0813892
0 0.671028 0.727699 0.055961 0.0458005
0 0.570845 0.624449 0.0480619 0.0476158
0 0.648988 0.955809 0.366874 0.0883823
0 0.491294 0.674339 0.0460548 0.0324146
0 0.657868 0.726565 0.0798968 0.0452789
0 0.513167 0.616907 0.0374662 0.027548
0 0.520101 0.686457 0.0484453 0.0371844
0 0.72003 0.754327 0.0732279 0.0536434
0 0.701288 0.756734 0.121082 0.0551547
0 0.567293 0.627299 0.0857693 0.0486565
0 0.605069 0.63291 0.0486997 0.0499349
0 0.549978 0.624279 0.0528339 0.0380709
0 0.693798 0.757184 0.168334 0.0607943
0 0.587559 0.63111 0.0798956 0.0488912
0 0.778395 0.846487 0.156711 0.0818746
0 0.527372 0.729243 0.0645588 0.0455635
0 0.803511 0.850696 0.10299 0.0777128
0 0.515114 0.731408 0.0877912 0.0463497
0 0.761005 0.842319 0.188541 0.0680579
0 0.632638 0.65586 0.0436246 0.0522494
0 0.784466 0.868591 0.166015 0.0911413
0 0.529917 0.737842 0.0513095 0.0437792
0 0.487181 0.737688 0.0402014 0.0379074
0 0.552196 0.643417 0.0514759 0.0394702
0 0.519183 0.739517 0.0741718 0.048194
0 0.761358 0.86489 0.157594 0.0748548
0 0.61936 0.658839 0.0685009 0.0526876
0 0.49415 0.740081 0.0591245 0.0403384
0 0.55598 0.647822 0.0684746 0.046664
0 0.734263 0.85629 0.097937 0.0680715
0 0.747054 0.864909 0.158405 0.0942535
0 0.503375 0.737741 0.0480896 0.0431956
0 0.525041 0.643485 0.0511908 0.038887
0 0.455841 0.740031 0.0380395 0.0375263
0 0.51808 0.642539 0.0376701 0.0361781
0 0.528793 0.647941 0.0651466 0.0454908
0 0.600729 0.655262 0.0448475 0.0583029
0 0.46813 0.739624 0.0644733 0.0406068
0 0.462524 0.73688 0.049961 0.0399801
0 0.834264 0.938275 0.240959 0.119255
0 0.530455 0.767953 0.06388 0.0544055
0 0.508896 0.768644 0.107499 0.0535271
0 0.499721 0.765477 0.0755773 0.0472267
0 0.815043 0.932557 0.203963 0.0910686
0 0.584351 0.910592 0.152474 0.0972672
0 0.742394 0.743885 0.0630691 0.0460874
0 0.642013 0.702948 0.104093 0.0739569
0 0.731666 0.691485 0.0434268 0.0374158
0 0.724993 0.743659 0.111749 0.0483654
0 0.175554 0.826589 0.127635 0.0655408
0 0.192437 0.742772 0.0424391 0.0390261
0 0.187645 0.645163 0.0459537 0.0353869
0 0.189315 0.650263 0.0538564 0.0349996
0 0.102399 0.779045 0.189079 0.0902729
0 0.896386 0.828172 0.191845 0.0735535
0 0.880719 0.713559 0.0629364 0.0472275
0 0.527608 0.612722 0.0415569 0.0309794
0 0.861675 0.714521 0.103451 0.0503489
0 0.520786 0.612946 0.0462698 0.0327657
0 0.876438 0.822099 0.167049 0.0727968
0 0.534319 0.612898 0.0300797 0.0301308
0 0.531377 0.790726 0.151257 0.063679
0 0.825581 0.692909 0.0363949 0.0354734
0 0.542381 0.690582 0.0438757 0.045605
0 0.112678 0.625803 0.0407829 0.0312757
0 0.533552 0.693191 0.0581507 0.0484463
0 0.541582 0.789455 0.107412 0.0604345
0 0.507336 0.783425 0.103407 0.0538887
0 0.409653 0.793128 0.159223 0.0664345
0 0.430808 0.69377 0.0417834 0.0443479
0 0.428277 0.789331 0.0967328 0.0631365
0 0.423823 0.696042 0.0495825 0.0493908
0 0.0583226 0.631515 0.0363636 0.0316284
0 0.658806 0.684521 0.033898 0.0283849
0 0.442511 0.788745 0.0705946 0.0596962
0 0.956538 0.695088 0.086923 0.0478734
0 0.391485 0.789212 0.110793 0.0561377
0 0.694955 0.682753 0.0394048 0.0324771
0 0.968055 0.694091 0.0638896 0.0488118
0 0.940374 0.697932 0.119251 0.0489803
0 0.369186 0.79269 0.0831472 0.067451
0 0.354194 0.79321 0.121246 0.0649183
0 0.366391 0.69579 0.0480874 0.042868
0 0.329613 0.798208 0.135231 0.0656385
0 0.62835 0.681557 0.0449711 0.0307714
0 0.355842 0.699056 0.0625966 0.0489304
0 0.599144 0.681023 0.0382086 0.0314495
0 0.619136 0.680479 0.0596501 0.0345777
0 0.868705 0.695065 0.163987 0.0571442
0 0.650622 0.688576 0.0319695 0.0342796
0 0.375208 0.698014 0.0488431 0.0487404
0 0.361688 0.805884 0.120555 0.0644794
0 0.343079 0.811388 0.152374 0.0667746
0 0.326855 0.809525 0.107734 0.0618749
0 0.611168 0.6872 0.0346028 0.0311634
0 0.364518 0.700134 0.0693479 0.0514219
0 0.379081 0.803969 0.0864287 0.065051
0 0.647356 0.686987 0.0427722 0.0361425
0 0.948543 0.698121 0.0627216 0.0485321
0 0.318517 0.804376 0.0894382 0.0546995
0 0.41153 0.834063 0.169504 0.0774167
0 0.96933 0.716421 0.0613392 0.0610283
0 0.723795 0.700337 0.0382543 0.0355995
0 0.427884 0.710318 0.0573982 0.0488612
0 0.682778 0.699304 0.0343796 0.0312553
0 0.408566 0.714373 0.0952538 0.0534629
0 0.354428 0.714408 0.0953412 0.0502252
0 0.436863 0.708322 0.0405459 0.0463095
0 0.39119 0.831604 0.136875 0.0662462
0 0.686005 0.696849 0.039777 0.0380506
0 0.368981 0.836731 0.17569 0.0775205
0 0.944006 0.710468 0.111988 0.0529325
0 0.649614 0.697902 0.0394897 0.0321978
0 0.350379 0.836007 0.129482 0.0703233
0 0.370104 0.716175 0.104935 0.055198
0 0.388819 0.711147 0.0655426 0.0504458
0 0.362538 0.719278 0.146232 0.0546684
0 0.669796 0.696089 0.067403 0.0376923
0 0.970633 0.708291 0.0587338 0.0570454
0 0.318506 0.719666 0.100451 0.0443817
0 0.341713 0.720783 0.154326 0.0452669
0 0.651404 0.695656 0.0414772 0.036466
0 0.339804 0.837938 0.163199 0.0811007
0 0.904453 0.709381 0.123511 0.0496323
0 0.643277 0.696323 0.0600269 0.0377136
0 0.348023 0.717319 0.0832999 0.0535258
0 0.335208 0.720537 0.110815 0.0544195
0 0.280596 0.715565 0.0921388 0.056795
0 0.618406 0.696511 0.0479948 0.0329821
0 0.969321 0.705222 0.0536091 0.0446302
0 0.36192 0.712802 0.0580132 0.0472895
0 0.312825 0.837689 0.128802 0.07071
0 0.922487 0.707723 0.155027 0.0541245
0 0.294991 0.834568 0.0903747 0.063679
0 0.299261 0.718604 0.122081 0.05168
0 0.647285 0.696193 0.0436541 0.0380365
0 0.306802 0.848332 0.144047 0.0771495
0 0.336278 0.841277 0.138081 0.081002
0 0.905234 0.708942 0.113355 0.0527452
0 0.299954 0.84082 0.114445 0.0677132
0 0.965077 0.704855 0.0577385 0.0430487
0 0.318881 0.843985 0.204253 0.0794579
0 0.332577 0.72126 0.101911 0.0587766
0 0.351306 0.714613 0.0646468 0.0525289
0 0.612568 0.697796 0.0418989 0.0326809
0 0.632501 0.695809 0.0720892 0.0381863
0 0.32623 0.724813 0.131574 0.0605532
0 0.617469 0.699975 0.0543492 0.0344282
0 0.883092 0.709656 0.144762 0.0527115
0 0.281805 0.837998 0.0804616 0.0622036
0 0.370283 0.941222 0.217438 0.117557
0 0.0731775 0.652087 0.0507733 0.0377922
0 0.758392 0.744767 0.0969895 0.0471185
0 0.77404 0.744279 0.0635606 0.0485372
0 0.37961 0.775599 0.184343 0.0861376
0 0.736825 0.742346 0.0728608 0.0422204
0 0.742845 0.740212 0.0468031 0.0426737
0 0.973569 0.733553 0.052862 0.0423417
0 0.0263913 0.656211 0.0527826 0.0385754
0 0.349833 0.764986 0.144952 0.0733826
0 0.329064 0.942179 0.23912 0.102413
0 0.691209 0.739447 0.0468493 0.0381961
0 0.735141 0.741969 0.0606635 0.0451286
0 0.363331 0.757191 0.112233 0.0638616
0 0.378163 0.754463 0.083048 0.0631925
0 0.675121 0.73429 0.0650793 0.0468933
0 0.301662 0.763812 0.116623 0.0681216
0 0.938998 0.75131 0.122004 0.0698823
0 0.261264 0.949547 0.261224 0.0915312
0 0.956771 0.747064 0.0864588 0.0719749
0 0.318264 0.759027 0.0911126 0.0656315
0 0.665396 0.736549 0.0884025 0.0490359
0 0.297953 0.771429 0.149382 0.0743969
0 0.218962 0.773231 0.0886228 0.0562228
0 0.2464 0.954684 0.198055 0.0883636
0 0.683632 0.746685 0.0559029 0.0485949
0 0.288077 0.780027 0.120145 0.0574895
0 0.942165 0.753539 0.115671 0.0725136
0 0.19955 0.789332 0.0965582 0.0622707
0 0.28053 0.785793 0.157214 0.0634127
0 0.306664 0.774111 0.0934836 0.0624179
0 0.643425 0.746846 0.0642569 0.0373315
0 0.660372 0.748493 0.106778 0.0459421
0 0.206948 0.88161 0.268368 0.125913
0 0.743627 0.821806 0.122515 0.0628036
0 0.765516 0.820678 0.0800591 0.0640498
0 0.240444 0.873616 0.230743 0.110147
0 0.181619 0.885593 0.272012 0.123958
0 0.720297 0.822075 0.139233 0.063269
0 0.739705 0.817744 0.0830813 0.0652996
0 0.210169 0.877107 0.220796 0.11391
0 0.151989 0.882794 0.208916 0.0937888
0 0.862236 0.937688 0.191305 0.093487
0 0.165536 0.953787 0.331072 0.0878752
0 0.853381 0.970196 0.230622 0.0580352
0 0.840336 0.969105 0.228206 0.0613393
0 0.8095 0.901129 0.341984 0.163926
0 0.766284 0.886006 0.246151 0.135251
0 0.868611 0.935143 0.262778 0.129714
0 0.690897 0.920104 0.333406 0.151727
0 0.654389 0.913218 0.24925 0.149225
0 0.508224 0.911413 0.340225 0.163512
0 0.47138 0.912642 0.253961 0.152984
0 0.958439 0.739059 0.0831213 0.0686897
0 0.865501 0.753576 0.101641 0.048275
0 0.865813 0.746986 0.0922314 0.0446116
0 0.380638 0.920221 0.335631 0.15337
0 0.874571 0.726846 0.175806 0.066346
0 0.880646 0.724229 0.126663 0.0621579
0 0.73703 0.731575 0.0566711 0.0411647
0 0.74444 0.736994 0.0742344 0.0471621
0 0.729669 0.731625 0.0418959 0.0384631
0 0.846062 0.727539 0.149541 0.0591544
0 0.279571 0.922649 0.33269 0.150692
0 0.782298 0.713133 0.112342 0.0510646
0 0.653992 0.735201 0.0794565 0.0441279
0 0.777304 0.713709 0.152434 0.0538998
0 0.801866 0.713289 0.0677616 0.0581266
0 0.649894 0.729515 0.067635 0.0407616
0 0.204803 0.929038 0.308934 0.140085
0 0.693243 0.705689 0.114594 0.0561653
0 0.706344 0.705735 0.0834118 0.0535043
0 0.570701 0.726994 0.0683701 0.0399455
0 0.575007 0.73137 0.0802787 0.0425199
0 0.689871 0.706922 0.166852 0.0607391
0 0.717109 0.703429 0.0621716 0.0533934
0 0.657777 0.709008 0.101696 0.056238
0 0.162702 0.937771 0.305016 0.124458
0 0.673233 0.700406 0.0717558 0.051085
0 0.662212 0.703488 0.0955343 0.0547282
0 0.534238 0.725959 0.0684124 0.0425368
0 0.649276 0.706729 0.165506 0.0581973
0 0.553566 0.804129 0.101393 0.0640099
0 0.691112 0.766031 0.170804 0.0781321
0 0.69996 0.759327 0.125141 0.0694247
0 0.601384 0.808159 0.107383 0.0545863
0 0.57886 0.807355 0.151216 0.0587738
0 0.635309 0.753938 0.0823462 0.0708455
0 0.5432 0.795784 0.083098 0.0627302
0 0.660084 0.770877 0.142435 0.0842159
0 0.6308 0.923842 0.215268 0.123636
0 0.768513 0.841939 0.224492 0.107214
0 0.646284 0.929174 0.20202 0.0909921
0 0.739961 0.854884 0.240335 0.13357
0 0.611389 0.938264 0.229016 0.121635
0 0.849744 0.939873 0.300107 0.120254
0 0.935995 0.774265 0.12801 0.060006
0 0.886505 0.768253 0.116651 0.0602043
0 0.917386 0.771269 0.156204 0.058134
0 0.89465 0.771337 0.152633 0.0624779
0 0.854243 0.760389 0.127627 0.0597575
0 0.87004 0.761778 0.0884603 0.0579447
0 0.777079 0.751868 0.10088 0.0598389
0 0.840885 0.759016 0.201194 0.0650544
0 0.794264 0.755372 0.142092 0.0572235
0 0.82557 0.756095 0.150532 0.0589011
0 0.721546 0.744234 0.108802 0.0593446
0 0.782976 0.752123 0.141716 0.0588212
0 0.741924 0.747312 0.153553 0.058567
0 0.813353 0.751006 0.0679209 0.0576416
0 0.707179 0.742747 0.0768168 0.0561504
0 0.799807 0.754167 0.0976482 0.0611287
0 0.715194 0.74355 0.127572 0.0588997
0 0.78082 0.749517 0.112079 0.0560127
0 0.740257 0.746134 0.163897 0.0590026
0 0.76428 0.748287 0.166685 0.057696
0 0.800714 0.750368 0.0665383 0.0607962
0 0.701645 0.739102 0.0899091 0.0576558
0 0.774697 0.825303 0.180823 0.087969
0 0.687925 0.816743 0.106713 0.0761335
0 0.706391 0.821647 0.153854 0.074703
0 0.746175 0.830405 0.239504 0.104774
0 0.738622 0.822111 0.238531 0.0765521
0 0.790596 0.830098 0.135194 0.0887683
0 0.701636 0.937189 0.341636 0.125281
0 0.926526 0.920251 0.146947 0.0974075
0 0.638064 0.870217 0.178704 0.11006
0 0.972071 0.633844 0.0558573 0.0456907
0 0.936429 0.675496 0.0516645 0.033208
0 0.937317 0.900892 0.125366 0.0985947
0 0.451013 0.869044 0.171291 0.109566
0 0.731464 0.658386 0.0565374 0.0343335
0 0.927653 0.893681 0.108736 0.0968198
0 0.873965 0.890535 0.243756 0.128333
0 0.347173 0.872541 0.182808 0.112035
0 0.686267 0.614364 0.0508955 0.0446592
0 0.762029 0.696436 0.0382353 0.0342583
0 0.852121 0.883551 0.19889 0.0956444
0 0.826503 0.699563 0.0439545 0.0398295
0 0.295723 0.875279 0.17943 0.122897
0 0.815766 0.872591 0.267754 0.118876
0 0.761223 0.696169 0.0406664 0.0366142
0 0.640147 0.614836 0.0371639 0.0413788
0 0.756853 0.690233 0.0459049 0.0469602
0 0.633987 0.613158 0.0476875 0.0404516
0 0.702277 0.691704 0.0346762 0.0316755
0 0.787458 0.868241 0.229669 0.0908443
0 0.579604 0.653079 0.0510464 0.0331376
1 0.847578 0.701195 0.036977 0.0369662
