0 0.668664 0.927125 0.295432 0.141936
0 0.582732 0.708767 0.0417833 0.0401656
0 0.453275 0.621514 0.037002 0.0435743
0 0.865444 0.674385 0.0638151 0.0361806
0 0.891278 0.67406 0.0469357 0.0343183
0 0.575581 0.708583 0.059268 0.0441231
0 0.390521 0.672469 0.0432263 0.0323346
0 0.854652 0.672683 0.03993 0.0359446
0 0.530631 0.709452 0.0611084 0.0369404
0 0.391598 0.613872 0.0449238 0.0344827
0 0.055616 0.976307 0.111232 0.0473855
0 0.877577 0.675014 0.0712156 0.0359787
0 0.384998 0.613535 0.0352096 0.0318031
