1 0.914857 0.072188 0.067864 0.110674
1 0.221156 0.043022 0.073265 0.082255
1 0.248535 0.258389 0.055528 0.103195
1 0.389279 0.248669 0.039329 0.071788
1 0.450205 0.099853 0.034706 0.064310
1 0.558173 0.142478 0.047045 0.080767
1 0.617943 0.108829 0.078665 0.130120
1 0.803803 0.177625 0.050901 0.088245
1 0.922183 0.441598 0.060925 0.083756
1 0.931053 0.841671 0.049357 0.109173
1 0.778739 0.740717 0.036247 0.071788
1 0.731696 0.861114 0.065552 0.103202
1 0.438636 0.558256 0.037788 0.071788
1 0.491851 0.725764 0.056299 0.092728
1 0.372699 0.826718 0.030846 0.064310
1 0.262802 0.867842 0.068638 0.134603
1 0.118970 0.766144 0.035476 0.068793
1 0.075783 0.713049 0.050898 0.106191
1 0.067300 0.302505 0.049357 0.101701
