0 0.260148 0.341201 0.038752 0.075426
0 0.137211 0.580859 0.062804 0.077856
0 0.237764 0.791333 0.055455 0.092475
0 0.144895 0.872234 0.070154 0.086349
0 0.394439 0.839373 0.080175 0.110705
0 0.441210 0.810176 0.036079 0.079076
0 0.532741 0.845459 0.036079 0.057178
0 0.584522 0.722587 0.035409 0.074211
0 0.544434 0.481103 0.040756 0.070560
0 0.299231 0.248133 0.059465 0.096109
0 0.502675 0.355190 0.053450 0.093673
0 0.599551 0.271848 0.034736 0.065677
0 0.692425 0.240227 0.065477 0.116792
0 0.812354 0.315652 0.032740 0.072996
0 0.850103 0.358849 0.046768 0.091260
0 0.858121 0.681223 0.053450 0.088807
0 0.705120 0.714678 0.049440 0.085157
0 0.731175 0.886212 0.053450 0.065694
