0 0.815774 0.268871 0.117312 0.065695
0 0.706359 0.223858 0.101517 0.046233
0 0.437902 0.088822 0.106029 0.065695
0 0.100642 0.094904 0.126334 0.058396
0 0.196517 0.197092 0.106029 0.058391
0 0.129969 0.376535 0.144379 0.088808
0 0.168320 0.428177 0.085723 0.041483
0 0.125453 0.529212 0.072189 0.043795
0 0.268707 0.588819 0.092485 0.041362
0 0.542800 0.544418 0.085723 0.054745
0 0.684924 0.494539 0.121823 0.059610
0 0.786446 0.605854 0.076701 0.041362
0 0.822541 0.708042 0.148890 0.075426
0 0.739068 0.845511 0.094756 0.053526
0 0.689435 0.885656 0.112800 0.068127
0 0.314954 0.895390 0.117301 0.055964
0 0.074695 0.754879 0.078961 0.062048
0 0.272088 0.718383 0.117312 0.059610
