0 0.778792 0.735967 0.034724 0.072994
0 0.250459 0.131952 0.060594 0.074210
0 0.282458 0.318085 0.055150 0.110707
0 0.413521 0.312001 0.047659 0.074210
0 0.470030 0.175750 0.035402 0.074210
0 0.572497 0.215894 0.044257 0.071778
0 0.625603 0.181224 0.087830 0.124087
0 0.801601 0.245091 0.062638 0.093674
0 0.905429 0.150809 0.057872 0.094890
0 0.908492 0.471369 0.065360 0.091243
0 0.732836 0.838157 0.074892 0.097322
0 0.505775 0.715894 0.063318 0.098538
0 0.455052 0.575994 0.046298 0.066909
0 0.395478 0.803487 0.044254 0.059614
0 0.295734 0.849716 0.074892 0.127734
0 0.157524 0.756650 0.039490 0.082726
0 0.115312 0.713463 0.055827 0.086379
0 0.108162 0.357625 0.059233 0.107054
