0 0.732301 0.410596 0.085723 0.045014
0 0.896986 0.901472 0.103768 0.072993
0 0.184109 0.732375 0.094756 0.065695
0 0.565362 0.908163 0.103778 0.064476
0 0.796599 0.797457 0.115051 0.069347
0 0.863147 0.623429 0.135356 0.091362
0 0.828177 0.569964 0.087984 0.047441
0 0.313824 0.112545 0.128585 0.064476
0 0.264190 0.154514 0.092495 0.048666
0 0.693951 0.101595 0.135356 0.069341
0 0.726665 0.277386 0.110540 0.058396
0 0.918416 0.239064 0.087974 0.066914
0 0.180728 0.290159 0.151151 0.071774
0 0.211176 0.387482 0.063167 0.042576
0 0.289012 0.775560 0.087984 0.049879
0 0.311573 0.506096 0.101517 0.053531
0 0.449180 0.454390 0.087974 0.054745
0 0.864277 0.468992 0.097006 0.040148
