0 0.055735 0.748131 0.084270 0.069344
0 0.085867 0.111271 0.110439 0.068126
0 0.187914 0.212850 0.112843 0.062041
0 0.418408 0.110659 0.117651 0.062041
0 0.683727 0.239007 0.105653 0.041363
0 0.800176 0.277934 0.112843 0.068126
0 0.677722 0.496307 0.112854 0.069344
0 0.534863 0.545576 0.091240 0.048660
0 0.249138 0.588154 0.105653 0.055962
0 0.101476 0.527937 0.069627 0.049878
0 0.112283 0.384992 0.144061 0.090028
0 0.150576 0.434260 0.096279 0.049878
0 0.765362 0.605186 0.076828 0.053532
0 0.810982 0.709199 0.148858 0.076641
0 0.718540 0.831463 0.103249 0.053526
0 0.654918 0.871607 0.129660 0.055962
0 0.287558 0.880125 0.120055 0.063265
0 0.241932 0.709202 0.124852 0.054744
