0 0.226289 0.266385 0.043573 0.075426
0 0.547647 0.421492 0.051745 0.076642
0 0.529945 0.818085 0.044937 0.074210
0 0.592241 0.693388 0.040171 0.087590
0 0.271565 0.156893 0.066043 0.094890
0 0.090460 0.525506 0.085105 0.075426
0 0.201779 0.748136 0.059913 0.111923
0 0.095567 0.843631 0.072170 0.100975
0 0.376075 0.807742 0.088510 0.141119
0 0.428159 0.773072 0.045618 0.110707
0 0.496583 0.281588 0.059916 0.110707
0 0.603474 0.194606 0.042212 0.070562
0 0.709345 0.156285 0.074212 0.125308
0 0.843813 0.241443 0.042212 0.079073
0 0.884663 0.284628 0.061274 0.094890
0 0.892833 0.642903 0.062638 0.122871
0 0.720246 0.681816 0.052440 0.103428
0 0.750537 0.871612 0.065360 0.079079
