1 0.223084 0.256144 0.038559 0.074783
1 0.067685 0.146968 0.048586 0.101701
1 0.080024 0.555264 0.062470 0.104696
1 0.083110 0.924676 0.062470 0.119653
1 0.199563 0.819987 0.073265 0.107685
1 0.382339 0.888035 0.087148 0.136097
1 0.438636 0.852138 0.045501 0.085250
1 0.612159 0.747448 0.037788 0.088239
1 0.510743 0.276334 0.057069 0.112175
1 0.624112 0.176131 0.041648 0.067298
1 0.737095 0.135000 0.067097 0.146571
1 0.880153 0.228476 0.033935 0.070294
1 0.925268 0.283813 0.053213 0.103195
1 0.933366 0.690614 0.052442 0.109179
1 0.745963 0.734736 0.049360 0.104696
1 0.546221 0.893272 0.035476 0.071788
1 0.783751 0.960093 0.061696 0.079813
1 0.267429 0.136498 0.071720 0.110674
