0 0.781419 0.920046 0.301712 0.142254
0 0.636593 0.707345 0.0439322 0.0368645
0 0.94029 0.674081 0.045496 0.0363948
0 0.976255 0.646123 0.0474907 0.042379
0 0.485378 0.623474 0.0420567 0.0396838
0 0.419789 0.612651 0.04309 0.0344758
0 0.185342 0.971254 0.158331 0.052425
0 0.930941 0.674558 0.066959 0.0372658
0 0.90074 0.673128 0.0517574 0.0338832
0 0.89589 0.671337 0.0373121 0.0325101
0 0.783216 0.93884 0.362584 0.12232
0 0.411772 0.675441 0.0410933 0.0317707
0 0.457291 0.628741 0.0451683 0.0376205
0 0.746626 0.936961 0.258979 0.123752
0 0.403921 0.675734 0.0571584 0.0335276
0 0.92325 0.676107 0.0593384 0.0423402
0 0.62188 0.717451 0.0369036 0.032003
0 0.559298 0.713805 0.0436105 0.0351641
0 0.386922 0.616686 0.0290589 0.0274152
0 0.375878 0.678546 0.0325544 0.0311064
0 0.383294 0.678142 0.0505308 0.033802
0 0.972516 0.716532 0.0546803 0.0421801
1 0.923234 0.608166 0.0288881 0.0338053
0 0.60541 0.787379 0.125839 0.0572774
0 0.389448 0.721337 0.0463371 0.0386955
0 0.638887 0.789708 0.0964527 0.0562804
0 0.452162 0.65135 0.0464494 0.0439227
0 0.626734 0.78816 0.14941 0.0629379
0 0.655306 0.790149 0.0659479 0.0597366
0 0.347828 0.723695 0.046074 0.038472
0 0.37971 0.722352 0.065402 0.0410591
0 0.65262 0.933005 0.215377 0.120946
0 0.936562 0.614073 0.041254 0.0346677
0 0.294852 0.804471 0.113455 0.0570086
0 0.248709 0.859654 0.141971 0.0690147
1 0.825429 0.612365 0.0456783 0.0377668
0 0.653189 0.972636 0.218775 0.054727
0 0.404006 0.611736 0.0419302 0.0315511
0 0.262188 0.855504 0.109972 0.0684115
1 0.817408 0.610958 0.0526049 0.0376765
0 0.400366 0.707733 0.0571124 0.0414417
0 0.699611 0.97705 0.174081 0.045787
0 0.360913 0.590612 0.0364307 0.0300503
0 0.443698 0.60956 0.0330057 0.0300631
0 0.356875 0.744602 0.0716933 0.0459063
0 0.359789 0.69218 0.0427917 0.0388863
0 0.144676 0.962258 0.260001 0.0754839
0 0.255426 0.716063 0.0893797 0.0726456
0 0.337227 0.746552 0.121046 0.0500903
0 0.300033 0.756321 0.0699348 0.0405474
0 0.353688 0.751546 0.0575882 0.0474117
0 0.312156 0.85441 0.149007 0.0777822
0 0.353308 0.611395 0.0407656 0.0309597
0 0.953367 0.64319 0.0387978 0.0313531
0 0.342873 0.611619 0.0495141 0.0318263
0 0.440177 0.641338 0.0488724 0.0355694
0 0.392048 0.642797 0.0527729 0.0357025
0 0.259134 0.782867 0.208317 0.0941696
0 0.338489 0.755663 0.0959407 0.0533984
0 0.193811 0.849026 0.269076 0.152926
0 0.194213 0.876823 0.274964 0.219218
0 0.413985 0.655635 0.0399194 0.0343096
0 0.217855 0.95183 0.242519 0.0922381
0 0.350561 0.657951 0.037737 0.0363743
0 0.167089 0.89528 0.326815 0.179301
0 0.233565 0.984058 0.119839 0.0318838
0 0.360218 0.664139 0.0550184 0.0371559
0 0.353572 0.668059 0.044929 0.0365598
0 0.290342 0.62982 0.0406369 0.0318815
0 0.376827 0.710822 0.0567496 0.0504328
0 0.58149 0.641527 0.0324289 0.0338804
0 0.360047 0.708982 0.0946368 0.0504367
0 0.313353 0.716083 0.0910525 0.0526594
0 0.347331 0.708888 0.1353 0.0538831
0 0.32826 0.711764 0.127376 0.0535075
0 0.613439 0.663553 0.0486526 0.0412337
0 0.338175 0.75747 0.12751 0.0694318
0 0.351833 0.759299 0.0924133 0.0657029
0 0.277821 0.673653 0.0326592 0.0326541
0 0.320929 0.756419 0.187514 0.0721128
0 0.182533 0.68536 0.029419 0.0271745
1 0.535096 0.690201 0.0299992 0.0471728
0 0.231064 0.676357 0.0507789 0.0382571
0 0.714475 0.782137 0.148192 0.0856419
0 0.0556247 0.806632 0.111249 0.0796987
0 0.796952 0.81567 0.168178 0.100856
0 0.0819163 0.8193 0.135126 0.0848173
0 0.0965397 0.817011 0.102089 0.0764628
0 0.915173 0.890451 0.165436 0.121001
0 0.101553 0.867392 0.187176 0.129195
0 0.116212 0.8525 0.168147 0.1078
0 0.0378226 0.96836 0.0756451 0.0632801
1 0.922354 0.754593 0.120579 0.050646
1 0.772889 0.729776 0.0810572 0.0530365
1 0.675928 0.722523 0.0647675 0.0507189
1 0.662505 0.721909 0.081727 0.0538007
1 0.621739 0.718901 0.0851236 0.0579299
1 0.635299 0.714808 0.0740679 0.0616959
1 0.642056 0.787577 0.10715 0.0756996
1 0.621113 0.7899 0.110176 0.0715235
1 0.646194 0.878581 0.146389 0.120801
1 0.618126 0.911891 0.188623 0.146992
1 0.125531 0.804085 0.243912 0.382213
0 0.84868 0.818677 0.187464 0.0932938
0 0.984925 0.95822 0.0288204 0.0730128
0 0.827335 0.817162 0.133151 0.0882909
0 0.774493 0.922301 0.232579 0.138536
0 0.57521 0.786683 0.164458 0.0874631
0 0.793011 0.603793 0.0548491 0.053126
0 0.521206 0.784685 0.0858007 0.0626007
0 0.545155 0.789242 0.139507 0.0865265
0 0.670007 0.921449 0.212867 0.138048
0 0.483168 0.791636 0.159365 0.0872256
0 0.789974 0.644193 0.0468946 0.0389928
0 0.420364 0.788967 0.0735572 0.0580507
0 0.694899 0.600099 0.0435734 0.0500371
0 0.589139 0.921082 0.199992 0.135063
0 0.40134 0.794772 0.168233 0.0908179
0 0.715161 0.640549 0.035144 0.0344131
1 0.760039 0.622457 0.0426413 0.046638
1 0.981991 0.596504 0.0289711 0.0496188
0 0.662284 0.639455 0.0355314 0.0299085
0 0.374851 0.794656 0.168205 0.0915736
0 0.560413 0.920699 0.196958 0.134715
1 0.732543 0.618941 0.0327637 0.0428143
0 0.634366 0.638026 0.0314082 0.030555
0 0.683553 0.639223 0.036004 0.0398242
0 0.436361 0.837091 0.183036 0.114524
0 0.673755 0.602761 0.0618854 0.0527496
0 0.771547 0.651186 0.0498901 0.0476758
0 0.604802 0.965286 0.163361 0.069419
0 0.662205 0.60395 0.0818451 0.0536916
0 0.369865 0.836793 0.085938 0.0752682
0 0.41392 0.83967 0.184147 0.119635
0 0.656681 0.603544 0.0472309 0.0507161
0 0.870726 0.642614 0.0394798 0.0386742
0 0.594138 0.968141 0.207168 0.0626729
0 0.345214 0.843244 0.0829066 0.0720535
0 0.615025 0.967344 0.297976 0.0653122
1 0.802654 0.629624 0.0486868 0.0542051
0 0.34148 0.848859 0.216243 0.130811
0 0.603407 0.602523 0.0433218 0.0522555
0 0.28277 0.850262 0.0825789 0.0794819
0 0.530748 0.967355 0.206062 0.063828
0 0.646574 0.647448 0.044892 0.0335088
0 0.335113 0.881965 0.233934 0.149514
0 0.614001 0.602676 0.0517414 0.0508012
0 0.824663 0.642905 0.0410435 0.0396004
0 0.712702 0.654278 0.0424053 0.0476293
0 0.650571 0.652931 0.0385791 0.0324832
1 0.759366 0.628968 0.0417292 0.0493018
0 0.268752 0.883505 0.0862147 0.0871958
0 0.378161 0.934228 0.284698 0.129115
1 0.864903 0.653009 0.0536802 0.0561803
1 0.872034 0.655588 0.0443981 0.0576284
0 0.747642 0.676497 0.0464226 0.0370787
0 0.81622 0.677711 0.0457675 0.0453479
0 0.968313 0.664438 0.0476145 0.0381704
0 0.975435 0.663555 0.0348511 0.0401756
0 0.410811 0.93793 0.201003 0.121855
0 0.8077 0.677288 0.0657152 0.0427505
0 0.308531 0.93755 0.294951 0.123453
1 0.798768 0.649092 0.0354902 0.0459892
0 0.627845 0.608306 0.0453587 0.0636071
0 0.879406 0.65793 0.0506935 0.0354774
0 0.746977 0.674797 0.0444054 0.0439105
1 0.718217 0.601092 0.0359627 0.0489014
0 0.347154 0.938872 0.205123 0.118523
0 0.739476 0.674011 0.0545189 0.0480543
0 0.680489 0.671373 0.0455582 0.034964
0 0.298348 0.93907 0.284583 0.12186
0 0.616219 0.608139 0.0447566 0.0633149
0 0.867571 0.657677 0.0493425 0.0356092
0 0.734256 0.674932 0.0442028 0.0439952
1 0.788456 0.648408 0.0333446 0.0439103
1 0.705467 0.599796 0.0357485 0.0477879
0 0.72715 0.674134 0.0560801 0.0480333
0 0.334529 0.940227 0.212903 0.114625
0 0.668697 0.671649 0.0445375 0.0348145
0 0.871917 0.736869 0.0647419 0.0530322
0 0.848884 0.735187 0.106965 0.0611697
0 0.635143 0.618251 0.0288425 0.0312185
0 0.862597 0.733328 0.0775997 0.0570541
0 0.694339 0.651846 0.0474285 0.0319697
1 0.693263 0.612668 0.0428646 0.0433599
0 0.769898 0.724199 0.0574093 0.0453499
1 0.531183 0.720655 0.0251423 0.030087
1 0.666868 0.734418 0.0233458 0.0337613
0 0.762202 0.679465 0.0366816 0.0329253
0 0.753 0.678935 0.056212 0.0356087
0 0.679347 0.631999 0.0350925 0.0316635
0 0.915648 0.809691 0.168704 0.0870468
1 0.928723 0.701682 0.0383396 0.0454623
0 0.617839 0.63181 0.0360004 0.0344147
0 0.676585 0.675373 0.0507895 0.0328351
0 0.8732 0.802082 0.219962 0.0866753
1 0.846819 0.690735 0.0250366 0.0348783
0 0.846377 0.803517 0.166709 0.0754148
0 0.622011 0.633798 0.0504652 0.0390442
0 0.685918 0.6754 0.0553652 0.0341626
0 0.613357 0.635146 0.0324373 0.0368755
0 0.907103 0.924466 0.184138 0.148085
0 0.67903 0.717003 0.0408558 0.0377912
0 0.667268 0.65617 0.0302729 0.0329522
0 0.574314 0.650161 0.039086 0.0333619
0 0.645267 0.715527 0.0459387 0.0333321
0 0.655928 0.715364 0.0619717 0.0360229
0 0.669773 0.717771 0.0568997 0.0389558
0 0.577818 0.65279 0.0511956 0.0338964
0 0.764804 0.782635 0.0798792 0.0549098
0 0.739758 0.691121 0.0367834 0.0337377
0 0.74748 0.785377 0.113572 0.0576856
0 0.774301 0.786432 0.0633774 0.0556274
0 0.639558 0.685114 0.0893021 0.0413508
0 0.626076 0.680629 0.055316 0.0393542
0 0.825444 0.623741 0.0273951 0.0296046
0 0.618509 0.680501 0.0353216 0.0356936
0 0.735767 0.777567 0.0843272 0.0509094
0 0.747792 0.629018 0.0412632 0.0356575
0 0.770358 0.822542 0.121161 0.0607054
0 0.750522 0.70668 0.0414321 0.0368849
0 0.791974 0.823607 0.081789 0.0616201
0 0.827663 0.626275 0.0362698 0.031156
0 0.63007 0.696465 0.0642699 0.0498366
0 0.641574 0.698383 0.0903957 0.0530759
0 0.866621 0.92654 0.157063 0.0953965
0 0.667843 0.732174 0.114745 0.0670402
0 0.860483 0.642092 0.0362663 0.0326022
0 0.79405 0.743999 0.0408636 0.0368627
0 0.747489 0.731924 0.113004 0.0535745
0 0.689749 0.732515 0.161129 0.0650116
0 0.719795 0.731816 0.15345 0.0598473
0 0.654899 0.726555 0.0835283 0.0675821
0 0.730661 0.729223 0.115555 0.0520454
0 0.707606 0.81987 0.256881 0.116881
0 0.844736 0.664416 0.0567335 0.0440024
0 0.66498 0.816708 0.18358 0.0943373
0 0.647939 0.81246 0.124714 0.100162
0 0.829698 0.833624 0.0546635 0.0515017
0 0.781265 0.674504 0.0990727 0.0474443
0 0.763444 0.814305 0.205564 0.0820637
0 0.538748 0.92844 0.403187 0.14312
0 0.982833 0.655635 0.0306084 0.0334953
0 0.666071 0.680002 0.0561543 0.0456078
0 0.651364 0.684623 0.0883475 0.0505521
0 0.471238 0.923685 0.250204 0.143883
0 0.571081 0.699684 0.0625292 0.0475388
0 0.647951 0.684906 0.067753 0.0501891
0 0.452058 0.945924 0.354575 0.103978
0 0.973008 0.660322 0.0531021 0.0405819
0 0.521638 0.950043 0.451865 0.0999143
0 0.627641 0.744108 0.101898 0.0675941
0 0.552892 0.736579 0.0716326 0.0515598
0 0.522836 0.798505 0.0933347 0.0567141
0 0.604075 0.92673 0.21752 0.118059
0 0.681737 0.814261 0.1921 0.0927677
0 0.618939 0.927992 0.188855 0.0949407
0 0.702153 0.939718 0.396725 0.120563
0 0.950958 0.757293 0.0980841 0.0567556
0 0.917911 0.751849 0.113628 0.0583687
0 0.90811 0.748048 0.167103 0.0570399
0 0.882558 0.744493 0.16412 0.055866
0 0.84094 0.739547 0.1182 0.0545924
0 0.934414 0.752018 0.0794312 0.0596374
0 0.828376 0.736868 0.0821923 0.0521858
0 0.864042 0.739947 0.122923 0.057873
0 0.831795 0.734513 0.0683424 0.0522209
0 0.745324 0.73164 0.100438 0.0509408
0 0.813722 0.735339 0.106464 0.0542587
0 0.763017 0.733334 0.135369 0.0502776
0 0.729289 0.729948 0.0643361 0.0460116
0 0.787468 0.734364 0.140867 0.0504013
0 0.719261 0.860777 0.253838 0.117236
0 0.692602 0.855156 0.204401 0.0952881
0 0.733486 0.913144 0.306336 0.139017
0 0.809041 0.828695 0.144791 0.0763086
0 0.796957 0.827388 0.192631 0.0694702
0 0.73 0.837301 0.0781034 0.0539515
0 0.831012 0.827071 0.0988184 0.0703533
0 0.605223 0.80249 0.127074 0.07072
0 0.61814 0.797712 0.0993139 0.0659538
0 0.979373 0.630069 0.041255 0.0429965
0 0.549183 0.820465 0.0982304 0.0644737
0 0.952183 0.883658 0.0956348 0.0869019
0 0.527165 0.808576 0.120884 0.0696971
0 0.975244 0.71471 0.0480909 0.0339137
0 0.5055 0.81751 0.149825 0.0721977
0 0.550706 0.805046 0.073119 0.0723816
0 0.810979 0.660144 0.0578794 0.0352468
0 0.90745 0.626927 0.0591339 0.0451258
0 0.822078 0.659485 0.0667356 0.0353633
0 0.453851 0.833658 0.0777553 0.0552565
0 0.411038 0.805832 0.124639 0.0662632
0 0.87377 0.874298 0.250169 0.123592
0 0.885414 0.701327 0.0435724 0.0429672
0 0.392317 0.81809 0.144541 0.0717406
0 0.429298 0.802918 0.0897487 0.067174
0 0.85223 0.868468 0.209049 0.0888392
0 0.774799 0.616031 0.0619741 0.0447721
0 0.832419 0.696275 0.0517233 0.0349987
0 0.406408 0.810589 0.159334 0.0705699
0 0.757251 0.617469 0.102966 0.0469182
0 0.338091 0.837612 0.0796468 0.0614207
0 0.777996 0.867083 0.241554 0.113899
0 0.78102 0.69484 0.0464594 0.0393372
0 0.308165 0.827266 0.146042 0.0812124
0 0.690878 0.613366 0.0411421 0.0425555
0 0.322668 0.818566 0.110238 0.0745654
0 0.75433 0.863183 0.195828 0.0834994
0 0.611907 0.648576 0.056831 0.032222
0 0.601324 0.646021 0.0449282 0.0337091
0 0.286411 0.835414 0.139016 0.082886
0 0.692462 0.849954 0.242328 0.109205
0 0.698532 0.689504 0.0375338 0.0385291
0 0.219384 0.839599 0.170044 0.0808955
0 0.53604 0.647096 0.0514131 0.033246
0 0.192558 0.848834 0.16652 0.0860678
0 0.646483 0.684393 0.0316608 0.0303956
0 0.667822 0.847072 0.192555 0.0846711
0 0.524856 0.64587 0.0467781 0.0338481
0 0.604938 0.609779 0.0486074 0.0411463
0 0.744497 0.92514 0.289581 0.139857
0 0.61809 0.61698 0.063307 0.0463331
0 0.733124 0.70873 0.048498 0.0438093
0 0.53662 0.66079 0.0551186 0.0348562
0 0.547747 0.659664 0.0583174 0.0332031
0 0.130996 0.925877 0.258754 0.121694
0 0.155924 0.915892 0.190343 0.11241
0 0.597715 0.617235 0.0937487 0.0473386
0 0.527437 0.661005 0.0349039 0.0335434
0 0.67803 0.70873 0.0587377 0.0353319
0 0.721274 0.709922 0.0789165 0.0425785
0 0.557562 0.659068 0.0436266 0.0335046
0 0.715281 0.717298 0.0478746 0.0407814
0 0.734688 0.940009 0.340682 0.119982
0 0.11504 0.939097 0.197976 0.108774
0 0.657816 0.713612 0.0466471 0.0346054
0 0.611962 0.621422 0.0345348 0.0418105
0 0.524932 0.665282 0.0586134 0.0350772
0 0.564386 0.618656 0.0678901 0.0472918
0 0.511107 0.664162 0.0453483 0.0330599
0 0.556458 0.613788 0.0577806 0.0397405
0 0.783899 0.779854 0.109252 0.0574401
0 0.773735 0.776766 0.142311 0.0572851
0 0.804905 0.783457 0.0638477 0.0603416
0 0.645792 0.637143 0.0497681 0.0574244
0 0.561307 0.697093 0.0573225 0.0357539
0 0.526554 0.733022 0.0599229 0.0454999
0 0.792713 0.848407 0.166661 0.0807948
0 0.8161 0.852683 0.109817 0.0748067
0 0.829018 0.856118 0.0822853 0.0729655
0 0.772532 0.845552 0.170703 0.0696503
0 0.515032 0.733664 0.0827265 0.0473988
0 0.49768 0.730719 0.0572723 0.0376946
0 0.537636 0.641689 0.0428312 0.0376208
0 0.491195 0.732104 0.0425695 0.0370138
0 0.749945 0.843487 0.110858 0.0626458
0 0.845252 0.880862 0.164088 0.0904661
0 0.555447 0.74633 0.0506212 0.0462916
0 0.649014 0.668527 0.0432629 0.0459946
0 0.640878 0.665892 0.0578063 0.0501059
0 0.541275 0.746143 0.0787926 0.043559
0 0.636149 0.65914 0.0560272 0.0644527
0 0.511962 0.746624 0.0457848 0.0376839
0 0.822991 0.872187 0.161168 0.0787254
0 0.519181 0.745694 0.0654984 0.0373795
0 0.561396 0.645873 0.0502874 0.0371642
0 0.574247 0.86953 0.138223 0.0775764
0 0.702775 0.725269 0.0671697 0.0444864
0 0.685527 0.616482 0.0289677 0.0275208
0 0.591823 0.735501 0.120056 0.0827329
0 0.687442 0.717321 0.0461521 0.0453453
0 0.693777 0.787908 0.112977 0.059491
0 0.707903 0.785554 0.0810802 0.0579582
0 0.569775 0.719299 0.070985 0.0629252
0 0.584777 0.725208 0.098562 0.067455
0 0.68824 0.78636 0.169342 0.0624087
0 0.663585 0.631691 0.0395985 0.0335321
0 0.615864 0.73834 0.138936 0.0849782
0 0.645896 0.799553 0.113072 0.0618565
0 0.636379 0.723411 0.0435443 0.0391689
0 0.663352 0.797562 0.0753115 0.0681864
0 0.542508 0.74278 0.128782 0.088546
0 0.613757 0.632177 0.0389212 0.0336263
0 0.24912 0.733471 0.0432367 0.0451098
0 0.254277 0.806704 0.0953183 0.0621658
0 0.190973 0.614263 0.0377572 0.0284948
0 0.268622 0.80618 0.0703105 0.0662305
0 0.114101 0.766585 0.111646 0.0845442
0 0.136191 0.771412 0.152968 0.0996476
0 0.830285 0.621622 0.0274818 0.0298653
0 0.239935 0.81168 0.155689 0.0695136
0 0.302065 0.610354 0.0350307 0.0320574
0 0.704815 0.791666 0.135155 0.0634004
0 0.982923 0.709528 0.0296341 0.0361902
0 0.7109 0.69332 0.0457024 0.041242
0 0.380639 0.608321 0.0374378 0.0334609
0 0.295013 0.610994 0.0467076 0.0336372
0 0.695462 0.794265 0.181503 0.0674824
0 0.725666 0.791606 0.0858233 0.0651134
0 0.682116 0.783558 0.122984 0.05687
0 0.701268 0.694458 0.062566 0.0485549
1 0.986647 0.786082 0.0238878 0.0543869
0 0.617867 0.684256 0.0396223 0.0386592
0 0.766802 0.689846 0.03592 0.0341387
0 0.491436 0.688578 0.0485229 0.0415965
0 0.476945 0.78815 0.126103 0.0623811
0 0.974022 0.695909 0.0514591 0.0438408
0 0.494265 0.783283 0.0873606 0.0622948
0 0.760847 0.689664 0.045185 0.0366687
0 0.415168 0.68941 0.0397608 0.041907
0 0.389049 0.793076 0.170136 0.0678001
0 0.408789 0.692654 0.0503935 0.0454455
0 0.677648 0.682933 0.0328743 0.029659
0 0.378481 0.789035 0.12274 0.0596062
0 0.975333 0.696872 0.0483482 0.047941
0 0.862181 0.680421 0.045001 0.0346486
0 0.964757 0.696938 0.0704869 0.0463336
0 0.613074 0.680215 0.0345579 0.0330465
0 0.606756 0.679924 0.0491274 0.0349253
0 0.351279 0.69494 0.0422788 0.041571
0 0.325398 0.792528 0.135425 0.0650197
0 0.341818 0.790971 0.0931953 0.0646844
0 0.896039 0.686588 0.0635162 0.0441177
0 0.355908 0.789991 0.0671935 0.0610067
0 0.343873 0.697709 0.0559542 0.0474147
0 0.595604 0.679466 0.0600142 0.0348134
0 0.360028 0.697415 0.0460786 0.0461194
0 0.34345 0.802486 0.116111 0.0614807
0 0.357856 0.798812 0.0859439 0.0596848
0 0.337526 0.80546 0.156881 0.0620748
0 0.299943 0.801615 0.0874126 0.0540646
0 0.594648 0.68551 0.0311165 0.0286882
0 0.352215 0.699475 0.0614947 0.0496788
0 0.811645 0.679839 0.0492134 0.0367332
0 0.630709 0.683806 0.0372269 0.0313527
0 0.920294 0.69361 0.0769398 0.045871
0 0.268901 0.700258 0.0582511 0.0430873
0 0.289741 0.799337 0.064565 0.0491465
0 0.855681 0.694604 0.109703 0.0516363
0 0.41069 0.702244 0.0458391 0.0443723
0 0.389094 0.816918 0.128181 0.0707129
0 0.68962 0.694629 0.04963 0.0358584
0 0.948354 0.708308 0.103292 0.0525833
0 0.369347 0.819636 0.144829 0.0704964
0 0.404976 0.70613 0.0566016 0.0497643
0 0.403235 0.812571 0.0998257 0.0681464
0 0.969324 0.706894 0.0613528 0.0581699
0 0.93204 0.70694 0.110572 0.0562007
0 0.679475 0.695125 0.0703953 0.0385317
0 0.360448 0.705502 0.0446566 0.0479045
0 0.644818 0.691262 0.0404156 0.0338403
0 0.333705 0.827817 0.169572 0.0747917
0 0.95095 0.701344 0.0622734 0.0525261
0 0.348214 0.710269 0.0661408 0.053919
0 0.312426 0.824319 0.131479 0.0643723
0 0.335784 0.822027 0.129146 0.0696078
0 0.608612 0.693028 0.0455812 0.034451
0 0.603437 0.692606 0.0323938 0.0329692
0 0.926471 0.70243 0.125069 0.0503927
0 0.826796 0.684502 0.0358383 0.0327512
0 0.628991 0.691165 0.035343 0.0334137
0 0.345337 0.707783 0.0443855 0.0475431
0 0.929616 0.697982 0.0578197 0.0480977
0 0.315926 0.830357 0.180598 0.0736763
0 0.622147 0.691866 0.0480532 0.0351578
0 0.316042 0.825039 0.139694 0.0680537
0 0.335479 0.710177 0.0591795 0.0500342
0 0.811552 0.683832 0.0413639 0.0337981
0 0.869933 0.702355 0.0908211 0.0486777
0 0.914625 0.698166 0.0914536 0.0485619
0 0.263378 0.714026 0.105897 0.0480281
0 0.277393 0.820991 0.0928663 0.0573794
0 0.345143 0.917483 0.184468 0.102919
0 0.054381 0.646751 0.0494538 0.0375072
0 0.727075 0.728513 0.0588081 0.0441887
0 0.965662 0.727563 0.0686754 0.0457864
0 0.398576 0.736757 0.0626342 0.0559146
0 0.370566 0.740591 0.113276 0.0595495
0 0.71298 0.7293 0.0895313 0.0444939
0 0.299969 0.746224 0.0839891 0.0517687
0 0.315891 0.742998 0.126231 0.0567833
0 0.365098 0.747943 0.16944 0.0746062
0 0.692891 0.732712 0.0657074 0.0417707
0 0.329975 0.940649 0.211009 0.118702
0 0.738656 0.737118 0.050036 0.0438717
0 0.971708 0.732249 0.0565836 0.0433858
0 0.0362505 0.652734 0.0536847 0.0367653
0 0.0164401 0.654602 0.0309197 0.0384669
0 0.352045 0.770635 0.181892 0.0778704
0 0.365601 0.756704 0.110309 0.0615426
0 0.688573 0.737201 0.0468709 0.0360489
0 0.025709 0.65513 0.0514179 0.0381963
0 0.714989 0.737668 0.100277 0.0469002
0 0.286798 0.758985 0.0919899 0.0596044
0 0.351383 0.762091 0.130878 0.0680481
0 0.261561 0.941342 0.216947 0.117316
0 0.672754 0.731121 0.0561506 0.0465975
0 0.958686 0.746311 0.0826273 0.0660459
0 0.294954 0.773493 0.15277 0.0848137
0 0.633341 0.730361 0.0514531 0.0365196
0 0.213618 0.765737 0.0732888 0.0506147
0 0.930221 0.742423 0.139559 0.0670975
0 0.947495 0.746714 0.10501 0.0626414
0 0.657763 0.732664 0.0598235 0.0476468
0 0.933056 0.746674 0.133888 0.0681639
0 0.239762 0.943068 0.245234 0.103141
0 0.275574 0.767908 0.162672 0.0757818
0 0.642255 0.733694 0.0920528 0.0455681
0 0.62094 0.730317 0.0559191 0.0365431
0 0.74495 0.798506 0.0689518 0.0585828
0 0.721559 0.799893 0.120824 0.056815
0 0.702702 0.797602 0.0920073 0.054252
0 0.170608 0.84844 0.139996 0.0749171
0 0.192246 0.845303 0.1859 0.0791425
0 0.25343 0.83516 0.217632 0.0858112
0 0.718534 0.813301 0.117463 0.0588928
0 0.220338 0.863847 0.196371 0.0908897
0 0.184674 0.867711 0.271362 0.106756
0 0.737996 0.813207 0.075683 0.0642256
0 0.144407 0.871721 0.181688 0.084154
0 0.824841 0.898696 0.17532 0.0823972
0 0.167475 0.940451 0.327052 0.119098
0 0.801525 0.891642 0.121116 0.0727053
0 0.930445 0.928946 0.134998 0.139909
0 0.802235 0.911204 0.365219 0.157536
0 0.747624 0.907429 0.232158 0.142993
0 0.620017 0.905926 0.355288 0.16881
0 0.956397 0.758606 0.0872059 0.054729
0 0.56582 0.903134 0.236821 0.150767
0 0.949754 0.747648 0.0866161 0.0440584
0 0.450959 0.904431 0.320424 0.164012
0 0.77639 0.733521 0.085527 0.0438222
0 0.932701 0.716471 0.083271 0.0518456
0 0.91728 0.719108 0.113692 0.0532524
0 0.896532 0.720662 0.164895 0.0522926
0 0.391191 0.903734 0.199608 0.149909
0 0.358962 0.906643 0.319263 0.160148
0 0.816405 0.707529 0.111774 0.0528389
0 0.833818 0.704575 0.0704895 0.0495387
0 0.31839 0.907196 0.230584 0.148835
0 0.80935 0.707795 0.164466 0.0581741
0 0.777165 0.710027 0.118195 0.0606158
0 0.284628 0.908502 0.332104 0.159791
0 0.621776 0.712947 0.0650525 0.0386443
0 0.763002 0.69964 0.0618408 0.0540522
0 0.242828 0.911363 0.239777 0.150046
0 0.628106 0.717854 0.0776945 0.0429663
0 0.738965 0.699863 0.122575 0.0515966
0 0.227771 0.911698 0.346547 0.154716
0 0.71666 0.695493 0.0543159 0.0505154
0 0.575516 0.712601 0.0638286 0.038973
0 0.578221 0.717214 0.0775496 0.0397298
0 0.625473 0.710504 0.0673178 0.0537928
0 0.251197 0.935246 0.306193 0.127751
0 0.61563 0.730182 0.0664619 0.0423561
0 0.744967 0.71282 0.104839 0.0504832
0 0.623519 0.734709 0.0811319 0.0499306
0 0.758764 0.71225 0.0761169 0.0540695
0 0.608177 0.733006 0.0552919 0.0407598
0 0.203167 0.937593 0.330136 0.11711
0 0.736452 0.714495 0.177992 0.0547217
0 0.186815 0.939201 0.317937 0.121599
0 0.678651 0.707849 0.132782 0.0582418
0 0.690849 0.707569 0.0962128 0.0547462
0 0.67934 0.708949 0.17785 0.0635738
0 0.566489 0.735296 0.0827553 0.0436511
0 0.655009 0.707917 0.114892 0.0611777
0 0.706458 0.70554 0.0638513 0.0544146
0 0.559182 0.729946 0.0686983 0.0396645
0 0.642451 0.724083 0.138834 0.0653191
0 0.527354 0.755029 0.0860031 0.0561305
0 0.646379 0.729923 0.176111 0.0729042
0 0.521034 0.749599 0.0703806 0.0518763
0 0.0345025 0.983678 0.0690049 0.0325854
0 0.139313 0.971363 0.205507 0.0572746
0 0.667959 0.722105 0.0872299 0.0649511
0 0.621348 0.866383 0.114878 0.0895576
0 0.785994 0.807766 0.227552 0.094945
0 0.663784 0.873044 0.193034 0.0851256
0 0.774106 0.863454 0.260297 0.123229
0 0.656339 0.943256 0.255589 0.105557
0 0.771852 0.871966 0.264144 0.125721
0 0.656019 0.945631 0.265986 0.101878
0 0.620019 0.942455 0.159161 0.105145
0 0.93021 0.761808 0.129383 0.0569705
0 0.851108 0.75215 0.113262 0.0563681
0 0.901428 0.757884 0.197144 0.0622561
0 0.947466 0.763568 0.0875919 0.0559931
0 0.898868 0.755699 0.147451 0.0587954
0 0.868527 0.755085 0.147887 0.0553314
0 0.757536 0.73512 0.0729637 0.0531207
0 0.674416 0.732114 0.0880057 0.0547824
0 0.74848 0.737453 0.0962442 0.0585602
0 0.665081 0.727763 0.0663668 0.052881
0 0.688616 0.735844 0.130713 0.0543165
0 0.728138 0.736056 0.143685 0.0557766
0 0.715734 0.757072 0.109691 0.060953
0 0.648266 0.754181 0.108225 0.0593541
0 0.706515 0.756759 0.155958 0.0630163
0 0.657895 0.756785 0.145779 0.0605705
0 0.731145 0.757056 0.0777219 0.0631249
0 0.637451 0.748643 0.0795743 0.0623398
0 0.70638 0.839663 0.255759 0.094534
0 0.653074 0.843535 0.186007 0.082239
0 0.714653 0.844107 0.179064 0.0926445
1 0.828129 0.968689 0.0322203 0.0375003
0 0.624364 0.838458 0.121074 0.0863172
0 0.597772 0.876617 0.256522 0.125189
0 0.575956 0.873903 0.218913 0.10234
0 0.724078 0.886534 0.194757 0.101916
0 0.495648 0.877352 0.174311 0.104791
0 0.472998 0.885207 0.214216 0.118026
0 0.98536 0.942993 0.0276287 0.114015
0 0.866996 0.67786 0.0445967 0.0313337
0 0.98344 0.927444 0.0319218 0.145112
0 0.95701 0.636643 0.0418608 0.0462064
0 0.838966 0.939998 0.322069 0.120005
0 0.805303 0.719279 0.0582806 0.0432583
0 0.201465 0.922874 0.270118 0.126855
0 0.613946 0.664422 0.0566032 0.0349166
0 0.242017 0.918608 0.181488 0.119461
0 0.795152 0.721164 0.0812462 0.0441031
0 0.68803 0.621802 0.0511593 0.0426238
0 0.655713 0.619992 0.0788296 0.0485477
0 0.751045 0.714932 0.043179 0.033293
0 0.813666 0.722297 0.0488256 0.0390951
0 0.598475 0.662962 0.0461351 0.0330874
0 0.734714 0.928955 0.296795 0.138068
0 0.523071 0.661281 0.054847 0.0331601
0 0.591008 0.618076 0.0582691 0.0457731
0 0.51194 0.661732 0.056701 0.0349742
0 0.117438 0.933145 0.221874 0.117069
0 0.706211 0.708464 0.0570381 0.0456365
0 0.502715 0.662278 0.0386457 0.0333644
0 0.574297 0.618814 0.0911903 0.0483037
