0 0.81123 0.928531 0.330929 0.140524
0 0.450579 0.674366 0.0385057 0.0324796
0 0.495745 0.623952 0.0439587 0.0375402
0 0.653505 0.713185 0.0444267 0.0325933
0 0.489077 0.622261 0.0554634 0.0425329
0 0.986266 0.648967 0.0239128 0.0416331
0 0.428521 0.613715 0.0380441 0.0326093
0 0.643291 0.712362 0.0645487 0.0367437
0 0.646086 0.723726 0.0449184 0.0415891
0 0.424882 0.679941 0.0480696 0.0316157
0 0.917332 0.679956 0.0458145 0.0356809
0 0.406986 0.680216 0.0563921 0.0333595
0 0.965394 0.683472 0.0475021 0.0425318
0 0.475072 0.629043 0.0500446 0.0414797
0 0.985011 0.651268 0.0264162 0.0329647
0 0.416901 0.679383 0.0636222 0.0351003
0 0.792722 0.950571 0.378686 0.0977665
0 0.633569 0.722784 0.0711863 0.0461714
0 0.980212 0.69839 0.039576 0.0358897
0 0.686035 0.75075 0.0512198 0.0453438
0 0.439498 0.694875 0.0563156 0.0365134
0 0.42269 0.625874 0.037774 0.0330306
0 0.493316 0.635825 0.055862 0.0452929
0 0.675199 0.751679 0.0747339 0.0480141
0 0.43033 0.728171 0.0555964 0.0417171
0 0.704587 0.804593 0.102596 0.0578044
0 0.690078 0.802384 0.144667 0.0617218
0 0.667175 0.802115 0.131507 0.0589429
0 0.408452 0.639177 0.0347096 0.033021
0 0.718043 0.806624 0.0773069 0.0632632
0 0.504012 0.657716 0.0363233 0.0353921
0 0.390838 0.730159 0.0381858 0.0352554
0 0.397027 0.73009 0.0532131 0.0364398
0 0.414146 0.730794 0.0846785 0.0444916
0 0.981582 0.608684 0.0304232 0.0336431
0 0.369454 0.822458 0.122837 0.0577329
0 0.743288 0.95681 0.231889 0.0830172
0 0.771714 0.953055 0.319105 0.0938908
0 0.354121 0.827178 0.0920752 0.0610799
0 0.487955 0.692608 0.0495525 0.0488195
0 0.400254 0.672234 0.0823989 0.0444692
0 0.392338 0.820563 0.077551 0.0621
0 0.331716 0.880908 0.148127 0.0800926
0 0.470582 0.71402 0.0573007 0.0483602
0 0.456644 0.715716 0.0861479 0.0473517
0 0.449795 0.749229 0.0870715 0.0523946
0 0.354782 0.715134 0.0910854 0.0710646
0 0.275141 0.965407 0.261338 0.0691853
0 0.455514 0.693453 0.0391027 0.0379321
0 0.438263 0.753881 0.133225 0.0541435
0 0.404091 0.758628 0.063399 0.0402814
0 0.404105 0.602803 0.0383346 0.0278041
0 0.35712 0.806723 0.242053 0.143256
0 0.431958 0.762195 0.0554892 0.0507896
0 0.401821 0.874537 0.199051 0.0909603
0 0.984738 0.648835 0.0266914 0.0472293
0 0.387174 0.613032 0.04754 0.0307845
0 0.379059 0.614122 0.0464122 0.0317417
0 0.490598 0.642942 0.0556112 0.0350708
0 0.398449 0.612756 0.0377244 0.0298154
0 0.341919 0.871517 0.305656 0.179886
0 0.299418 0.873126 0.210238 0.177555
0 0.502 0.658868 0.045309 0.0374822
0 0.400957 0.965822 0.256666 0.0683557
0 0.658272 0.618487 0.0346866 0.0319544
0 0.446267 0.66159 0.0469782 0.0385035
0 0.718788 0.665472 0.0629358 0.0470027
0 0.434244 0.761793 0.168609 0.0806519
0 0.349161 0.674183 0.0330883 0.0320515
0 0.447122 0.766162 0.113525 0.0723038
0 0.473458 0.767988 0.0592596 0.0629995
0 0.699038 0.666714 0.0919058 0.0448102
1 0.547249 0.703498 0.0277221 0.0358645
0 0.307103 0.676552 0.0590486 0.0372276
0 0.379525 0.767283 0.0925666 0.0683016
0 0.685388 0.667053 0.0740614 0.0402186
0 0.27675 0.681524 0.0424845 0.0317556
0 0.259424 0.685334 0.0328655 0.0265499
0 0.741399 0.67365 0.050782 0.0476631
0 0.733239 0.675325 0.0683069 0.0478038
0 0.437569 0.777946 0.167553 0.0821376
0 0.349389 0.680002 0.032604 0.0310183
0 0.387618 0.781836 0.113054 0.0800226
0 0.722136 0.674713 0.0966961 0.047323
0 0.343105 0.679692 0.0442262 0.0331833
0 0.406281 0.780445 0.169288 0.0824048
0 0.308279 0.680611 0.0623074 0.0377917
0 0.691625 0.67056 0.0567247 0.0359383
0 0.268045 0.690637 0.0611123 0.0364129
0 0.344215 0.924104 0.319236 0.15025
0 0.759571 0.726857 0.1571 0.0648084
0 0.150237 0.765559 0.0580382 0.0411016
0 0.235399 0.743005 0.106874 0.0597374
0 0.157955 0.763812 0.0759135 0.0474092
0 0.140669 0.76637 0.0417363 0.0348923
0 0.21625 0.746699 0.105535 0.062847
0 0.270775 0.738818 0.0667141 0.0423442
0 0.171754 0.760179 0.0965402 0.0501619
0 0.257918 0.73898 0.0917761 0.0483971
0 0.850326 0.783479 0.15904 0.0854111
0 0.182362 0.806805 0.158063 0.0865659
0 0.161739 0.810761 0.153137 0.0993893
0 0.194613 0.801302 0.126481 0.0693654
0 0.137064 0.817501 0.175265 0.0888222
0 0.823 0.784191 0.155782 0.073724
0 0.109143 0.83159 0.148728 0.070034
0 0.926679 0.816511 0.145335 0.0954297
0 0.231085 0.815985 0.170477 0.094481
0 0.237554 0.809754 0.136655 0.077573
0 0.204768 0.81979 0.190558 0.0997264
0 0.177886 0.832342 0.167889 0.0805293
0 0.112029 0.928504 0.224058 0.140533
0 0.954328 0.88283 0.0913443 0.0663638
1 0.983046 0.743194 0.0302492 0.0444862
1 0.424301 0.981473 0.0300594 0.0283633
1 0.853827 0.730018 0.0681246 0.0497416
1 0.717324 0.717228 0.0921795 0.0523158
1 0.608778 0.710255 0.0909348 0.0531993
1 0.556409 0.70706 0.0873442 0.0597782
1 0.622904 0.934596 0.218709 0.128419
1 0.611295 0.95141 0.240789 0.086087
1 0.129522 0.804255 0.251241 0.387441
0 0.721729 0.801956 0.173891 0.0936712
0 0.911667 0.94891 0.163532 0.10218
0 0.695907 0.802784 0.141471 0.0875244
0 0.668966 0.797053 0.0983352 0.0732784
0 0.657538 0.790219 0.0755828 0.0612816
0 0.70147 0.935649 0.22995 0.128703
0 0.499262 0.798373 0.164055 0.0968456
0 0.720628 0.600912 0.0396048 0.05072
1 0.863952 0.631313 0.0509918 0.0556169
0 0.469814 0.803541 0.136375 0.0946233
0 0.761654 0.645567 0.0543591 0.0350351
0 0.931477 0.641499 0.0362371 0.0368439
0 0.593088 0.925286 0.208016 0.135927
0 0.401454 0.799107 0.164386 0.095098
0 0.716534 0.640362 0.0367201 0.0363887
0 0.344453 0.800866 0.0770995 0.0618141
1 0.983299 0.597357 0.029038 0.0403564
1 0.76406 0.624061 0.0348553 0.0370856
0 0.627787 0.594075 0.0399744 0.0462605
0 0.351264 0.817666 0.171661 0.104689
0 0.551655 0.94046 0.226724 0.119079
0 0.289978 0.822185 0.0877787 0.0673304
0 0.587702 0.598765 0.0383286 0.0476115
0 0.677756 0.640015 0.0438132 0.0419921
0 0.384382 0.858764 0.212393 0.145244
0 0.653092 0.602984 0.0526863 0.0510379
0 0.867419 0.644603 0.0420826 0.0375473
0 0.753954 0.655381 0.0420804 0.0429721
1 0.80545 0.633932 0.037879 0.0484703
0 0.575494 0.981352 0.195504 0.0372952
0 0.321036 0.862733 0.0826 0.0810969
0 0.329316 0.870954 0.0974552 0.0973081
0 0.573563 0.974786 0.229867 0.0504283
0 0.694178 0.653875 0.0434311 0.0329269
0 0.303842 0.867085 0.222618 0.149469
0 0.58101 0.603296 0.0456175 0.0515586
0 0.672097 0.646448 0.0483981 0.0469826
0 0.505417 0.972133 0.237447 0.0543363
0 0.233865 0.867477 0.0738127 0.0760567
0 0.302045 0.937522 0.286588 0.124078
0 0.633817 0.608359 0.0511522 0.0616114
0 0.885706 0.658328 0.0535957 0.0387202
0 0.754238 0.676135 0.0465789 0.0421631
0 0.335808 0.938979 0.210658 0.11434
0 0.685432 0.671309 0.0386005 0.0346094
1 0.728112 0.602067 0.0337151 0.0502094
1 0.797858 0.654358 0.0354479 0.0462616
0 0.87765 0.663265 0.0539589 0.0375776
0 0.886141 0.663744 0.039142 0.0360334
0 0.742837 0.679173 0.046638 0.0432058
0 0.67403 0.676686 0.0462066 0.0373273
0 0.31534 0.948213 0.318419 0.0955187
0 0.295034 0.95685 0.227813 0.0781527
0 0.319298 0.948884 0.216856 0.099823
0 0.179568 0.984908 0.122336 0.0301842
0 0.838573 0.658242 0.0518414 0.0360591
0 0.707566 0.679592 0.047417 0.0414078
0 0.699966 0.678271 0.0635433 0.0447863
1 0.759542 0.650809 0.0361959 0.0428123
0 0.255946 0.957328 0.221204 0.0740622
0 0.640281 0.673807 0.0459331 0.0385379
0 0.825479 0.658846 0.046833 0.0342845
0 0.270406 0.951046 0.33395 0.0915986
0 0.984796 0.612573 0.0240593 0.032623
0 0.654153 0.639752 0.0440765 0.0383339
0 0.98059 0.694203 0.0335361 0.0380412
0 0.80563 0.714314 0.0543093 0.0464905
0 0.792299 0.712372 0.0895588 0.0495148
0 0.975504 0.694038 0.0489923 0.0395983
0 0.718781 0.705485 0.0494997 0.0404689
0 0.935694 0.689727 0.0371279 0.0313207
0 0.71404 0.702192 0.0335998 0.0367027
1 0.497903 0.706577 0.0261677 0.0315634
0 0.612975 0.610503 0.0473457 0.0349848
0 0.940326 0.691095 0.0521576 0.0340304
0 0.646963 0.614984 0.0462563 0.0454057
0 0.607984 0.631651 0.0309135 0.0319908
0 0.870298 0.804066 0.203374 0.0951385
0 0.68715 0.676329 0.0414931 0.0326782
0 0.66859 0.67596 0.0677971 0.0348991
0 0.834194 0.805034 0.166671 0.0764282
0 0.610442 0.632293 0.0436435 0.0339653
0 0.661784 0.676648 0.0486357 0.0330355
0 0.73584 0.767901 0.0610292 0.0488837
0 0.604757 0.675065 0.0433118 0.036688
0 0.709175 0.680439 0.0387271 0.0333234
0 0.716248 0.68392 0.0327522 0.0327722
0 0.722578 0.768702 0.0901486 0.0535408
0 0.804396 0.620674 0.0351564 0.0298401
0 0.690295 0.676473 0.0576662 0.0389051
0 0.706891 0.766341 0.0921926 0.0514657
0 0.698266 0.761046 0.0714954 0.0458266
0 0.758993 0.836175 0.125791 0.0652568
0 0.738939 0.71047 0.0374669 0.035357
0 0.826053 0.631192 0.0316578 0.0312196
0 0.778922 0.836394 0.0906036 0.0673124
0 0.625847 0.703067 0.0808552 0.0500754
0 0.638282 0.706469 0.119867 0.0507409
0 0.732266 0.708016 0.0508059 0.039248
0 0.820848 0.630982 0.0422477 0.0337521
0 0.628641 0.775888 0.16809 0.0807124
0 0.812762 0.651056 0.040465 0.0332134
0 0.703891 0.769867 0.155157 0.0648786
0 0.642012 0.771734 0.226536 0.0805093
0 0.600928 0.771035 0.102951 0.0782951
0 0.678079 0.769545 0.212913 0.0736659
0 0.754607 0.785846 0.0554985 0.0479851
0 0.674072 0.874642 0.297859 0.152623
0 0.829144 0.674571 0.0492197 0.0370967
0 0.630141 0.871374 0.201969 0.150158
0 0.58474 0.912385 0.302907 0.165794
0 0.730861 0.682384 0.0870584 0.0475372
0 0.696837 0.697979 0.103195 0.0506404
0 0.741323 0.680536 0.0630485 0.0459206
0 0.769209 0.702689 0.0696085 0.0528523
0 0.750045 0.704732 0.103184 0.0573461
0 0.759307 0.787434 0.168461 0.0844889
0 0.775957 0.79283 0.11555 0.0816691
0 0.697463 0.873332 0.204506 0.0837969
0 0.660642 0.8665 0.128415 0.0696055
0 0.790276 0.793489 0.0846677 0.0772245
0 0.643439 0.857692 0.0867712 0.0659945
0 0.719723 0.87695 0.138378 0.0822222
0 0.746562 0.801778 0.229549 0.08246
0 0.760004 0.809046 0.141094 0.0852633
0 0.692043 0.913024 0.221447 0.0881145
0 0.65993 0.902115 0.164796 0.0814866
0 0.628651 0.888056 0.0864796 0.0768316
0 0.689979 0.903791 0.228192 0.129849
0 0.786224 0.914959 0.313544 0.155119
0 0.429604 0.953806 0.402624 0.089765
0 0.970139 0.73603 0.0586739 0.0500053
0 0.961688 0.737272 0.0766249 0.0541453
0 0.866051 0.721648 0.0546425 0.0502159
0 0.945252 0.736019 0.109496 0.0535488
0 0.927943 0.733537 0.13821 0.0507931
0 0.873962 0.726748 0.0780809 0.0537022
0 0.899953 0.729397 0.0642101 0.0529928
0 0.815657 0.720889 0.105185 0.0499346
0 0.889335 0.728767 0.0955936 0.050532
0 0.826921 0.725012 0.157611 0.0558922
0 0.362811 0.957229 0.399905 0.0855421
0 0.843311 0.71971 0.0639782 0.0487218
0 0.765422 0.719529 0.111674 0.0449697
0 0.750264 0.712609 0.0681322 0.0415176
0 0.754534 0.718187 0.0814104 0.0449224
0 0.818976 0.721792 0.116285 0.0514122
0 0.314241 0.957911 0.390033 0.0841788
0 0.872759 0.731596 0.0590927 0.0544067
0 0.782018 0.721516 0.0917484 0.0539299
0 0.772831 0.717125 0.0706094 0.0511017
0 0.851629 0.729293 0.105684 0.0510368
0 0.36415 0.96928 0.260458 0.060185
0 0.775401 0.794142 0.143937 0.0742513
0 0.691878 0.785956 0.0944567 0.0685206
0 0.706841 0.788224 0.136524 0.0729408
0 0.738366 0.793907 0.180322 0.0747047
0 0.801608 0.796468 0.0837383 0.0748751
1 0.691225 0.978475 0.0410325 0.0374461
0 0.66167 0.879498 0.254315 0.125401
0 0.638373 0.87586 0.223271 0.105675
0 0.597055 0.909038 0.27392 0.136201
0 0.70736 0.829013 0.139809 0.0738356
0 0.697987 0.828791 0.195733 0.0687932
0 0.966427 0.901058 0.0671466 0.101364
0 0.536027 0.816103 0.12665 0.0757116
0 0.530518 0.820816 0.164956 0.0742043
0 0.55534 0.811718 0.0903179 0.0741212
0 0.983531 0.596443 0.0269423 0.0349574
0 0.867018 0.892698 0.265964 0.129135
0 0.883994 0.710488 0.0413744 0.0399404
0 0.374587 0.822216 0.134022 0.0763611
0 0.763941 0.617317 0.0640419 0.0437192
0 0.36874 0.830076 0.158196 0.0793424
0 0.749747 0.618775 0.0942822 0.0461965
0 0.391013 0.816437 0.100883 0.076561
0 0.814337 0.70025 0.0336058 0.032305
0 0.348045 0.834908 0.132145 0.077674
0 0.877043 0.708891 0.0532598 0.0441339
0 0.731543 0.619478 0.110334 0.0464297
0 0.837049 0.88648 0.214002 0.100815
0 0.752418 0.876813 0.251892 0.123417
0 0.27418 0.838665 0.173088 0.0805781
0 0.769124 0.698616 0.0415684 0.0395253
0 0.280122 0.831539 0.132916 0.0747358
0 0.675056 0.611781 0.0448973 0.0434742
0 0.253531 0.846318 0.174079 0.0836324
0 0.736164 0.872951 0.237985 0.0975221
0 0.760257 0.696124 0.0590998 0.0405251
0 0.713086 0.694268 0.0376661 0.0347972
0 0.671942 0.869038 0.238416 0.117546
0 0.694912 0.691646 0.0457832 0.0375748
0 0.187715 0.850754 0.18864 0.0874794
0 0.197958 0.840828 0.140376 0.0796834
0 0.652889 0.864735 0.20993 0.0852605
0 0.526552 0.650238 0.0575409 0.0341082
0 0.165386 0.858119 0.160531 0.0869804
0 0.609285 0.847965 0.0942076 0.0879178
0 0.691292 0.867146 0.218429 0.0949786
0 0.643157 0.579992 0.0274412 0.0277996
0 0.658309 0.870196 0.235917 0.116437
0 0.160157 0.863212 0.196598 0.0884393
0 0.681747 0.692383 0.0476454 0.0408324
0 0.639722 0.866398 0.209235 0.0885667
0 0.513251 0.651239 0.0599459 0.035744
0 0.171353 0.854116 0.169518 0.0805158
0 0.133337 0.867921 0.208283 0.0908539
0 0.595224 0.611686 0.0437482 0.041831
0 0.761487 0.730177 0.0537576 0.0452171
0 0.576501 0.673575 0.0378686 0.0326143
0 0.130066 0.948472 0.203448 0.0977043
0 0.649603 0.62572 0.0462274 0.0465947
0 0.773677 0.955639 0.378426 0.0887213
0 0.593499 0.615965 0.0420639 0.0324571
0 0.587364 0.615822 0.0351171 0.0274071
0 0.795296 0.869562 0.161874 0.0975332
0 0.538298 0.73746 0.0491673 0.0437912
0 0.550356 0.643123 0.0496603 0.0382446
0 0.492172 0.739542 0.0398001 0.0369375
0 0.542924 0.642085 0.0360542 0.0360879
0 0.55489 0.647805 0.0665427 0.0445081
0 0.518071 0.738279 0.0885223 0.047526
0 0.775256 0.863059 0.158575 0.0724815
0 0.543048 0.772791 0.106213 0.0541252
0 0.866681 0.942395 0.20646 0.0942396
0 0.52603 0.768852 0.0683438 0.0516126
0 0.879367 0.941645 0.23537 0.11671
0 0.660693 0.681281 0.058208 0.0488272
0 0.695485 0.8009 0.105028 0.0617004
0 0.682304 0.724761 0.0421718 0.0394398
0 0.59182 0.742556 0.128457 0.0901797
0 0.652884 0.632575 0.0369533 0.0337901
0 0.711337 0.799684 0.070615 0.0694804
0 0.687952 0.801427 0.150005 0.0638411
0 0.618017 0.801776 0.11593 0.0609006
0 0.610407 0.725532 0.0438337 0.0400192
0 0.516607 0.74626 0.125616 0.0914134
0 0.638437 0.800541 0.0734745 0.0693555
0 0.196944 0.737305 0.0440901 0.0403083
0 0.191268 0.814529 0.113599 0.0672487
0 0.180689 0.816745 0.157462 0.0734411
0 0.0792411 0.782551 0.150235 0.099693
0 0.209179 0.811835 0.0761423 0.0656268
0 0.588891 0.614688 0.0346569 0.0302523
0 0.926353 0.836351 0.147295 0.077438
0 0.950483 0.722728 0.066387 0.0466111
0 0.877094 0.711752 0.14448 0.049146
0 0.937606 0.723471 0.0936295 0.0491395
0 0.015282 0.660672 0.0300053 0.0419449
0 0.951057 0.710894 0.0376265 0.0365021
0 0.64114 0.696366 0.0481171 0.0445429
0 0.628319 0.792557 0.142452 0.0641701
0 0.20655 0.625465 0.0393304 0.0334618
0 0.651444 0.792958 0.0855814 0.0662033
0 0.608334 0.7882 0.106548 0.0519546
0 0.752067 0.689521 0.0342079 0.0347748
0 0.477806 0.68944 0.0437977 0.0436953
0 0.459248 0.791452 0.148414 0.0669352
1 0.0450012 0.633384 0.0340068 0.0303151
0 0.708292 0.685982 0.030345 0.0305097
0 0.467506 0.788619 0.109669 0.0626419
0 0.978283 0.702961 0.0434343 0.0587493
0 0.443844 0.783797 0.123663 0.0570095
0 0.963892 0.703334 0.0722153 0.0541709
0 0.428696 0.782821 0.0879665 0.0522153
1 0.0493125 0.631827 0.0262071 0.0307162
0 0.430245 0.690911 0.0406331 0.0446337
0 0.406329 0.791491 0.155261 0.0672109
0 0.423144 0.69491 0.0508841 0.0500753
0 0.95639 0.69573 0.0872195 0.0490461
0 0.390353 0.788885 0.117449 0.0567986
0 0.659839 0.683496 0.037711 0.0309471
0 0.41498 0.78908 0.113158 0.0627946
0 0.967247 0.69489 0.0655067 0.0508837
0 0.941175 0.698572 0.117651 0.0502093
0 0.694898 0.682733 0.0394265 0.0324272
0 0.964818 0.70761 0.0703639 0.0508097
0 0.431719 0.698542 0.0525508 0.0520049
0 0.711741 0.694069 0.046604 0.0353073
0 0.424425 0.810464 0.111086 0.0629748
0 0.393121 0.816258 0.13481 0.0650434
0 0.417453 0.702719 0.0788157 0.0591944
0 0.38234 0.810205 0.0983777 0.0599676
0 0.440974 0.808495 0.0786097 0.064343
0 0.465337 0.706292 0.0471679 0.0513444
0 0.761304 0.703948 0.0371906 0.0365865
0 0.442839 0.828947 0.166017 0.0756247
0 0.9738 0.704993 0.048909 0.0385232
0 0.714509 0.700069 0.0340599 0.031838
0 0.425044 0.825051 0.127621 0.0663823
0 0.448182 0.824395 0.129827 0.0706106
0 0.967227 0.70187 0.0436306 0.0373692
1 0.0858826 0.632377 0.0286286 0.0392637
0 0.405389 0.819128 0.087495 0.0595858
0 0.687926 0.695479 0.0417728 0.037186
0 0.946241 0.709391 0.107517 0.0519651
0 0.37788 0.829934 0.154849 0.0756556
0 0.680198 0.69595 0.0593563 0.0386477
0 0.404804 0.708281 0.0444436 0.0485359
0 0.651259 0.696658 0.0371526 0.0320293
0 0.353078 0.829277 0.121109 0.0662159
0 0.394669 0.710181 0.0617272 0.0495617
0 0.970006 0.707656 0.0599882 0.0569183
0 0.318729 0.714989 0.0787206 0.0463102
0 0.669401 0.695456 0.073665 0.036396
0 0.656179 0.699198 0.0491083 0.0342904
0 0.38827 0.939777 0.203203 0.120337
0 0.791104 0.740725 0.046076 0.0438274
0 0.0870778 0.648217 0.0548936 0.037634
0 0.0798635 0.647216 0.0397698 0.0363552
0 0.415851 0.751171 0.104541 0.0581317
0 0.78166 0.74198 0.0655375 0.0449048
0 0.345164 0.753433 0.104768 0.0589078
0 0.405626 0.75671 0.149545 0.0649623
0 0.741303 0.739851 0.0569311 0.0402812
0 0.428667 0.748396 0.0798504 0.056362
0 0.763676 0.742324 0.105836 0.0484772
0 0.798389 0.751501 0.0642882 0.0478236
0 0.0534207 0.653912 0.0323457 0.0354042
0 0.0855968 0.651055 0.0368448 0.0320629
0 0.37889 0.951381 0.267551 0.0900625
0 0.39616 0.764717 0.14454 0.0742742
0 0.785167 0.753725 0.0927048 0.0515867
0 0.0593949 0.653172 0.0448513 0.0357117
0 0.75764 0.746082 0.0703459 0.0388072
0 0.0768445 0.651296 0.0550021 0.0363986
0 0.382063 0.767812 0.195491 0.0746491
0 0.432278 0.758659 0.0698485 0.0666476
0 0.343441 0.765594 0.125239 0.0647408
0 0.329062 0.765848 0.0904905 0.0572352
0 0.762318 0.75183 0.0807177 0.0424108
0 0.754121 0.748189 0.069154 0.0476199
0 0.0360603 0.658708 0.0454197 0.0365944
0 0.378709 0.765761 0.100568 0.0616057
0 0.291391 0.774509 0.104398 0.0547605
0 0.736439 0.750442 0.111177 0.0476959
0 0.338333 0.953647 0.305575 0.0885468
0 0.0271379 0.659877 0.0542757 0.0359627
0 0.719571 0.74594 0.0716433 0.0387072
0 0.360141 0.778097 0.155588 0.0712552
0 0.0188017 0.659763 0.0376033 0.0381592
0 0.723789 0.751827 0.0804563 0.0422457
0 0.729069 0.748083 0.0571367 0.051402
0 0.970982 0.740054 0.0577477 0.0478806
0 0.713999 0.748167 0.090134 0.0463936
0 0.324668 0.778275 0.192637 0.0772916
0 0.332902 0.770284 0.136185 0.067922
0 0.685699 0.747038 0.0562259 0.0376891
0 0.3497 0.767231 0.10327 0.0672217
0 0.299812 0.957078 0.338828 0.0858443
0 0.0167879 0.667414 0.0316706 0.0391898
0 0.798163 0.778424 0.0604265 0.0519869
0 0.263654 0.806839 0.087907 0.061504
0 0.374343 0.796721 0.102194 0.0763152
0 0.7708 0.777363 0.121741 0.050503
0 0.746452 0.773828 0.0680294 0.0466771
0 0.355607 0.80084 0.155578 0.0759183
0 0.281141 0.805369 0.133289 0.0640683
0 0.329622 0.803481 0.187788 0.0738627
0 0.289038 0.884198 0.263522 0.12739
0 0.853235 0.843711 0.123992 0.0642333
0 0.831814 0.839697 0.129331 0.0584389
0 0.8743 0.845666 0.0770374 0.0674085
0 0.319801 0.877239 0.210629 0.118071
0 0.234127 0.897893 0.271149 0.126487
0 0.784411 0.834962 0.139809 0.0636408
0 0.803149 0.834337 0.0998955 0.0684643
0 0.84838 0.901076 0.182826 0.0830686
0 0.188892 0.940759 0.315799 0.118482
0 0.825831 0.900254 0.128776 0.0745618
0 0.157047 0.949181 0.314093 0.101005
0 0.749627 0.896706 0.351735 0.16603
0 0.708578 0.882781 0.251989 0.137539
0 0.40298 0.875863 0.289573 0.147982
0 0.710645 0.712602 0.0701704 0.0396699
0 0.850731 0.7019 0.0855127 0.0541944
0 0.715865 0.717724 0.0863911 0.0414599
0 0.770648 0.711054 0.0697414 0.0634073
0 0.322921 0.878428 0.297814 0.145244
0 0.77868 0.694664 0.0577343 0.0505442
0 0.765722 0.694095 0.0883788 0.0485044
0 0.639924 0.707922 0.0639301 0.0404882
0 0.271416 0.885269 0.299325 0.143954
0 0.725729 0.687086 0.0611341 0.0446978
0 0.669703 0.690622 0.0833353 0.0565086
0 0.590493 0.705378 0.0551745 0.0394366
0 0.665074 0.684726 0.0725962 0.0485062
0 0.23181 0.886923 0.308187 0.146656
0 0.55315 0.703898 0.0435976 0.0335416
0 0.190292 0.887777 0.2189 0.14415
0 0.693732 0.685743 0.0519796 0.0484057
0 0.566281 0.704236 0.0710834 0.0409358
0 0.638726 0.690623 0.092989 0.0539745
0 0.557507 0.70066 0.0527133 0.0365031
0 0.655189 0.687904 0.137 0.0469454
0 0.673143 0.68627 0.09652 0.0488263
0 0.288601 0.914098 0.330807 0.160395
0 0.764698 0.70636 0.108769 0.0538935
0 0.783337 0.702852 0.0693637 0.0508523
0 0.756209 0.707252 0.153026 0.0584511
0 0.242517 0.918984 0.251713 0.149738
0 0.286527 0.923337 0.336023 0.148819
0 0.782119 0.712882 0.113688 0.0511101
0 0.655101 0.734837 0.0792828 0.0433764
0 0.778126 0.713719 0.154136 0.0543643
0 0.802068 0.712752 0.0683666 0.0569461
0 0.651619 0.729265 0.0658262 0.0404596
0 0.215527 0.92783 0.337642 0.139808
0 0.7191 0.706038 0.0846874 0.0533559
0 0.705011 0.705986 0.12157 0.0563606
0 0.729972 0.703472 0.0619754 0.0525042
0 0.583962 0.726468 0.0696852 0.0410282
0 0.702354 0.707449 0.176316 0.0612956
0 0.670321 0.709322 0.100689 0.0580233
0 0.587835 0.730598 0.0833412 0.0439847
0 0.20472 0.930672 0.313524 0.13754
0 0.691373 0.70643 0.116359 0.0571136
0 0.70829 0.703445 0.0762545 0.0535737
0 0.689335 0.707497 0.164572 0.0622412
0 0.571656 0.734219 0.0807016 0.041054
0 0.65712 0.708624 0.102387 0.0570549
0 0.569524 0.728349 0.0718238 0.0389567
0 0.88706 0.879775 0.216935 0.135344
0 0.74399 0.940667 0.144548 0.104212
0 0.789781 0.945687 0.282096 0.105058
0 0.845039 0.871915 0.280134 0.126387
0 0.735906 0.933418 0.233587 0.1203
0 0.881729 0.871544 0.210337 0.118092
0 0.738454 0.947207 0.270121 0.103377
0 0.799082 0.852996 0.268448 0.127485
0 0.686839 0.935566 0.232979 0.121556
0 0.836182 0.888392 0.274082 0.141539
0 0.669193 0.95339 0.169305 0.092348
0 0.688228 0.954451 0.242568 0.0877391
0 0.924453 0.761895 0.151094 0.0652047
0 0.92824 0.758102 0.138868 0.05911
0 0.943679 0.762609 0.112642 0.0643406
0 0.907212 0.753977 0.104558 0.0560621
0 0.306512 0.972244 0.26997 0.0555117
0 0.876032 0.75546 0.148957 0.0642175
0 0.884281 0.755873 0.110176 0.0593714
0 0.810235 0.745638 0.125637 0.0575503
0 0.903432 0.754422 0.0718418 0.0565871
0 0.833003 0.750602 0.171377 0.0564919
0 0.807654 0.744424 0.125379 0.054562
0 0.821048 0.745807 0.0909047 0.0546048
0 0.743803 0.73816 0.108297 0.0565135
0 0.729175 0.736039 0.0779404 0.0545855
0 0.778025 0.741719 0.167264 0.0557706
0 0.768288 0.740469 0.0898979 0.0562241
0 0.755635 0.739504 0.13212 0.0591778
0 0.696525 0.736246 0.103565 0.0531611
0 0.779482 0.738675 0.065746 0.0549243
0 0.679613 0.734078 0.0706638 0.0489077
0 0.714555 0.739129 0.149849 0.0537671
0 0.751384 0.740153 0.191077 0.0633774
0 0.816479 0.76004 0.116674 0.0605611
0 0.832109 0.760834 0.0800655 0.0611295
0 0.739785 0.752411 0.0983992 0.0591087
0 0.792322 0.758771 0.197354 0.0638062
0 0.756529 0.75547 0.141376 0.0566325
0 0.709895 0.835082 0.221765 0.0845088
0 0.654129 0.826341 0.0986907 0.0902803
0 0.669025 0.831153 0.143388 0.0886248
0 0.713278 0.835074 0.254488 0.105276
0 0.746908 0.835935 0.206486 0.0885966
0 0.770407 0.84399 0.114929 0.0901464
0 0.714221 0.882069 0.273996 0.130528
0 0.704365 0.954997 0.403392 0.090005
0 0.750209 0.856179 0.160739 0.0898834
0 0.597581 0.864339 0.164351 0.0990857
0 0.874028 0.900286 0.251945 0.128671
0 0.340181 0.882564 0.16989 0.120347
0 0.833504 0.707421 0.0457855 0.0370659
1 0.892039 0.680973 0.0373739 0.0454704
0 0.694269 0.618292 0.0593842 0.0479996
0 0.822254 0.699724 0.0624477 0.0524297
0 0.681241 0.617283 0.0805534 0.0469226
0 0.842353 0.893522 0.283223 0.126889
0 0.787701 0.701891 0.0425293 0.0398725
0 0.265669 0.897782 0.232005 0.129722
0 0.647338 0.615027 0.0551384 0.045638
0 0.725898 0.697178 0.0477802 0.0336339
0 0.799623 0.886945 0.224321 0.101813
0 0.59793 0.65716 0.0467911 0.0324666
