0 0.684619 0.927263 0.303028 0.142014
0 0.594993 0.709017 0.044809 0.041109
0 0.466536 0.621549 0.0379263 0.0429732
0 0.911537 0.676587 0.0425961 0.033245
0 0.586239 0.708841 0.0639266 0.0438377
0 0.405383 0.613459 0.0435863 0.03528
0 0.0709481 0.973863 0.137365 0.0498041
0 0.873621 0.67676 0.0458328 0.03613
1 0.667946 0.695934 0.0477018 0.0454564
0 0.398531 0.614498 0.0364022 0.0288475
0 0.399764 0.675587 0.0399498 0.0318125
0 0.594678 0.720189 0.0540167 0.0391678
0 0.9296 0.682103 0.0389427 0.0354899
0 0.457645 0.62801 0.0430763 0.0427333
0 0.371325 0.678921 0.0505645 0.0344933
0 0.391259 0.676207 0.057928 0.0337017
0 0.883451 0.679488 0.0449921 0.0372894
0 0.582195 0.715174 0.0657261 0.0417809
0 0.691928 0.947435 0.361634 0.10114
0 0.3804 0.677608 0.0700335 0.0349106
1 0.660631 0.696503 0.0384821 0.0454941
0 0.365068 0.678813 0.0357041 0.0328494
0 0.537444 0.716742 0.0400663 0.032577
0 0.392946 0.617515 0.0351325 0.027769
1 0.960311 0.651882 0.0293697 0.0364189
0 0.605677 0.732329 0.0491587 0.0479094
0 0.462792 0.631454 0.0392117 0.0430018
0 0.951242 0.695257 0.0524687 0.0394174
0 0.388122 0.619969 0.0318146 0.0304902
0 0.982841 0.657086 0.0286997 0.0337247
0 0.545089 0.7306 0.0516485 0.0356112
0 0.362825 0.683826 0.0354496 0.0325403
0 0.390888 0.683091 0.0556545 0.0354284
0 0.890013 0.594342 0.0393347 0.0311358
0 0.551393 0.734073 0.0665344 0.0388683
0 0.596251 0.731375 0.0711473 0.0475446
0 0.901665 0.688784 0.0420958 0.0344104
0 0.302954 0.807573 0.0955234 0.0581333
0 0.290434 0.810548 0.125468 0.0621466
0 0.640225 0.942874 0.262057 0.103125
0 0.26844 0.814029 0.0743405 0.0571098
0 0.434763 0.69341 0.0573202 0.0445119
0 0.309901 0.839969 0.129473 0.0627307
0 0.329218 0.838057 0.0957867 0.0686432
0 0.392827 0.681775 0.0920434 0.0692191
0 0.471285 0.705639 0.0549774 0.0424974
0 0.292442 0.845634 0.0948992 0.0672356
0 0.45088 0.697593 0.0379519 0.0399516
0 0.448468 0.754767 0.0640161 0.0531399
0 0.349155 0.715484 0.0863255 0.06853
0 0.435832 0.755353 0.0909057 0.0527303
0 0.225778 0.968462 0.263532 0.0630759
0 0.339105 0.811213 0.22814 0.164074
0 0.422705 0.75785 0.0516847 0.0475939
0 0.377781 0.869541 0.178072 0.0858868
0 0.500591 0.642451 0.0492004 0.0341759
0 0.402681 0.612002 0.0469438 0.0315519
0 0.412338 0.611736 0.0378465 0.0311801
0 0.409826 0.759053 0.082662 0.0495412
0 0.338439 0.817799 0.248064 0.134868
0 0.37147 0.930515 0.1927 0.0935829
0 0.730381 0.652798 0.0424473 0.0388869
0 0.721785 0.65001 0.0578777 0.0381396
0 0.440742 0.72583 0.0900745 0.0585007
0 0.482846 0.721862 0.115316 0.0607506
1 0.637331 0.668891 0.034704 0.041217
0 0.330312 0.661336 0.0322255 0.0320119
0 0.505224 0.724791 0.0665642 0.0516365
0 0.452847 0.722045 0.123169 0.0585331
0 0.712186 0.647989 0.0566912 0.0349795
0 0.773659 0.666785 0.0572618 0.0477987
0 0.44316 0.753469 0.0905895 0.0637016
0 0.334481 0.675794 0.044137 0.0346757
0 0.527766 0.756359 0.0588028 0.0591915
0 0.495577 0.751906 0.135022 0.0702671
0 0.4661 0.752642 0.141884 0.0696424
0 0.383219 0.665586 0.0484263 0.0372142
0 0.517526 0.754115 0.0806667 0.059193
0 0.757393 0.666935 0.0921616 0.0462359
0 0.375778 0.666712 0.042973 0.0373088
0 0.401782 0.665364 0.0375668 0.0338442
0 0.46178 0.800735 0.194086 0.0910851
0 0.385109 0.690152 0.0333701 0.0321195
0 0.292059 0.701114 0.0394985 0.032907
0 0.285636 0.70167 0.03195 0.0299566
0 0.798088 0.685986 0.0696621 0.0458448
0 0.30051 0.698619 0.0577343 0.0386762
0 0.778883 0.688431 0.105476 0.0519354
0 0.315655 0.696229 0.0751219 0.0436475
0 0.32545 0.693073 0.0844116 0.0467447
0 0.498196 0.809966 0.106404 0.0816633
0 0.862516 0.74598 0.126596 0.0718287
0 0.290138 0.755463 0.119564 0.0645182
0 0.883111 0.750312 0.130211 0.0705116
0 0.306334 0.74991 0.119639 0.0588739
0 0.330428 0.74536 0.0778702 0.0484116
0 0.848281 0.740889 0.12288 0.0601962
0 0.42646 0.942348 0.35495 0.105041
0 0.231347 0.769459 0.0872563 0.0557749
0 0.904651 0.754472 0.0907001 0.0541899
0 0.942899 0.788328 0.114203 0.0772469
0 0.327361 0.779173 0.135769 0.0733421
0 0.310119 0.784055 0.135483 0.0855754
0 0.932047 0.788909 0.135907 0.0884247
0 0.938452 0.77729 0.123096 0.0630274
0 0.920447 0.779966 0.159107 0.064816
0 0.352635 0.775494 0.0829828 0.0534671
0 0.341525 0.775229 0.104649 0.0610794
0 0.258523 0.799677 0.130332 0.0683006
0 0.288917 0.841128 0.168912 0.117309
0 0.248848 0.847871 0.249355 0.123431
0 0.777065 0.973668 0.199343 0.0526632
1 0.922295 0.72332 0.0936274 0.0441167
0 0.619094 0.96852 0.16724 0.0619062
0 0.744274 0.982307 0.120473 0.0353855
0 0.629308 0.968233 0.241396 0.0635349
1 0.603438 0.698316 0.0612455 0.0509476
0 0.450717 0.981472 0.167213 0.0370553
0 0.446643 0.975359 0.184406 0.0492812
1 0.613671 0.706363 0.0599855 0.0519529
1 0.582011 0.755153 0.0924871 0.072694
1 0.600757 0.755337 0.0917162 0.0697383
1 0.629436 0.859343 0.129014 0.0981631
1 0.652072 0.856601 0.156927 0.103099
1 0.642392 0.971664 0.0495669 0.0543879
1 0.111584 0.798937 0.2156 0.394271
0 0.873015 0.820233 0.187513 0.0968124
0 0.62056 0.802608 0.17263 0.0944862
0 0.857768 0.939222 0.284464 0.121555
0 0.829792 0.60618 0.0508156 0.0552043
0 0.949457 0.659661 0.0591324 0.042056
0 0.56035 0.797327 0.0820194 0.0612768
0 0.699992 0.935682 0.231376 0.128636
0 0.494762 0.797421 0.15812 0.0991294
0 0.472787 0.803224 0.136054 0.0971733
0 0.433963 0.79888 0.0787936 0.0627904
0 0.800459 0.645655 0.0409283 0.040324
0 0.748661 0.646193 0.0570326 0.0356565
0 0.607218 0.93046 0.213619 0.131608
0 0.712946 0.639829 0.0378845 0.0363932
0 0.4025 0.801546 0.171397 0.094352
0 0.420371 0.796936 0.127289 0.104067
0 0.345094 0.803732 0.0767013 0.0571116
1 0.758144 0.624185 0.0411666 0.040416
0 0.812073 0.630336 0.0331837 0.0340869
0 0.563418 0.929775 0.207406 0.133904
0 0.370938 0.803522 0.175088 0.0964968
0 0.676824 0.640786 0.0356312 0.0353277
0 0.309229 0.808226 0.0822902 0.063103
1 0.721566 0.618121 0.0362617 0.0419985
0 0.296116 0.804253 0.0543446 0.0556552
0 0.589058 0.592524 0.038447 0.0457227
0 0.345393 0.807252 0.154215 0.095445
0 0.436536 0.852351 0.204972 0.138413
0 0.906191 0.645913 0.0416952 0.0339256
0 0.68189 0.602621 0.0544933 0.0510839
0 0.789619 0.656985 0.0400311 0.0398621
0 0.381108 0.852989 0.0893705 0.0856949
0 0.673051 0.604134 0.0760486 0.0533802
0 0.633073 0.971552 0.236239 0.0568968
0 0.724562 0.652251 0.0363296 0.031365
0 0.386941 0.852847 0.204768 0.138902
0 0.634814 0.603048 0.0429255 0.0507323
0 0.85077 0.641588 0.0351562 0.0359495
0 0.320351 0.853044 0.0754462 0.0708202
1 0.782123 0.630857 0.0435709 0.0506273
0 0.730163 0.648317 0.0495201 0.0494039
0 0.582203 0.971664 0.229277 0.0566714
0 0.335966 0.855277 0.209397 0.140409
0 0.590714 0.603373 0.0427104 0.0522865
0 0.279774 0.864687 0.094823 0.0841108
0 0.633862 0.647852 0.0357849 0.0316293
0 0.689505 0.646308 0.0360398 0.0384758
0 0.270049 0.85778 0.0765351 0.0703004
0 0.544009 0.970985 0.244758 0.0575307
0 0.3433 0.880488 0.230246 0.145479
0 0.822765 0.642381 0.042181 0.0386035
0 0.605141 0.602477 0.0567064 0.0515837
1 0.754517 0.629676 0.0434563 0.0566003
0 0.648108 0.652366 0.035644 0.0319319
0 0.270836 0.880316 0.0760326 0.0786771
0 0.707659 0.650637 0.0458877 0.0560481
0 0.803538 0.682712 0.0553083 0.0459783
0 0.389568 0.947886 0.330999 0.0951235
0 0.378354 0.953953 0.235038 0.0843704
0 0.259394 0.98437 0.0966373 0.0312603
0 0.795004 0.6844 0.0814892 0.0442745
0 0.929081 0.668165 0.0358288 0.0320461
0 0.676648 0.626077 0.0345329 0.0329224
1 0.812313 0.650306 0.0397258 0.0483257
0 0.905862 0.663857 0.0536016 0.0357173
0 0.913251 0.664635 0.039362 0.0334438
0 0.763765 0.67935 0.0469389 0.0451043
0 0.896747 0.663182 0.0543385 0.0346395
0 0.697861 0.678607 0.0483274 0.0371241
0 0.345731 0.957169 0.227242 0.076786
0 0.372464 0.948744 0.211493 0.100005
0 0.887965 0.663199 0.0400183 0.0328138
0 0.364555 0.950445 0.330104 0.0907977
0 0.93299 0.672777 0.03988 0.0363564
0 0.373078 0.974079 0.0972331 0.0518424
0 0.698002 0.681777 0.0363284 0.0331879
0 0.776046 0.688684 0.0518782 0.04761
0 0.894157 0.67002 0.0301685 0.032008
0 0.309341 0.985749 0.144431 0.0285014
1 0.827231 0.660068 0.039867 0.0503827
0 0.325443 0.981965 0.169033 0.03607
0 0.362914 0.974945 0.168772 0.0491351
0 0.760098 0.691058 0.0871621 0.0524798
0 0.705624 0.686093 0.0585485 0.0395298
0 0.93856 0.671569 0.0338333 0.0380165
0 0.919106 0.672846 0.0593773 0.0377124
0 0.629851 0.657763 0.048056 0.0330597
0 0.824669 0.751444 0.0554982 0.0534851
1 0.770999 0.673453 0.0269695 0.0362981
0 0.792533 0.751128 0.128041 0.0672292
0 0.808314 0.751587 0.0939486 0.0624098
0 0.737686 0.746557 0.108361 0.0640638
0 0.957575 0.712474 0.0744974 0.0375123
0 0.767206 0.748591 0.165909 0.0635085
0 0.570482 0.621098 0.0315048 0.032939
0 0.729144 0.740884 0.0812411 0.0549339
0 0.969147 0.7137 0.0617067 0.0398326
0 0.957954 0.717346 0.0840923 0.0414758
0 0.581034 0.631669 0.0306627 0.0320017
0 0.847196 0.803925 0.21017 0.089461
0 0.642805 0.675552 0.0663774 0.0350601
0 0.809793 0.804686 0.16633 0.0739446
0 0.661277 0.675961 0.0390408 0.0329048
0 0.636665 0.676255 0.0492927 0.0329267
0 0.583782 0.630629 0.040645 0.0346954
0 0.900284 0.860824 0.188146 0.1317
0 0.70717 0.697901 0.0370819 0.0337601
1 0.787366 0.607838 0.0237358 0.0326319
0 0.68144 0.695474 0.0560934 0.0370196
0 0.61843 0.776007 0.161639 0.0807014
0 0.794312 0.649523 0.0440243 0.0332319
0 0.599623 0.772108 0.110741 0.078499
0 0.688515 0.770225 0.166028 0.0678548
0 0.642793 0.771694 0.231198 0.0781377
0 0.583806 0.768063 0.0806492 0.0805386
0 0.747947 0.783427 0.0579493 0.0477531
0 0.621759 0.85359 0.271105 0.140059
0 0.764153 0.665099 0.0506464 0.0417692
0 0.702947 0.675695 0.0943443 0.0524619
0 0.587297 0.853269 0.196594 0.115607
0 0.535092 0.918776 0.294214 0.156404
0 0.696867 0.679208 0.063731 0.046647
0 0.68469 0.682126 0.0917908 0.050752
0 0.646538 0.698928 0.0918333 0.0482905
0 0.506069 0.937917 0.318818 0.119715
0 0.543342 0.940488 0.437341 0.119024
0 0.686445 0.686543 0.0694702 0.0466717
0 0.674056 0.69021 0.0974567 0.0517128
0 0.799601 0.809881 0.140476 0.0850159
0 0.718882 0.904176 0.237091 0.0915535
0 0.785008 0.801963 0.223799 0.0825055
0 0.666205 0.882873 0.0938963 0.0780922
0 0.701553 0.794682 0.101921 0.061806
0 0.741011 0.910241 0.182621 0.0895363
0 0.686235 0.889277 0.138812 0.0775787
0 0.694688 0.8993 0.173566 0.0842468
0 0.712361 0.928089 0.224943 0.117783
0 0.7778 0.816435 0.208097 0.0918877
0 0.728962 0.931183 0.216593 0.0916283
0 0.651384 0.903338 0.0898764 0.0850189
0 0.801821 0.822463 0.12234 0.0898309
0 0.692076 0.917642 0.205909 0.0898898
0 0.6728 0.908905 0.13182 0.0883995
0 0.83255 0.934325 0.334899 0.13135
0 0.782862 0.955652 0.434276 0.0886965
1 0.0233293 0.829154 0.0428007 0.0617246
1 0.0200341 0.8355 0.0400682 0.061652
0 0.633623 0.951234 0.415822 0.0959304
0 0.946275 0.735747 0.0675755 0.0482793
0 0.37129 0.956727 0.386674 0.0865468
0 0.923431 0.73622 0.112409 0.0534533
0 0.846483 0.727221 0.0948223 0.053919
0 0.836842 0.722582 0.0719082 0.0525271
0 0.878212 0.732324 0.149413 0.0510253
0 0.899718 0.733981 0.136162 0.0511964
0 0.886418 0.730825 0.060936 0.0535927
0 0.797943 0.72105 0.0959343 0.0528791
0 0.787437 0.715951 0.0739773 0.0488052
0 0.811294 0.723956 0.146018 0.0546921
0 0.319505 0.970627 0.255848 0.057958
0 0.398235 0.967492 0.278757 0.065016
0 0.861609 0.728339 0.122855 0.0507927
0 0.76748 0.720733 0.108946 0.0469078
0 0.825545 0.726062 0.115053 0.0521792
0 0.84418 0.724992 0.066312 0.0457359
0 0.789847 0.72598 0.192015 0.0562482
0 0.785539 0.722757 0.134822 0.0509183
0 0.362636 0.968465 0.287546 0.0630697
0 0.814457 0.722555 0.165426 0.05541
0 0.904032 0.767242 0.134598 0.0616062
0 0.861525 0.762337 0.168844 0.0632109
0 0.92288 0.768141 0.0945965 0.0611848
0 0.835738 0.760096 0.131508 0.0599803
0 0.937299 0.768211 0.0626434 0.0583871
0 0.820482 0.754646 0.0908451 0.0570618
0 0.696784 0.832774 0.230453 0.103762
0 0.720971 0.829218 0.208773 0.0867798
0 0.669295 0.829376 0.172899 0.0789838
0 0.64291 0.822484 0.100029 0.0769742
0 0.683175 0.827565 0.23954 0.0774872
0 0.657445 0.940843 0.332416 0.118314
0 0.718286 0.811921 0.115132 0.0699291
0 0.736162 0.812694 0.0804152 0.0699671
0 0.636521 0.826451 0.104988 0.05678
0 0.693427 0.816628 0.156984 0.0653926
0 0.584827 0.822277 0.135735 0.0708605
0 0.96835 0.680973 0.0607876 0.0349192
0 0.610942 0.819369 0.0854269 0.0751007
0 0.925355 0.940755 0.149289 0.113364
0 0.457471 0.828391 0.127994 0.0709298
0 0.455512 0.834183 0.169994 0.073318
0 0.97739 0.733502 0.0452192 0.038457
0 0.366153 0.859842 0.0853881 0.058016
0 0.935923 0.634286 0.0709269 0.0463038
0 0.475242 0.824086 0.101422 0.0719095
0 0.628807 0.912176 0.26132 0.129731
0 0.0996308 0.881993 0.181889 0.0962466
0 0.680348 0.704481 0.0526585 0.0431656
0 0.604119 0.617066 0.0516279 0.0454042
0 0.522029 0.65749 0.0539701 0.0346237
0 0.627003 0.700473 0.0348152 0.0324226
0 0.592655 0.615012 0.0738054 0.0435272
0 0.578239 0.618027 0.105909 0.0444761
0 0.562921 0.613352 0.0572967 0.0383747
0 0.629872 0.703224 0.0435324 0.0334712
0 0.511262 0.658139 0.0590454 0.033609
0 0.501568 0.658185 0.0394709 0.031977
0 0.590642 0.906945 0.200843 0.104185
0 0.572423 0.901683 0.262029 0.136256
0 0.629617 0.701991 0.0463915 0.0402637
0 0.0610993 0.887934 0.115214 0.0932355
0 0.98178 0.694115 0.0340286 0.0453028
0 0.555375 0.61501 0.0512795 0.0462135
0 0.57691 0.698965 0.0366615 0.0321602
0 0.472629 0.657887 0.0529744 0.0338132
0 0.450199 0.658501 0.0363624 0.031868
0 0.460643 0.65846 0.0575901 0.0334757
0 0.513107 0.613136 0.0532293 0.0370995
0 0.534762 0.616066 0.0943193 0.0433097
1 0.703947 0.665069 0.0311556 0.0430416
0 0.0744725 0.946892 0.136711 0.101861
0 0.737487 0.736787 0.0606094 0.049519
0 0.58593 0.619023 0.0388296 0.0290527
0 0.682042 0.729851 0.0596532 0.0364096
0 0.64695 0.62852 0.0432744 0.0502947
0 0.559543 0.676031 0.0435405 0.0315056
0 0.714617 0.737109 0.107781 0.0537206
0 0.693011 0.734657 0.0807657 0.0423403
0 0.697253 0.734559 0.0574415 0.0501742
0 0.0442684 0.949277 0.0885368 0.0891787
0 0.523465 0.676106 0.0414891 0.0314865
0 0.549266 0.618781 0.0366985 0.0279488
0 0.516153 0.675669 0.0565983 0.0333817
0 0.603341 0.62596 0.0575436 0.0445068
0 0.63661 0.730017 0.0474459 0.0378064
0 0.661741 0.732297 0.0576838 0.0489686
0 0.0187671 0.955628 0.0375341 0.0887449
0 0.486667 0.675796 0.0457554 0.0313273
0 0.573333 0.62505 0.0513878 0.0471886
0 0.519765 0.617265 0.0421997 0.0337875
0 0.605817 0.729285 0.0607938 0.0371529
0 0.660512 0.733165 0.0591679 0.0491262
0 0.485127 0.675737 0.0426906 0.0309939
0 0.477193 0.675487 0.0584254 0.0330593
0 0.513176 0.618772 0.0366876 0.0283707
0 0.570374 0.625336 0.0486237 0.0467837
0 0.647411 0.733298 0.0823932 0.0495725
0 0.600198 0.729889 0.0511196 0.0383146
0 0.561039 0.625468 0.0693804 0.0487699
0 0.763917 0.82069 0.15129 0.0717571
0 0.547937 0.713208 0.0528914 0.039935
0 0.535907 0.714277 0.0765738 0.042343
0 0.524683 0.712958 0.0643127 0.0365901
0 0.821146 0.876588 0.173616 0.0938525
0 0.571438 0.736745 0.0517836 0.0452372
0 0.670928 0.662756 0.0698423 0.0561762
0 0.529926 0.73816 0.0448843 0.0372409
0 0.798414 0.870246 0.159094 0.0717773
0 0.553774 0.737858 0.0889145 0.0484372
0 0.81636 0.882065 0.19768 0.118344
0 0.738207 0.869063 0.163915 0.0957839
0 0.502512 0.736026 0.0552485 0.0449496
0 0.537948 0.643261 0.0510505 0.0420163
0 0.461655 0.736461 0.0395771 0.0364418
0 0.724753 0.864289 0.163091 0.0772783
0 0.531356 0.642502 0.0381594 0.0377686
0 0.491616 0.736948 0.0784292 0.0485358
0 0.611507 0.653892 0.0456827 0.0566622
0 0.696675 0.85605 0.102772 0.0675725
0 0.471042 0.739205 0.064528 0.0404505
0 0.540014 0.646891 0.0614186 0.0503746
0 0.456534 0.739056 0.0352524 0.0368601
0 0.454873 0.810327 0.111019 0.0596691
0 0.605976 0.699048 0.052306 0.0494403
0 0.498955 0.955936 0.229353 0.0872508
0 0.702404 0.762396 0.0687517 0.0530813
0 0.603898 0.715783 0.0949343 0.0787971
0 0.693788 0.761063 0.0962141 0.0525178
0 0.701507 0.702786 0.0444087 0.0403899
0 0.548036 0.733391 0.100614 0.0805097
0 0.651735 0.718039 0.0500631 0.0435123
0 0.648045 0.788884 0.102136 0.0596954
0 0.639524 0.788187 0.141793 0.0617071
0 0.665555 0.788884 0.0676094 0.0618101
0 0.568806 0.738038 0.141654 0.0843814
0 0.651268 0.631544 0.0389442 0.0333879
0 0.645904 0.719275 0.0655213 0.0475399
0 0.859827 0.834863 0.189094 0.078517
0 0.870419 0.718458 0.0543507 0.0498693
0 0.860128 0.720048 0.0744221 0.0499321
0 0.845837 0.720647 0.104668 0.0529264
0 0.511631 0.614051 0.032314 0.0329277
0 0.81689 0.715132 0.15541 0.0510773
0 0.79004 0.71192 0.133777 0.0492121
0 0.645813 0.697779 0.044061 0.0471298
0 0.971637 0.720964 0.041284 0.0383827
0 0.637263 0.80373 0.112582 0.0609231
0 0.638973 0.699852 0.0584692 0.053124
0 0.651049 0.804517 0.0825756 0.0527339
0 0.917933 0.71329 0.0479424 0.0332802
0 0.606107 0.803004 0.132299 0.0624379
0 0.628645 0.701436 0.076388 0.0570558
0 0.49821 0.696856 0.0447647 0.0432465
0 0.778336 0.697114 0.0517977 0.0365636
0 0.478716 0.801026 0.118518 0.0654828
0 0.490559 0.698298 0.0606537 0.0466273
0 0.987172 0.701786 0.025656 0.039431
0 0.492023 0.797439 0.092734 0.0629052
0 0.745614 0.696605 0.0468257 0.0336384
0 0.417502 0.700107 0.0690132 0.0434357
0 0.453897 0.798475 0.119493 0.0626212
0 0.688015 0.691092 0.0372471 0.0327934
0 0.379911 0.806584 0.136948 0.0642016
0 0.408547 0.696881 0.0471141 0.0456306
0 0.944074 0.708135 0.111852 0.0511831
0 0.357989 0.809812 0.132108 0.0652039
0 0.348633 0.805225 0.102644 0.0597822
0 0.399539 0.699371 0.0649337 0.0500764
0 0.322295 0.702633 0.0629885 0.0455677
0 0.392412 0.802534 0.0985901 0.0630341
0 0.916821 0.708105 0.108924 0.0515455
0 0.650267 0.690865 0.035089 0.0341476
0 0.341648 0.811708 0.118679 0.0678441
0 0.952646 0.70114 0.0634605 0.0531397
0 0.369387 0.697928 0.0459243 0.0470272
0 0.315191 0.817789 0.13829 0.069249
0 0.35632 0.808124 0.0909897 0.066731
0 0.941294 0.701704 0.0892025 0.0507149
0 0.351421 0.703726 0.0783362 0.0571744
0 0.305674 0.811115 0.107549 0.0619607
0 0.892533 0.703006 0.0913212 0.0489798
0 0.610892 0.690548 0.0399115 0.0321892
0 0.334392 0.701894 0.0474492 0.0464671
0 0.616004 0.690244 0.0379612 0.0343417
0 0.917047 0.697806 0.0564766 0.0474932
0 0.300661 0.816377 0.136648 0.0714401
0 0.276557 0.819278 0.120007 0.0656108
0 0.316758 0.811267 0.100627 0.0669052
0 0.607583 0.691134 0.0519814 0.0362022
0 0.844526 0.698192 0.0963753 0.049773
0 0.292991 0.821128 0.176433 0.0733509
0 0.799788 0.682078 0.0439992 0.0340624
1 0.109793 0.637339 0.0298327 0.0365663
0 0.959076 0.722857 0.0818484 0.0568221
0 0.379611 0.831832 0.153028 0.076277
0 0.415916 0.707012 0.0443261 0.0475306
0 0.358822 0.835274 0.14422 0.0708351
0 0.707802 0.702167 0.0388255 0.0371955
0 0.663795 0.699147 0.0315479 0.031039
0 0.407059 0.709602 0.0602717 0.0494166
0 0.94818 0.722179 0.10364 0.0619935
0 0.348551 0.82779 0.107071 0.0615578
0 0.332132 0.715214 0.0835296 0.044759
0 0.331626 0.822952 0.0728285 0.0584276
0 0.0171003 0.646159 0.0292062 0.0425911
0 0.638744 0.700693 0.0430761 0.0389712
0 0.293186 0.852058 0.176243 0.0785375
0 0.599858 0.701289 0.0349614 0.0308303
0 0.8924 0.712399 0.11395 0.054571
0 0.941884 0.713586 0.116232 0.0505956
0 0.339308 0.714048 0.0660172 0.0497187
0 0.959766 0.712094 0.077145 0.0502426
0 0.3182 0.721324 0.109352 0.0538012
0 0.33025 0.716736 0.0856284 0.0511747
0 0.925745 0.713527 0.148511 0.0557045
0 0.316484 0.845345 0.116201 0.0811103
0 0.625988 0.70015 0.0442969 0.0398014
0 0.286668 0.854577 0.178699 0.0804887
0 0.33364 0.713784 0.0468002 0.0468177
0 0.586242 0.701441 0.034531 0.0306201
0 0.933208 0.712357 0.103477 0.0505792
0 0.866057 0.709777 0.116482 0.0554428
0 0.946655 0.71161 0.0730167 0.0502583
0 0.259831 0.855587 0.137599 0.0765607
0 0.306364 0.721282 0.104323 0.0555224
0 0.319048 0.716757 0.0775393 0.0513976
0 0.885524 0.709306 0.124221 0.0533483
0 0.919213 0.712142 0.161574 0.0556697
0 0.742576 0.746556 0.0530569 0.0475149
0 0.0370481 0.653563 0.0551589 0.0376564
0 0.342095 0.762561 0.139529 0.0722151
0 0.981299 0.744207 0.0374013 0.0433918
0 0.297046 0.955686 0.245817 0.0865976
0 0.725599 0.746791 0.0882267 0.0444066
0 0.375555 0.755351 0.0769637 0.0648079
0 0.697987 0.746316 0.0602251 0.03819
0 0.0174181 0.654976 0.0323826 0.038627
0 0.276897 0.76521 0.0941309 0.058491
0 0.709602 0.751665 0.0908216 0.04201
0 0.0267903 0.655829 0.0535806 0.0378026
0 0.690509 0.743963 0.0540595 0.0484899
0 0.672196 0.744204 0.0926534 0.0460045
0 0.315627 0.761002 0.095933 0.0594785
0 0.238868 0.95393 0.283978 0.0883966
0 0.220164 0.77435 0.0937591 0.0571075
0 0.329006 0.758126 0.0732233 0.0621226
0 0.94441 0.749991 0.11118 0.0655451
0 0.658142 0.741861 0.0842894 0.0443298
0 0.25972 0.870323 0.259303 0.114101
0 0.805503 0.836467 0.126177 0.0622439
0 0.825395 0.836075 0.0858477 0.0604905
0 0.280647 0.866747 0.237724 0.0922475
0 0.729297 0.823711 0.13982 0.0633181
0 0.185977 0.875849 0.271097 0.119959
0 0.749158 0.823277 0.088158 0.0612825
0 0.216842 0.872547 0.241995 0.104901
0 0.149048 0.88542 0.274816 0.124163
0 0.694982 0.821185 0.120879 0.0625332
0 0.715621 0.819959 0.0807919 0.0644574
0 0.790604 0.898972 0.171898 0.0834298
0 0.148419 0.940179 0.283031 0.119642
0 0.817626 0.970294 0.21622 0.0583482
0 0.801552 0.969076 0.241412 0.0609812
0 0.775319 0.908332 0.343898 0.160035
0 0.719163 0.897289 0.216487 0.140247
0 0.615353 0.90467 0.329841 0.160284
0 0.976434 0.759244 0.0471323 0.0491023
0 0.57077 0.896315 0.227746 0.143711
0 0.434592 0.899482 0.306209 0.164977
0 0.792391 0.730736 0.0691164 0.0417594
0 0.911824 0.727289 0.176353 0.062823
0 0.906089 0.725328 0.138397 0.0534044
0 0.800963 0.73685 0.0822853 0.0489644
0 0.39658 0.895999 0.220144 0.144158
0 0.950954 0.726519 0.0980925 0.0517812
0 0.926308 0.726078 0.147383 0.0564812
0 0.306312 0.907578 0.313493 0.158014
0 0.805747 0.708791 0.0967497 0.0527074
0 0.79516 0.70869 0.14187 0.0563802
0 0.268368 0.907382 0.229533 0.146044
0 0.75468 0.709687 0.100499 0.0613726
0 0.82074 0.706705 0.0647608 0.0515717
0 0.794373 0.70916 0.197568 0.0607424
0 0.666965 0.722826 0.0688567 0.042622
0 0.777748 0.705406 0.127301 0.056676
0 0.304743 0.91464 0.330867 0.157653
0 0.818842 0.715224 0.11107 0.0506065
0 0.81417 0.715972 0.155366 0.0529208
0 0.831805 0.714695 0.0826773 0.0549934
0 0.688512 0.733383 0.090423 0.0436602
0 0.681673 0.728463 0.0763948 0.0398015
0 0.18693 0.92228 0.33069 0.150455
0 0.717356 0.702639 0.0697012 0.0556005
0 0.695225 0.705008 0.116372 0.0569323
0 0.689429 0.706981 0.168473 0.0598096
0 0.569028 0.723384 0.0542608 0.0410759
0 0.70435 0.700664 0.0847148 0.0527025
0 0.565548 0.718837 0.0465481 0.0420677
0 0.160442 0.925781 0.298562 0.147454
0 0.680979 0.701568 0.0645746 0.0541979
0 0.661786 0.702078 0.104335 0.0517143
0 0.531831 0.723039 0.0516754 0.0389664
0 0.150165 0.926492 0.295003 0.147016
0 0.667746 0.700938 0.0634182 0.0543467
0 0.519166 0.722656 0.0500317 0.0389473
0 0.649646 0.701746 0.100606 0.0520231
0 0.526653 0.723613 0.0699998 0.0439929
0 0.227093 0.940971 0.325324 0.118057
0 0.644849 0.750593 0.107931 0.0519917
0 0.760105 0.728476 0.201419 0.0653979
0 0.770658 0.725782 0.132255 0.0577732
0 0.744096 0.725327 0.139906 0.0579882
0 0.63662 0.743115 0.082338 0.0477909
0 0.792477 0.725379 0.0810213 0.0554152
0 0.577325 0.747096 0.0882807 0.0487033
0 0.693107 0.724984 0.154439 0.0661776
0 0.164631 0.945246 0.329262 0.100519
0 0.57481 0.741303 0.0734789 0.0477865
0 0.717656 0.720925 0.0945612 0.0619352
0 0.542688 0.747121 0.0868478 0.0500702
0 0.148966 0.953088 0.297933 0.0888017
0 0.662315 0.731162 0.188821 0.0754318
0 0.540104 0.74176 0.0737044 0.0481524
0 0.665358 0.723351 0.149991 0.0619769
0 0.713393 0.780233 0.172457 0.0805562
0 0.560912 0.828411 0.109584 0.0765053
0 0.582326 0.831334 0.152328 0.0720235
0 0.721458 0.777142 0.12986 0.0769796
0 0.646059 0.768597 0.0804868 0.068839
0 0.870932 0.891845 0.249168 0.146459
0 0.713812 0.950844 0.198739 0.0954084
0 0.837043 0.924739 0.321383 0.146788
0 0.881179 0.765625 0.132795 0.0606659
0 0.921577 0.769413 0.156847 0.0595219
0 0.875733 0.759328 0.111906 0.0628994
0 0.948341 0.774449 0.103319 0.0603198
0 0.72297 0.744772 0.106911 0.0593974
0 0.785659 0.753322 0.150493 0.0607028
0 0.743715 0.748623 0.156005 0.0587486
0 0.814478 0.751501 0.0718384 0.0590959
0 0.786763 0.756581 0.194366 0.0684301
0 0.707425 0.742567 0.0740284 0.0560198
0 0.813868 0.779836 0.123053 0.0708214
0 0.798956 0.777568 0.189388 0.071239
0 0.837341 0.780601 0.0734638 0.0657195
0 0.735431 0.770061 0.109666 0.0610157
0 0.768202 0.775468 0.179161 0.0638555
0 0.725717 0.764779 0.0854503 0.0661425
0 0.710023 0.865466 0.249677 0.116796
0 0.691103 0.863266 0.182901 0.0898778
0 0.821173 0.895198 0.200048 0.111506
0 0.632198 0.86242 0.162412 0.0952774
0 0.962537 0.680426 0.0498081 0.0335747
0 0.498765 0.871434 0.183302 0.109954
0 0.980334 0.924062 0.0388845 0.135237
0 0.980851 0.924751 0.0382975 0.0929342
0 0.977862 0.728841 0.0440754 0.0426587
0 0.819542 0.616612 0.0367348 0.0282668
0 0.980466 0.905657 0.0388512 0.188686
0 0.854408 0.915732 0.291184 0.131276
0 0.80079 0.70863 0.0425468 0.0390111
0 0.672563 0.61655 0.0556953 0.0487892
0 0.263212 0.899428 0.244281 0.128496
0 0.295295 0.892865 0.187221 0.125073
0 0.660229 0.61659 0.0769547 0.0466873
0 0.740603 0.703362 0.0351828 0.032999
0 0.612914 0.65828 0.0582636 0.0338203
