1 0.766037 0.931681 0.303353 0.136639
1 0.777322 0.939408 0.315242 0.116411
1 0.392802 0.839727 0.105385 0.0651978
1 0.425234 0.846639 0.232781 0.205704
1 0.469989 0.935455 0.219469 0.0913419
1 0.37566 0.911776 0.339607 0.172608
1 0.577467 0.729693 0.113092 0.0606157
1 0.596782 0.730593 0.0661757 0.0517593
1 0.585386 0.746166 0.11603 0.0715019
1 0.598601 0.812823 0.178567 0.0878347
1 0.690114 0.698646 0.0325741 0.0405443
1 0.574701 0.816308 0.129798 0.0847977
1 0.614896 0.81758 0.128406 0.0811862
1 0.396983 0.754317 0.124418 0.0669371
1 0.299392 0.848857 0.281833 0.13634
1 0.988106 0.800532 0.0215399 0.0395167
1 0.696159 0.936246 0.377164 0.12444
1 0.623053 0.698138 0.0789895 0.0486837
1 0.634282 0.703052 0.0545461 0.0484445
1 0.566313 0.756989 0.109532 0.0762449
1 0.582035 0.758581 0.0991495 0.0684614
1 0.383419 0.687972 0.0276679 0.03125
1 0.604827 0.861715 0.134419 0.102777
1 0.607844 0.904442 0.182382 0.140548
1 0.925765 0.838172 0.14847 0.108539
1 0.53091 0.823117 0.147265 0.103128
1 0.883494 0.599787 0.0276333 0.0356951
1 0.783828 0.596876 0.0414017 0.0470689
1 0.739757 0.959458 0.296595 0.0810843
1 0.447383 0.823886 0.148795 0.106251
1 0.653584 0.958038 0.283331 0.0839231
1 0.380127 0.828461 0.151417 0.106869
1 0.641493 0.590364 0.0287762 0.0333314
1 0.783758 0.631811 0.0423399 0.0560865
1 0.346266 0.842702 0.17004 0.117729
1 0.552705 0.966851 0.292049 0.0662984
1 0.503879 0.967535 0.175528 0.0649306
1 0.620191 0.590694 0.0288716 0.033076
1 0.757816 0.630986 0.0526772 0.0570054
1 0.350516 0.870978 0.179715 0.152167
1 0.724046 0.599917 0.0336008 0.0489883
1 0.634987 0.595261 0.0469174 0.0480314
1 0.309804 0.871698 0.181346 0.151704
1 0.745263 0.630369 0.04476 0.0610174
1 0.598253 0.589751 0.0308295 0.0309779
1 0.272586 0.924822 0.245347 0.147984
1 0.707011 0.598035 0.0322397 0.0426735
1 0.621352 0.590446 0.0336384 0.0333824
1 0.707566 0.671741 0.0390932 0.0402293
1 0.771944 0.642724 0.0645669 0.0620937
1 0.608438 0.603418 0.0456166 0.0536985
1 0.702366 0.611911 0.0380632 0.0502894
1 0.602306 0.608292 0.0470039 0.0510206
1 0.706715 0.606712 0.0363955 0.0501544
1 0.593674 0.60803 0.0454151 0.0460042
1 0.283899 0.965298 0.107445 0.0681674
1 0.266595 0.966406 0.177634 0.0671886
1 0.657395 0.603826 0.0329422 0.0303562
1 0.776822 0.712322 0.0579828 0.0509129
1 0.848344 0.669812 0.0612331 0.0703606
1 0.860239 0.676691 0.0492447 0.0702657
1 0.759691 0.615358 0.0374693 0.0501905
1 0.76802 0.71162 0.0672592 0.0563477
1 0.6257 0.614744 0.0447592 0.0463557
1 0.926931 0.801079 0.132106 0.0878095
1 0.760798 0.614648 0.0246772 0.029393
1 0.881359 0.812882 0.167789 0.0928157
1 0.678335 0.615279 0.0257778 0.0320859
1 0.857259 0.806515 0.167646 0.0980545
1 0.64988 0.614669 0.0256699 0.0303603
1 0.939916 0.909932 0.120168 0.124522
1 0.832197 0.633976 0.0293034 0.0403328
1 0.732766 0.830196 0.0995926 0.0636071
1 0.717803 0.633384 0.0423035 0.044828
1 0.718996 0.823404 0.0689887 0.056233
1 0.711038 0.822508 0.0493277 0.0545963
1 0.83641 0.922899 0.122773 0.0790785
1 0.854052 0.926664 0.103889 0.0746564
1 0.666123 0.73492 0.132668 0.0664371
1 0.820993 0.916339 0.106222 0.0861293
1 0.612333 0.785673 0.153743 0.088603
1 0.589045 0.860169 0.289398 0.159527
1 0.678602 0.67416 0.123144 0.0589026
1 0.683519 0.718114 0.150113 0.0812373
1 0.72633 0.79501 0.203145 0.164484
1 0.741329 0.887687 0.122925 0.0620453
1 0.780503 0.792231 0.158935 0.0770865
1 0.749689 0.8276 0.209181 0.190068
1 0.819695 0.895717 0.253221 0.208567
1 0.882117 0.941066 0.234615 0.117869
1 0.765386 0.939978 0.354012 0.120044
1 0.566939 0.93417 0.326497 0.13166
1 0.48182 0.93579 0.335043 0.128419
1 0.980622 0.736401 0.0336159 0.0451912
1 0.383483 0.938866 0.358893 0.122268
1 0.901071 0.728276 0.0538233 0.0446215
1 0.303272 0.94161 0.37377 0.11678
1 0.67746 0.772817 0.111401 0.0666239
1 0.643837 0.771175 0.0966396 0.0591644
1 0.619415 0.855344 0.164712 0.096435
1 0.555802 0.857057 0.144588 0.0902046
1 0.606253 0.879236 0.241425 0.136703
1 0.623229 0.878933 0.176804 0.113087
1 0.613699 0.806972 0.0759339 0.0686939
1 0.92802 0.92597 0.14396 0.125707
1 0.84351 0.914482 0.246548 0.138863
1 0.962825 0.687377 0.0402039 0.0554326
1 0.654337 0.879734 0.15989 0.120478
1 0.634737 0.884449 0.212143 0.134365
1 0.662857 0.928998 0.255684 0.142004
1 0.765879 0.85413 0.105634 0.0678703
1 0.513919 0.735807 0.0686878 0.0466771
1 0.727531 0.848973 0.11722 0.0672791
1 0.557332 0.915652 0.116861 0.0841015
1 0.822106 0.81536 0.0898354 0.0614031
1 0.649328 0.794007 0.0678815 0.0533414
1 0.511761 0.789869 0.0675974 0.055573
1 0.516354 0.785688 0.0545637 0.0524264
1 0.440405 0.789534 0.0731667 0.055781
1 0.44753 0.78697 0.0543194 0.0531282
1 0.441047 0.691408 0.0422349 0.0415993
1 0.390375 0.792333 0.0685315 0.0575539
1 0.874799 0.695001 0.102652 0.0541531
1 0.383188 0.829429 0.0802948 0.0648968
1 0.366951 0.832325 0.123147 0.0703323
1 0.286936 0.856057 0.113455 0.0726873
1 0.295075 0.849938 0.091923 0.0736102
1 0.265845 0.85839 0.14017 0.0774185
1 0.85854 0.710439 0.155395 0.0621421
1 0.336115 0.945034 0.177068 0.109933
1 0.741984 0.745325 0.0663807 0.0443437
1 0.748301 0.743616 0.0455702 0.0411358
1 0.310413 0.941851 0.135555 0.0963631
1 0.274103 0.948879 0.202063 0.102242
1 0.677907 0.737503 0.0616241 0.0474111
1 0.950603 0.744097 0.0987949 0.0578266
1 0.302674 0.786397 0.131744 0.119634
1 0.227184 0.949782 0.200827 0.100435
1 0.207805 0.95424 0.147036 0.0915204
1 0.912661 0.748019 0.174678 0.0754837
1 0.676038 0.751656 0.0609379 0.0462631
1 0.686458 0.748909 0.0372028 0.0455769
1 0.96114 0.752336 0.0777198 0.0625519
1 0.24491 0.962027 0.287894 0.0704346
1 0.24489 0.965631 0.1822 0.0679512
1 0.672248 0.753243 0.0837095 0.0470788
1 0.815264 0.822722 0.050064 0.0571108
1 0.297176 0.856318 0.161042 0.113054
1 0.802888 0.822866 0.0800586 0.0579503
1 0.276155 0.858169 0.201757 0.128794
1 0.35482 0.825114 0.0502053 0.0549886
1 0.215536 0.874808 0.21582 0.132052
1 0.740195 0.821277 0.0973408 0.0574113
1 0.76231 0.819713 0.052084 0.0568853
1 0.304162 0.833392 0.0531653 0.0595838
1 0.755406 0.820191 0.0700268 0.0611087
1 0.155168 0.881255 0.229661 0.135462
1 0.704668 0.819685 0.0798533 0.0623805
1 0.177423 0.878546 0.166469 0.12173
1 0.714746 0.818746 0.0543249 0.0624517
1 0.802035 0.962107 0.223044 0.0757868
1 0.7181 0.900284 0.298481 0.173653
1 0.710585 0.91963 0.321008 0.160739
1 0.980918 0.909072 0.0247002 0.0356717
1 0.508749 0.914337 0.295391 0.159657
1 0.471415 0.913592 0.215856 0.149736
1 0.176174 0.924059 0.315907 0.151882
1 0.657217 0.705911 0.153389 0.0615953
1 0.658583 0.71049 0.203731 0.0681821
1 0.43364 0.841198 0.0264821 0.034682
1 0.14875 0.925367 0.274256 0.149265
1 0.620857 0.707516 0.136661 0.0620583
1 0.6205 0.712469 0.170237 0.0681784
1 0.392344 0.842215 0.0250214 0.0335912
1 0.632423 0.703092 0.0999155 0.0567195
1 0.677986 0.710233 0.093493 0.0571725
1 0.168207 0.936483 0.298829 0.127034
1 0.565685 0.730969 0.0322138 0.0398242
1 0.66652 0.713363 0.123183 0.0624865
1 0.692445 0.708709 0.0722801 0.060891
1 0.433415 0.863311 0.024333 0.0322231
1 0.568184 0.734384 0.0408261 0.0448667
1 0.214913 0.935734 0.217769 0.121804
1 0.626968 0.707462 0.134126 0.0653861
1 0.637567 0.705232 0.0956254 0.0619153
1 0.137084 0.940048 0.254655 0.119903
1 0.386421 0.866125 0.0254492 0.03439
1 0.528097 0.731504 0.0458533 0.0427444
1 0.171497 0.941464 0.192548 0.115248
1 0.51973 0.733312 0.0355756 0.0413947
1 0.535015 0.733673 0.0619123 0.0468348
1 0.545728 0.735199 0.0813108 0.048081
1 0.634014 0.72904 0.162774 0.0762761
1 0.637827 0.724697 0.125143 0.0677443
1 0.533013 0.748146 0.0434722 0.0430735
1 0.380051 0.90696 0.0248457 0.0323741
1 0.660754 0.721731 0.0865913 0.0644521
1 0.136534 0.961595 0.273068 0.0730553
1 0.547506 0.750785 0.0732741 0.0489016
1 0.486152 0.783087 0.0343727 0.0486788
1 0.628048 0.859365 0.115597 0.0742912
1 0.758723 0.80472 0.18309 0.0956084
1 0.643204 0.86213 0.121481 0.0639983
1 0.739852 0.814885 0.198244 0.14032
1 0.603785 0.850237 0.0756727 0.0774189
1 0.844302 0.87293 0.228619 0.144112
1 0.721355 0.926627 0.195867 0.146746
1 0.714388 0.944027 0.193976 0.103549
1 0.753281 0.862218 0.21079 0.143321
1 0.626499 0.945191 0.201984 0.0984004
1 0.757416 0.861159 0.174098 0.117753
1 0.514904 0.971118 0.295991 0.0572182
1 0.902066 0.773546 0.144692 0.0671956
1 0.911499 0.774957 0.177003 0.0746562
1 0.842749 0.7663 0.0909683 0.0665451
1 0.803755 0.761781 0.100217 0.0648422
1 0.827271 0.763322 0.0876637 0.0673244
1 0.72713 0.756165 0.1036 0.0657532
1 0.770598 0.758719 0.0925521 0.0661967
1 0.744785 0.757558 0.0796488 0.0665351
1 0.717575 0.74962 0.0798099 0.0603154
1 0.687699 0.871813 0.163367 0.103801
1 0.67197 0.87331 0.249943 0.128431
1 0.872142 0.89253 0.236428 0.137635
1 0.788418 0.883847 0.218629 0.146163
