1 0.24961 0.941109 0.293564 0.117783
1 0.280435 0.82145 0.135453 0.0579714
1 0.158313 0.664765 0.154392 0.0640711
1 0.298197 0.936623 0.149563 0.087059
1 0.326309 0.94163 0.109993 0.0923414
1 0.0222443 0.896926 0.0444886 0.0825118
1 0.231805 0.706704 0.146197 0.0802539
1 0.0270266 0.912266 0.0540185 0.0835932
1 0.547754 0.606897 0.0505653 0.0546478
1 0.181201 0.794811 0.199391 0.160433
1 0.15459 0.837804 0.254341 0.172989
1 0.150911 0.876575 0.269575 0.246849
1 0.169678 0.811866 0.230089 0.112042
1 0.194251 0.874078 0.280922 0.218452
1 0.501273 0.739079 0.113159 0.0708534
1 0.513892 0.73825 0.0793188 0.0646215
1 0.531098 0.755295 0.112543 0.0743904
1 0.50685 0.753285 0.115018 0.0759168
1 0.726133 0.681136 0.0391403 0.0443265
1 0.822757 0.68262 0.0449383 0.0398827
1 0.570783 0.836746 0.193606 0.12682
1 0.582812 0.967899 0.203951 0.0598808
1 0.44937 0.754747 0.133409 0.0665833
1 0.469563 0.75237 0.105793 0.0611983
1 0.604427 0.972151 0.173756 0.0556971
1 0.353219 0.877615 0.244593 0.145557
1 0.932495 0.967689 0.135011 0.0646225
1 0.731735 0.936559 0.403559 0.126883
1 0.771527 0.68821 0.0722725 0.0425048
1 0.597729 0.929196 0.353304 0.141607
1 0.568677 0.929124 0.325215 0.139503
1 0.65186 0.697874 0.0635531 0.0500738
1 0.644542 0.754517 0.0808001 0.0709756
1 0.622757 0.754026 0.104068 0.0727554
1 0.679849 0.862169 0.168075 0.110733
1 0.684792 0.921947 0.204345 0.148224
1 0.719865 0.978347 0.0464559 0.0406385
1 0.803984 0.971149 0.0466522 0.0569976
1 0.952688 0.843487 0.0912872 0.0960562
1 0.460529 0.796782 0.13339 0.0936159
1 0.668566 0.924206 0.187013 0.131314
1 0.659275 0.924708 0.159918 0.104331
1 0.474085 0.793018 0.099835 0.0954389
1 0.659527 0.589862 0.0328537 0.0327426
1 0.469888 0.827257 0.15774 0.109441
1 0.831852 0.631986 0.0542297 0.0575981
1 0.821399 0.633336 0.0743347 0.0562482
1 0.40548 0.828169 0.151992 0.113527
1 0.624712 0.589226 0.0319003 0.0319717
1 0.376586 0.848666 0.158158 0.132834
1 0.605798 0.59087 0.0292158 0.0342284
1 0.566874 0.970317 0.191446 0.0593665
1 0.418174 0.938602 0.302487 0.122796
1 0.788743 0.610277 0.0379988 0.0475978
1 0.884795 0.656549 0.0429588 0.0604125
1 0.876762 0.656101 0.0572792 0.0642036
1 0.453446 0.934827 0.212555 0.11384
1 0.382637 0.940166 0.295667 0.119668
1 0.845345 0.656094 0.0431355 0.0518225
1 0.410177 0.942139 0.219703 0.107597
1 0.756858 0.607515 0.0367647 0.0487718
1 0.769238 0.677773 0.0514584 0.0487583
1 0.363634 0.940695 0.290711 0.11861
1 0.394118 0.942095 0.216569 0.112421
1 0.81151 0.65019 0.0626404 0.050385
1 0.733646 0.608495 0.0437757 0.0532941
1 0.708251 0.606864 0.0317527 0.0367002
1 0.81194 0.612348 0.0353533 0.0443095
1 0.850903 0.707408 0.0539303 0.049322
1 0.912018 0.667435 0.0592562 0.0629489
1 0.752492 0.613847 0.0316187 0.0366168
1 0.929794 0.776843 0.140412 0.0802012
1 0.93831 0.683753 0.0243679 0.0303093
1 0.666944 0.65017 0.0212017 0.0247284
1 0.738108 0.620417 0.0364605 0.0378197
1 0.79413 0.606898 0.0257279 0.0309079
1 0.660003 0.656701 0.0282707 0.0318019
1 0.769615 0.607039 0.0267582 0.030778
1 0.67489 0.643636 0.0524196 0.0471642
1 0.715995 0.625435 0.0377928 0.0422244
1 0.681443 0.640198 0.0553392 0.0456629
1 0.922444 0.829153 0.155111 0.102979
1 0.69544 0.624478 0.0382791 0.0421183
1 0.852786 0.633002 0.0261721 0.0382648
1 0.737961 0.648351 0.0300464 0.0408887
1 0.678066 0.792504 0.0820911 0.0531181
1 0.591895 0.68181 0.0559018 0.0531198
1 0.580679 0.825635 0.0978149 0.0676557
1 0.455227 0.704257 0.119023 0.0545423
1 0.334268 0.817589 0.251744 0.129393
1 0.347135 0.811915 0.233276 0.0963473
1 0.244437 0.916027 0.373694 0.167946
1 0.211992 0.915161 0.271845 0.162143
1 0.47215 0.680629 0.098616 0.052168
1 0.462747 0.68596 0.104355 0.0587451
1 0.484116 0.677778 0.0638117 0.0479546
1 0.235905 0.923933 0.399473 0.152133
1 0.182439 0.922835 0.283321 0.150435
1 0.45292 0.690279 0.135214 0.0632413
1 0.465468 0.683133 0.108576 0.0533822
1 0.392279 0.743752 0.1803 0.103786
1 0.547198 0.812897 0.164107 0.0991479
1 0.445009 0.918165 0.160639 0.0875193
1 0.558535 0.918406 0.237996 0.161856
1 0.0216031 0.756575 0.0410632 0.050381
1 0.977798 0.797535 0.0398556 0.0587377
1 0.921692 0.78852 0.139002 0.0730527
1 0.877157 0.783446 0.117933 0.0663493
1 0.728655 0.766672 0.118212 0.0594523
1 0.764943 0.76796 0.113638 0.0615809
1 0.786887 0.773412 0.110484 0.0669581
1 0.742235 0.769866 0.11592 0.0616327
1 0.764053 0.774174 0.13553 0.0677933
1 0.822254 0.868805 0.249694 0.130056
1 0.852645 0.873073 0.179515 0.103754
1 0.695975 0.899952 0.266186 0.149003
1 0.725996 0.973715 0.121554 0.0464572
1 0.817504 0.820235 0.0877632 0.0651469
1 0.589321 0.810185 0.0902687 0.071331
1 0.889591 0.905087 0.219914 0.143988
1 0.416473 0.813659 0.0677685 0.0712631
1 0.767237 0.882137 0.21351 0.138705
1 0.688529 0.867518 0.167254 0.10323
1 0.668344 0.871926 0.214972 0.125498
1 0.727938 0.929849 0.263154 0.140303
1 0.684334 0.941868 0.290775 0.116265
1 0.669578 0.940901 0.29259 0.118198
1 0.0588208 0.943495 0.117642 0.0969564
1 0.730012 0.852807 0.100514 0.0653038
1 0.472859 0.740138 0.0733692 0.0485105
1 0.766973 0.904533 0.104598 0.0782328
1 0.747641 0.9029 0.108892 0.0783068
1 0.501661 0.896884 0.120174 0.0792564
1 0.15554 0.781724 0.213204 0.136982
1 0.643962 0.799657 0.053681 0.0537427
1 0.524127 0.79456 0.0688467 0.0565266
1 0.54397 0.80906 0.0660177 0.062315
1 0.392753 0.808994 0.0765692 0.0633247
1 0.359147 0.812536 0.0650426 0.0665621
1 0.666468 0.676009 0.0202372 0.0301814
1 0.336414 0.816925 0.0731404 0.0656418
1 0.610537 0.688909 0.0391131 0.0315043
1 0.456833 0.846392 0.078702 0.0748051
1 0.768493 0.71414 0.0307493 0.0347032
1 0.4268 0.850227 0.125024 0.0806833
1 0.416064 0.843819 0.112663 0.0671763
1 0.763873 0.715961 0.0390479 0.0361515
1 0.370351 0.854211 0.118548 0.073199
1 0.383392 0.849027 0.0900343 0.0744857
1 0.319683 0.85648 0.11464 0.0767125
1 0.287733 0.857525 0.109226 0.0705172
1 0.305441 0.861907 0.145387 0.0808711
1 0.336056 0.853168 0.0834308 0.0756536
1 0.307715 0.862565 0.112196 0.0787963
1 0.287142 0.867501 0.145491 0.0787964
1 0.319984 0.857281 0.0871518 0.0754292
1 0.274434 0.860464 0.105421 0.067342
1 0.611423 0.704205 0.029352 0.0322156
1 0.343295 0.957772 0.20282 0.0844561
1 0.763246 0.750551 0.059893 0.0447093
1 0.366759 0.781797 0.14581 0.106054
1 0.316261 0.959411 0.254577 0.0811078
1 0.736957 0.750263 0.0617085 0.0456099
1 0.298403 0.96027 0.162282 0.07946
1 0.278466 0.963206 0.288468 0.0725914
1 0.690461 0.751556 0.0828934 0.0475581
1 0.271237 0.966919 0.212344 0.0661612
1 0.66386 0.749027 0.0606539 0.0475831
1 0.242673 0.967567 0.150851 0.0631109
1 0.244449 0.96824 0.239315 0.0635209
1 0.814692 0.823377 0.0432388 0.0550446
1 0.807958 0.822367 0.0618469 0.0601552
1 0.261916 0.86916 0.228258 0.133358
1 0.788132 0.82146 0.101039 0.0599457
1 0.292709 0.863477 0.176462 0.109359
1 0.21752 0.882347 0.225887 0.136447
1 0.770081 0.824354 0.069054 0.0619718
1 0.2461 0.87957 0.174753 0.122107
1 0.169253 0.893341 0.251177 0.139038
1 0.71188 0.821236 0.0898142 0.0606819
1 0.724385 0.820422 0.0591009 0.0584282
1 0.204892 0.886523 0.168195 0.115731
1 0.134476 0.937081 0.257365 0.125839
1 0.749816 0.8738 0.0985297 0.0665082
1 0.764912 0.873209 0.079934 0.0720224
1 0.77576 0.873729 0.0572184 0.0691589
1 0.828899 0.970855 0.235514 0.057856
1 0.870338 0.906975 0.258935 0.162409
1 0.670536 0.897888 0.29239 0.172862
1 0.64126 0.918781 0.307105 0.160874
1 0.597126 0.915884 0.213477 0.151512
1 0.897606 0.890553 0.0252705 0.032397
1 0.464283 0.915127 0.303018 0.16129
1 0.914239 0.740349 0.171521 0.0791588
1 0.422624 0.91678 0.212065 0.153283
1 0.293702 0.919284 0.3225 0.157227
1 0.776643 0.713367 0.123096 0.0600471
1 0.795391 0.713451 0.0888109 0.0584703
1 0.546095 0.842121 0.02666 0.0333808
1 0.186902 0.923232 0.316867 0.153536
1 0.661073 0.710538 0.171829 0.0657106
1 0.661218 0.706238 0.129116 0.0598829
1 0.442025 0.841347 0.0248684 0.0338229
1 0.689382 0.703372 0.0930168 0.0580226
1 0.208124 0.93795 0.313232 0.124099
1 0.710986 0.720558 0.123354 0.0643481
1 0.706362 0.722759 0.170194 0.0711232
1 0.736947 0.719831 0.0890274 0.0610078
1 0.255338 0.936475 0.217767 0.114777
1 0.472139 0.871293 0.0256727 0.031587
1 0.563377 0.767649 0.0313418 0.0480774
1 0.43648 0.874858 0.0266265 0.0342206
1 0.675423 0.717994 0.120174 0.0624893
1 0.180708 0.940734 0.293129 0.118532
1 0.698687 0.71604 0.0868111 0.0604746
1 0.214458 0.942242 0.216969 0.108852
1 0.672302 0.72121 0.165297 0.0748091
1 0.681648 0.714053 0.0897592 0.0609947
1 0.570113 0.73328 0.0358488 0.0441338
1 0.626339 0.71504 0.149595 0.0725797
1 0.390225 0.874627 0.0270157 0.0327389
1 0.525433 0.733185 0.0351898 0.0402896
1 0.635902 0.708869 0.108355 0.065601
1 0.160573 0.944136 0.254296 0.0983363
1 0.485047 0.765689 0.0339218 0.0455666
1 0.136053 0.942233 0.272106 0.115533
1 0.408377 0.94163 0.025459 0.0338971
1 0.684991 0.734172 0.133719 0.0708951
1 0.567585 0.762776 0.0493141 0.0442773
1 0.665439 0.741216 0.175599 0.0837629
1 0.584634 0.767221 0.0815934 0.0491058
1 0.519721 0.79889 0.0373945 0.048273
1 0.677114 0.88568 0.142854 0.0776241
1 0.791713 0.817299 0.168689 0.100466
1 0.776348 0.821034 0.200065 0.136212
1 0.847133 0.875264 0.22513 0.143738
1 0.71792 0.9457 0.202279 0.0974199
1 0.645812 0.946401 0.196779 0.101838
1 0.765896 0.857378 0.205227 0.133855
1 0.766248 0.855559 0.167347 0.11184
1 0.753223 0.860449 0.21605 0.142066
1 0.629948 0.943537 0.198346 0.0998894
1 0.922915 0.770435 0.154169 0.0667152
1 0.829513 0.756575 0.101078 0.0660898
1 0.803753 0.754978 0.119629 0.0629681
1 0.778682 0.754206 0.0729838 0.0602959
1 0.716069 0.748713 0.0967478 0.0528722
1 0.699801 0.744596 0.0969379 0.0552184
1 0.755871 0.751895 0.0924821 0.0595523
1 0.73206 0.82312 0.140966 0.0875916
1 0.6608 0.818168 0.11254 0.0782183
1 0.639347 0.879276 0.256571 0.134545
1 0.662838 0.879999 0.190658 0.110704
1 0.652609 0.933346 0.322403 0.129236
1 0.968429 0.936379 0.0597408 0.117561
1 0.902565 0.924942 0.19487 0.138447
1 0.8511 0.909908 0.254835 0.137647
1 0.793646 0.89731 0.232719 0.130705
1 0.750159 0.889614 0.218451 0.138114
