0 0.74888 0.750856 0.0658264 0.0479179
0 0.0349351 0.65742 0.0514775 0.0386864
0 0.737471 0.749393 0.0897165 0.0483968
0 0.274366 0.770253 0.0844073 0.0568965
0 0.350329 0.782278 0.15118 0.0773838
0 0.356923 0.772042 0.130436 0.0656577
0 0.0174596 0.659263 0.0337599 0.0372912
0 0.711791 0.746679 0.0625966 0.0393239
0 0.729217 0.756026 0.114253 0.0569586
0 0.289978 0.773198 0.12795 0.053791
0 0.313946 0.955592 0.314114 0.0864079
0 0.292673 0.960661 0.259643 0.0731356
0 0.987826 0.746697 0.0243489 0.0444402
