0 0.822784 0.927493 0.338402 0.14239
0 0.495085 0.624127 0.0455177 0.0374173
0 0.450552 0.674444 0.0413157 0.0324333
0 0.48865 0.622594 0.0561427 0.0422801
0 0.653573 0.713367 0.050087 0.0339905
0 0.986159 0.649285 0.0233192 0.0428607
0 0.428447 0.613886 0.0385384 0.0323064
0 0.660584 0.71374 0.0376013 0.0324701
0 0.775126 0.930276 0.237266 0.130409
0 0.436158 0.678561 0.0525719 0.0333272
0 0.661012 0.722735 0.043358 0.0405256
0 0.929702 0.680195 0.0407913 0.0348115
0 0.421452 0.67954 0.0611576 0.0349571
0 0.488288 0.629397 0.0471909 0.0387616
0 0.975716 0.684903 0.0436108 0.0442685
0 0.808916 0.949974 0.353394 0.0997465
0 0.642314 0.722801 0.0853672 0.0447093
0 0.965429 0.687384 0.0421263 0.0391678
0 0.64136 0.730195 0.0511534 0.0453847
0 0.472402 0.633653 0.0409294 0.0413925
0 0.983812 0.652709 0.0296099 0.0342135
0 0.957649 0.68659 0.0534687 0.0401606
0 0.785009 0.956227 0.368438 0.0875455
0 0.386666 0.684269 0.0356462 0.0317724
0 0.911737 0.680677 0.0381367 0.0331657
0 0.583776 0.727421 0.0707502 0.0389121
0 0.395002 0.619775 0.0355087 0.0294983
0 0.631083 0.727572 0.0721165 0.0446223
0 0.418328 0.682342 0.0453716 0.0361665
