0 0.796418 0.926723 0.332049 0.141689
0 0.929714 0.67328 0.0531586 0.0376658
0 0.936134 0.671024 0.0418297 0.0413261
0 0.893114 0.674054 0.0514114 0.0345352
0 0.903649 0.674458 0.07181 0.0361382
0 0.964833 0.646029 0.048601 0.0397972
0 0.634794 0.714237 0.0393961 0.0317914
0 0.62813 0.712969 0.0486752 0.0333556
0 0.467449 0.62413 0.0512999 0.0390689
0 0.916545 0.674539 0.0747824 0.0373138
0 0.974925 0.647596 0.0470844 0.0374659
0 0.150212 0.984852 0.161535 0.0302966
0 0.402744 0.614349 0.0349996 0.0313967
0 0.436459 0.67908 0.0475616 0.0323903
0 0.659921 0.722778 0.0423345 0.0405589
0 0.420082 0.679619 0.0603656 0.0345435
0 0.927498 0.679823 0.0472698 0.0353333
0 0.488226 0.630031 0.0412276 0.0375544
0 0.411757 0.680387 0.0449854 0.0340624
0 0.810464 0.95029 0.351685 0.0994194
0 0.643917 0.723215 0.0774196 0.0441264
0 0.975726 0.683569 0.0394131 0.0426315
0 0.411858 0.617079 0.0294018 0.0279062
0 0.5914 0.718428 0.037767 0.0349261
0 0.410125 0.74046 0.050401 0.0391708
0 0.679287 0.821802 0.160698 0.0674714
0 0.699502 0.826814 0.101693 0.0641298
0 0.478654 0.656774 0.0372299 0.0541687
0 0.344922 0.821848 0.123925 0.0572739
0 0.746698 0.950007 0.298024 0.0972417
0 0.715437 0.953099 0.216487 0.0914464
0 0.463626 0.693088 0.0527643 0.0500046
0 0.329819 0.826825 0.0924877 0.0611608
0 0.368054 0.819725 0.0770388 0.061421
0 0.315874 0.849865 0.12771 0.0673454
0 0.393284 0.590421 0.0343681 0.0302268
0 0.447549 0.706801 0.0546705 0.0388209
0 0.434355 0.611111 0.0273357 0.0301465
0 0.329681 0.845369 0.101507 0.0668808
0 0.728907 0.971626 0.221408 0.0560754
0 0.293965 0.852037 0.0929323 0.0693236
0 0.394859 0.716509 0.0461954 0.0298289
0 0.338335 0.675294 0.0451567 0.0422076
0 0.397497 0.768414 0.0690493 0.0557471
0 0.285525 0.730229 0.0958813 0.0740699
0 0.397601 0.706595 0.0380323 0.0354708
0 0.376955 0.771209 0.119653 0.0598291
0 0.879126 0.625683 0.0476612 0.0340617
0 0.982524 0.633269 0.0319595 0.0303945
0 0.323969 0.815273 0.246729 0.154746
0 0.353764 0.885825 0.189867 0.0857745
0 0.402724 0.765004 0.0570882 0.0545928
0 0.969524 0.64762 0.0419687 0.0325795
0 0.475315 0.644367 0.0499701 0.0343722
0 0.37496 0.613955 0.0468036 0.0300797
0 0.181634 0.91229 0.358006 0.163189
0 0.433143 0.676871 0.0477549 0.0413451
0 0.602832 0.62591 0.0350406 0.034657
0 0.141836 0.920898 0.283671 0.151105
0 0.366919 0.681062 0.0457566 0.0378647
0 0.596594 0.646363 0.0486834 0.0423765
0 0.38788 0.724984 0.0555357 0.0540962
0 0.314199 0.729979 0.0897708 0.0570023
0 0.367437 0.722617 0.100613 0.0556391
0 0.35726 0.722714 0.146343 0.0601547
0 0.290174 0.657781 0.0303332 0.0304372
0 0.668317 0.661961 0.0450357 0.0449108
0 0.427868 0.752587 0.0604065 0.0590136
0 0.348384 0.753393 0.0973936 0.0650027
0 0.404203 0.751704 0.112502 0.0655767
0 0.244198 0.678121 0.0394561 0.0326655
0 0.659639 0.664182 0.0650471 0.0462743
0 0.264795 0.673548 0.052282 0.0336957
0 0.369915 0.751299 0.151726 0.0694349
0 0.25336 0.676106 0.0513493 0.0338778
0 0.696087 0.680049 0.0623389 0.0481239
0 0.214875 0.699613 0.0461678 0.0331314
0 0.363129 0.793892 0.195637 0.0864901
0 0.30398 0.685924 0.0445639 0.0340458
0 0.309014 0.687116 0.0328212 0.0310717
0 0.382171 0.794516 0.141429 0.0816483
0 0.682993 0.679248 0.0906996 0.0448939
0 0.228781 0.697304 0.0730898 0.0394048
0 0.702634 0.6798 0.0458696 0.0515582
0 0.323183 0.800271 0.125994 0.0873784
0 0.239273 0.69485 0.0903828 0.0426511
0 0.18144 0.794812 0.144394 0.0805227
0 0.847715 0.790859 0.158945 0.0899014
0 0.824303 0.78889 0.143979 0.0793068
0 0.0518575 0.83286 0.0833158 0.0551509
0 0.106816 0.818702 0.155086 0.0671478
0 0.189756 0.791334 0.121971 0.0637735
0 0.836699 0.79648 0.195115 0.106722
0 0.858837 0.802366 0.169333 0.0918442
0 0.180004 0.802724 0.152866 0.0819369
0 0.840071 0.801406 0.135403 0.0764852
0 0.195146 0.798902 0.116486 0.0691844
0 0.159791 0.807286 0.169131 0.0953148
0 0.889975 0.803415 0.18393 0.0998029
0 0.104417 0.825719 0.185892 0.0672935
0 0.131762 0.81567 0.195596 0.0866765
0 0.0526553 0.939754 0.103818 0.115295
0 0.942547 0.930634 0.113811 0.0987577
0 0.925441 0.930371 0.149117 0.0975352
1 0.89348 0.745235 0.0850655 0.0539195
1 0.881936 0.74218 0.059347 0.0548626
1 0.764867 0.731854 0.0816738 0.0510516
1 0.600795 0.719167 0.0728084 0.0580371
1 0.604774 0.731895 0.105545 0.0574046
1 0.691272 0.830456 0.122265 0.087397
1 0.66584 0.829819 0.125822 0.0878189
1 0.523448 0.925287 0.204725 0.149427
1 0.507537 0.929757 0.226851 0.140485
1 0.0854219 0.824875 0.162404 0.332934
0 0.857176 0.834423 0.190391 0.101812
0 0.501954 0.802442 0.17121 0.0938156
0 0.707066 0.937239 0.230063 0.125523
0 0.72692 0.603014 0.0449527 0.0507777
0 0.445373 0.801787 0.0799812 0.0656245
1 0.872078 0.631266 0.049894 0.0547841
0 0.772041 0.646432 0.0510704 0.0337421
0 0.939302 0.643017 0.0377705 0.0377651
0 0.625347 0.935907 0.225348 0.128186
0 0.425516 0.803562 0.173622 0.0929749
0 0.648946 0.598641 0.0389113 0.0480203
0 0.739765 0.64254 0.049519 0.044132
0 0.58219 0.93458 0.215733 0.127798
0 0.385418 0.805633 0.182579 0.0976883
0 0.703264 0.638571 0.0399736 0.0407061
0 0.323416 0.809098 0.081942 0.0641818
1 0.750779 0.624385 0.0346172 0.0377083
0 0.800543 0.63107 0.0325684 0.0355316
0 0.54633 0.935356 0.212456 0.128818
0 0.35489 0.808789 0.171019 0.0990529
0 0.673466 0.640056 0.0364799 0.0351512
1 0.71837 0.619214 0.0360928 0.0414527
0 0.295586 0.812417 0.0916401 0.0676074
0 0.58479 0.594946 0.037775 0.0461731
0 0.381863 0.855441 0.208713 0.139872
0 0.644888 0.602556 0.0527645 0.0510976
0 0.859239 0.641974 0.0439575 0.0431791
0 0.685056 0.651948 0.0344053 0.0316762
0 0.578079 0.972486 0.255087 0.0550279
0 0.743125 0.653078 0.0469263 0.0504159
0 0.320158 0.861531 0.0908585 0.0820193
0 0.355605 0.867897 0.220163 0.150288
0 0.628005 0.602797 0.0538497 0.0509995
0 0.840121 0.642777 0.045162 0.0410667
0 0.294017 0.870246 0.0867361 0.0858543
0 0.550958 0.982064 0.187496 0.0358724
0 0.723944 0.65367 0.0473246 0.0473326
0 0.670294 0.653037 0.0404165 0.0322876
1 0.775105 0.629353 0.0444865 0.0516335
0 0.344736 0.916725 0.257172 0.155724
0 0.64196 0.605466 0.0395853 0.0541387
0 0.883734 0.652186 0.0443949 0.0357059
1 0.733122 0.595621 0.0306227 0.0480535
0 0.753615 0.664164 0.050671 0.0478541
1 0.808321 0.641322 0.0331148 0.0465711
0 0.695382 0.664542 0.0484648 0.0362851
0 0.320279 0.970024 0.117306 0.0599529
0 0.739485 0.684569 0.0545459 0.0446114
0 0.336346 0.967727 0.087913 0.0645468
0 0.745888 0.687238 0.0438076 0.0459351
0 0.67317 0.681033 0.0524029 0.0372108
0 0.892748 0.663971 0.0322735 0.0351341
0 0.666468 0.680562 0.0357043 0.0356239
0 0.868797 0.66661 0.0480568 0.0338008
0 0.276322 0.975587 0.119572 0.042643
0 0.882558 0.665972 0.0496651 0.0361908
0 0.859473 0.666409 0.0363523 0.0310076
0 0.680525 0.685408 0.0702006 0.0417333
0 0.274124 0.980373 0.139862 0.0392532
0 0.69952 0.658903 0.0493534 0.0341464
0 0.855386 0.760359 0.169779 0.0688906
0 0.891057 0.758489 0.0850571 0.0559504
0 0.903217 0.759843 0.058857 0.0548583
0 0.791647 0.592076 0.0288039 0.0311373
0 0.879238 0.75722 0.111435 0.062838
0 0.706782 0.658138 0.0371292 0.033593
0 0.913993 0.829583 0.172013 0.0909688
0 0.722721 0.683168 0.0356322 0.0319499
0 0.730894 0.683019 0.0473343 0.0338294
0 0.741286 0.683312 0.0492123 0.0339465
0 0.747999 0.683536 0.0363386 0.0325843
0 0.663258 0.635269 0.0368515 0.0297942
0 0.676605 0.680163 0.0419312 0.0323842
0 0.669911 0.67969 0.058159 0.0359835
0 0.871159 0.806825 0.242861 0.0920579
0 0.597536 0.633129 0.0303505 0.0301117
0 0.837621 0.808614 0.182724 0.0796944
0 0.869358 0.814595 0.209498 0.0937495
0 0.659906 0.683204 0.0413479 0.0320056
0 0.649093 0.681594 0.0526453 0.0336405
0 0.638576 0.683065 0.0346966 0.0318456
0 0.743404 0.817634 0.118127 0.0617466
0 0.767804 0.817756 0.0721302 0.0626667
0 0.73035 0.702917 0.0369971 0.0357124
0 0.809843 0.625019 0.0346397 0.0301952
0 0.604909 0.69171 0.0484549 0.0447679
0 0.728697 0.807782 0.0932288 0.0609166
0 0.756136 0.837318 0.116262 0.0651362
0 0.811595 0.629465 0.0314833 0.0305023
0 0.729812 0.710344 0.0385195 0.0345442
0 0.777211 0.837674 0.0791347 0.0581749
0 0.613999 0.703728 0.0748745 0.0487535
0 0.627055 0.706502 0.110987 0.0508671
0 0.718767 0.70749 0.0591618 0.0390205
0 0.795631 0.647115 0.039319 0.0355216
0 0.59759 0.76231 0.120584 0.0725644
0 0.578566 0.756878 0.0804804 0.0733894
0 0.729422 0.77042 0.0572998 0.0462888
0 0.61877 0.764797 0.170669 0.0709376
0 0.667189 0.758443 0.182849 0.0654606
0 0.712203 0.762892 0.101135 0.0522301
0 0.699357 0.760027 0.151726 0.055663
0 0.790214 0.647354 0.0544743 0.0383364
0 0.678166 0.756653 0.125178 0.0592921
0 0.765208 0.97323 0.124075 0.0535394
0 0.8155 0.971234 0.190876 0.0575317
0 0.836168 0.974618 0.183327 0.050349
0 0.701608 0.86298 0.282091 0.146011
0 0.861812 0.674516 0.0470453 0.0360514
0 0.55599 0.917064 0.296513 0.159615
0 0.719403 0.679684 0.0625631 0.0460893
0 0.709458 0.682253 0.0849503 0.0488309
0 0.671451 0.698895 0.0895007 0.0489143
0 0.558968 0.926708 0.308459 0.140274
0 0.612006 0.934385 0.448254 0.128171
0 0.689796 0.700435 0.155385 0.067084
0 0.720757 0.689491 0.0950869 0.0564765
0 0.776112 0.781714 0.133615 0.0812991
0 0.725303 0.861234 0.182701 0.0777138
0 0.66488 0.843514 0.10618 0.0626928
0 0.653929 0.838736 0.0812225 0.0595516
0 0.772817 0.77649 0.176699 0.0737002
0 0.693389 0.854526 0.195919 0.0709892
1 0.280653 0.70369 0.0255075 0.0321533
0 0.726128 0.860938 0.130875 0.0731824
0 0.734501 0.930077 0.224515 0.116354
0 0.793031 0.81679 0.221419 0.0919317
0 0.753016 0.932305 0.217483 0.0925123
0 0.673905 0.903521 0.0913776 0.0834757
0 0.823446 0.824971 0.120752 0.0891678
0 0.71876 0.919449 0.213416 0.0868224
0 0.806652 0.884642 0.289131 0.14432
0 0.690313 0.974042 0.133278 0.0514526
0 0.832061 0.985374 0.116171 0.0292514
0 0.705747 0.977359 0.18947 0.045283
0 0.814133 0.983786 0.164246 0.0324271
0 0.682297 0.95159 0.407644 0.0951181
0 0.335772 0.954698 0.399574 0.09008
0 0.858071 0.718478 0.0735937 0.0480895
0 0.785835 0.717508 0.109712 0.0456103
0 0.843791 0.720835 0.109185 0.0502482
0 0.77026 0.714767 0.0671053 0.0426119
0 0.805765 0.720105 0.156982 0.0468526
0 0.820418 0.71598 0.0669626 0.0519567
0 0.79448 0.716838 0.123145 0.0494937
0 0.313551 0.956391 0.389813 0.087218
0 0.724998 0.709367 0.0563238 0.0449674
0 0.770201 0.714812 0.166323 0.0477598
0 0.73252 0.712139 0.0808268 0.0468717
0 0.753845 0.742964 0.139461 0.0581902
0 0.805525 0.751834 0.130442 0.0598512
0 0.780287 0.746242 0.164256 0.058197
0 0.737005 0.741927 0.0962761 0.0582336
0 0.833121 0.751492 0.0690285 0.0618749
0 0.724118 0.737159 0.0654378 0.0555064
0 0.8201 0.748923 0.0950701 0.0562124
0 0.597215 0.818828 0.117374 0.0772972
0 0.666822 0.819416 0.208072 0.0862914
0 0.638545 0.822311 0.213541 0.0772029
0 0.582017 0.815676 0.0866049 0.0775592
0 0.648947 0.830345 0.23854 0.101902
0 0.678396 0.819194 0.142918 0.0810908
0 0.627089 0.897328 0.277642 0.146325
0 0.616051 0.931787 0.318654 0.133413
0 0.627315 0.81889 0.130184 0.0713353
0 0.642223 0.814889 0.0997219 0.0719051
0 0.542424 0.837763 0.0762606 0.0527011
0 0.984262 0.682006 0.0314754 0.0360168
0 0.610523 0.823311 0.167699 0.0676048
0 0.93437 0.922223 0.13126 0.113014
0 0.487089 0.814017 0.122297 0.0726501
0 0.478294 0.818941 0.172605 0.0726767
0 0.505387 0.809882 0.0903623 0.0714882
0 0.870394 0.620006 0.0397404 0.0310712
0 0.979352 0.727906 0.0411961 0.0420128
0 0.460492 0.824265 0.156581 0.0663821
0 0.944137 0.6322 0.0559689 0.0497392
0 0.982648 0.598097 0.0296207 0.0330743
0 0.855735 0.91452 0.282946 0.12887
0 0.358158 0.819999 0.128189 0.070886
0 0.897079 0.716278 0.0528229 0.0434283
0 0.354302 0.827446 0.15933 0.0750413
0 0.803881 0.621627 0.0436335 0.0420314
0 0.708413 0.658021 0.0587574 0.0353982
0 0.753607 0.616797 0.0768562 0.0473142
0 0.379307 0.81573 0.0926601 0.0720559
0 0.747177 0.61291 0.0565352 0.0390813
0 0.885396 0.713027 0.0720118 0.0405154
0 0.333107 0.833404 0.147589 0.0737957
0 0.877905 0.715675 0.0953682 0.0416135
0 0.747408 0.897552 0.264957 0.133412
0 0.699918 0.617517 0.0560869 0.0442062
0 0.25337 0.838297 0.149508 0.0778948
0 0.793281 0.708256 0.0447269 0.0432968
0 0.688582 0.618635 0.0813063 0.0457781
0 0.238563 0.847798 0.195076 0.0824628
0 0.21609 0.853257 0.168709 0.0777651
0 0.680483 0.614557 0.0839516 0.0436377
0 0.668803 0.618555 0.110183 0.0443195
0 0.727794 0.702992 0.038759 0.0323947
0 0.264383 0.832175 0.115983 0.0747677
0 0.653074 0.613355 0.0530541 0.0371656
0 0.620757 0.656086 0.0507816 0.0357735
0 0.662195 0.891814 0.248793 0.132371
0 0.708756 0.702438 0.0427971 0.0394451
0 0.145859 0.865598 0.206444 0.089183
0 0.54678 0.655025 0.047126 0.0342908
0 0.656685 0.69696 0.0477886 0.0341792
0 0.699067 0.698849 0.0608448 0.0402822
0 0.622446 0.613452 0.0567866 0.0437398
0 0.754942 0.728669 0.053865 0.0462646
0 0.109384 0.928794 0.176974 0.106842
0 0.655294 0.624453 0.0463161 0.0457198
0 0.7189 0.941444 0.340839 0.117113
0 0.546165 0.666282 0.0352005 0.0315409
0 0.642024 0.624529 0.0746025 0.0456238
0 0.599122 0.614386 0.0422731 0.034089
0 0.607526 0.617841 0.0573832 0.0388606
0 0.62063 0.620277 0.0830663 0.0466618
0 0.688746 0.718632 0.0396902 0.0348106
0 0.692608 0.723161 0.0535418 0.0360603
0 0.562634 0.665736 0.0583475 0.0352915
0 0.0754759 0.946155 0.148104 0.102233
0 0.72065 0.731112 0.055253 0.047447
0 0.540576 0.673962 0.0441697 0.0324159
0 0.625013 0.625001 0.047197 0.0476847
0 0.67765 0.956529 0.376599 0.0869422
0 0.711478 0.728888 0.074898 0.0453428
0 0.0434348 0.949935 0.0868696 0.0937421
0 0.500621 0.673745 0.039172 0.0318718
0 0.580965 0.624091 0.0475878 0.0461456
0 0.67405 0.728548 0.0582247 0.0462344
0 0.637563 0.95592 0.366446 0.0870221
0 0.525562 0.61696 0.0393518 0.0282249
0 0.567704 0.624727 0.0762531 0.0459202
0 0.491932 0.673564 0.0550596 0.0335739
0 0.68383 0.751477 0.0682802 0.0539757
0 0.488293 0.683828 0.0569997 0.0351565
0 0.659444 0.75371 0.117881 0.0530762
0 0.542291 0.630431 0.0931813 0.0501214
0 0.585393 0.633002 0.0409729 0.0449212
0 0.536248 0.625528 0.0749102 0.0436947
0 0.52793 0.624672 0.0539156 0.0400407
0 0.479945 0.681654 0.0649433 0.0366502
0 0.749066 0.840336 0.145073 0.077889
0 0.51658 0.727428 0.0631369 0.0431048
0 0.49888 0.727475 0.0830067 0.0390378
0 0.774355 0.84722 0.108666 0.0811986
0 0.488499 0.728721 0.0571634 0.0376775
0 0.532516 0.788866 0.106545 0.0571503
0 0.850623 0.965014 0.260276 0.069972
0 0.564855 0.937794 0.17463 0.103418
0 0.736061 0.750851 0.0696623 0.0498006
0 0.723028 0.752625 0.102543 0.0511998
0 0.727826 0.697506 0.0416703 0.0391593
0 0.631002 0.706208 0.0890492 0.0674444
0 0.597983 0.716669 0.0489954 0.0437834
0 0.497238 0.734196 0.101606 0.0793058
0 0.592981 0.787574 0.125015 0.0602244
0 0.60562 0.7849 0.0934521 0.059774
0 0.618104 0.787461 0.0718315 0.0625181
0 0.0770969 0.827918 0.120597 0.0664149
0 0.68022 0.615238 0.0383431 0.0301164
0 0.965804 0.72591 0.0683928 0.0557325
0 0.0884923 0.748719 0.0554318 0.0450254
0 0.0735295 0.834017 0.147059 0.0788434
0 0.844761 0.811237 0.131096 0.069179
0 0.836927 0.707166 0.0620043 0.0484956
0 0.417704 0.610421 0.0399776 0.0332024
0 0.756363 0.698718 0.0836408 0.0475304
0 0.497553 0.612398 0.0377776 0.0339734
0 0.818386 0.812214 0.1713 0.0713137
0 0.811781 0.805553 0.137608 0.0635997
0 0.802514 0.799507 0.114287 0.0589329
0 0.521956 0.68933 0.0440822 0.0409855
0 0.799969 0.69116 0.0411512 0.0323767
0 0.503859 0.78877 0.126949 0.0639638
0 0.0998126 0.625489 0.0398416 0.0315043
0 0.512291 0.691542 0.063439 0.0473836
0 0.519966 0.78516 0.0881828 0.0623714
0 0.792149 0.691812 0.0559134 0.0341113
0 0.482448 0.782005 0.108243 0.0564557
0 0.44676 0.69202 0.0431227 0.0396257
0 0.952565 0.706541 0.0948702 0.0521128
0 0.418764 0.794692 0.167411 0.0662641
0 0.720066 0.688819 0.0356951 0.0346542
0 0.442729 0.788506 0.0831179 0.0617597
1 0.0115563 0.640509 0.022818 0.0350208
0 0.676516 0.686583 0.02973 0.0300393
0 0.428099 0.790423 0.113824 0.0608582
0 0.438648 0.695791 0.0551523 0.0489686
0 0.966099 0.703036 0.0678011 0.0566188
0 0.402724 0.789841 0.113556 0.0566717
0 0.938157 0.705532 0.123686 0.05296
0 0.351876 0.793472 0.129423 0.066644
0 0.378071 0.694883 0.0457162 0.0415939
0 0.332302 0.798646 0.132186 0.0653192
0 0.826325 0.679782 0.0459942 0.0360161
0 0.610432 0.68307 0.0371691 0.0307322
0 0.943289 0.69625 0.060815 0.0463083
0 0.378271 0.791531 0.0711106 0.0667755
0 0.367141 0.697785 0.0639091 0.047142
0 0.292545 0.697803 0.0762091 0.046176
0 0.644319 0.682727 0.0360226 0.0298307
0 0.345459 0.696733 0.0463998 0.0462207
0 0.328651 0.796218 0.105095 0.0639919
0 0.613284 0.683275 0.0329733 0.030131
0 0.318439 0.799851 0.145689 0.064871
0 0.270762 0.794172 0.0690072 0.0488476
0 0.841762 0.694264 0.156329 0.0542961
0 0.900612 0.687472 0.0612679 0.0425504
0 0.257885 0.701556 0.0651298 0.0456818
0 0.333176 0.699373 0.065699 0.0496051
0 0.60556 0.68341 0.050525 0.0333756
0 0.841161 0.690822 0.113011 0.0497599
0 0.576454 0.681614 0.0317298 0.0305895
0 0.287632 0.799251 0.108367 0.0563183
0 0.64103 0.696721 0.0500176 0.038063
0 0.317424 0.836839 0.146422 0.0805138
0 0.296439 0.840626 0.136665 0.0733603
0 0.960653 0.709451 0.0741924 0.0480462
0 0.893386 0.708412 0.0998499 0.0515505
0 0.351465 0.712452 0.0581497 0.0450183
0 0.947299 0.709957 0.103439 0.0497856
0 0.60943 0.697711 0.0451181 0.0330776
0 0.333762 0.717302 0.0914465 0.0501714
0 0.617561 0.69658 0.0629353 0.034537
0 0.320902 0.721112 0.120601 0.0503015
0 0.630411 0.698111 0.068423 0.0394745
0 0.269583 0.715554 0.0886999 0.0580683
0 0.277776 0.835899 0.0963705 0.0625175
0 0.624509 0.695816 0.0454204 0.0369741
0 0.277549 0.848753 0.154879 0.0772411
0 0.300529 0.837714 0.143266 0.0786313
0 0.881804 0.709656 0.124898 0.0508245
0 0.946642 0.704619 0.0524563 0.0438121
0 0.306497 0.721556 0.111362 0.0546099
0 0.329931 0.714093 0.0629073 0.0499134
0 0.61609 0.697356 0.0628352 0.0388175
0 0.31977 0.717651 0.0838408 0.0531949
0 0.267813 0.843477 0.121654 0.0707878
0 0.594925 0.69709 0.0489243 0.032855
0 0.938734 0.705456 0.0718864 0.0466489
0 0.253597 0.838056 0.0913538 0.0626335
0 0.606411 0.699146 0.070472 0.036441
0 0.321662 0.835687 0.0975569 0.0804316
1 0.0143726 0.652548 0.0282792 0.0562988
0 0.301651 0.938541 0.204979 0.122918
0 0.0264144 0.65186 0.0511542 0.0391113
0 0.71223 0.734192 0.0581312 0.0450211
0 0.34288 0.752694 0.121391 0.0595909
0 0.962028 0.738211 0.0759438 0.0534754
0 0.273478 0.753219 0.0989828 0.0605844
0 0.671869 0.73125 0.0521848 0.0358439
0 0.694309 0.734435 0.0946948 0.0454748
0 0.0280437 0.65353 0.0530795 0.0402356
0 0.727318 0.743465 0.0591351 0.0460706
0 0.972412 0.739201 0.0551769 0.0441143
0 0.295106 0.950373 0.2197 0.098292
0 0.340154 0.769046 0.172138 0.0758008
0 0.709938 0.743533 0.0973026 0.0474653
0 0.338693 0.759513 0.135133 0.0619242
0 0.366662 0.754487 0.0852946 0.0622297
0 0.687356 0.741025 0.0573 0.042203
0 0.264649 0.764652 0.0818026 0.0526647
0 0.677009 0.736328 0.0549809 0.0454197
0 0.94446 0.753982 0.11108 0.0705037
0 0.957302 0.749561 0.0853962 0.0752619
0 0.235027 0.949402 0.253182 0.0936312
0 0.287006 0.772568 0.165359 0.0844906
0 0.629855 0.737534 0.0460591 0.0357651
0 0.926592 0.752544 0.146815 0.0724556
0 0.325215 0.75671 0.0613239 0.0626841
0 0.21057 0.76853 0.0869882 0.0564598
0 0.304352 0.758713 0.102872 0.0655446
0 0.660063 0.735266 0.0557591 0.0476006
0 0.945339 0.753205 0.109321 0.0656504
0 0.280271 0.7625 0.112846 0.0636998
0 0.216895 0.951387 0.27094 0.0896599
0 0.295491 0.75866 0.0894998 0.0629705
0 0.308486 0.756604 0.0634494 0.061912
0 0.279312 0.7678 0.138482 0.0682126
0 0.923076 0.753263 0.153848 0.067067
0 0.64074 0.73722 0.0975399 0.0482061
0 0.192369 0.773579 0.0886987 0.0569384
0 0.614551 0.737267 0.0470013 0.0362954
0 0.761548 0.795655 0.0767164 0.0564448
0 0.747325 0.795135 0.114621 0.0547849
0 0.744213 0.795496 0.152571 0.0595169
0 0.259542 0.834445 0.245766 0.105166
0 0.725212 0.795394 0.0941558 0.0548463
0 0.252328 0.830407 0.22689 0.0749893
0 0.230012 0.868297 0.259603 0.10993
0 0.763196 0.824394 0.152118 0.064931
0 0.76844 0.82334 0.110833 0.0622228
0 0.211827 0.866768 0.214823 0.0864938
0 0.256366 0.865623 0.221339 0.0908699
0 0.786438 0.822855 0.0784763 0.0610626
0 0.137317 0.974468 0.195602 0.0510644
0 0.0382061 0.986137 0.0764122 0.0277262
0 0.822863 0.9641 0.25767 0.0717993
0 0.0545528 0.985451 0.109106 0.0290971
0 0.101391 0.9835 0.148874 0.0330001
0 0.80011 0.965088 0.250264 0.0698236
0 0.860543 0.919865 0.278914 0.150351
0 0.638497 0.898819 0.322241 0.166216
0 0.597979 0.887721 0.228318 0.140933
0 0.47459 0.897602 0.293517 0.166754
0 0.449939 0.884417 0.241644 0.141261
0 0.932508 0.727824 0.134983 0.0584844
0 0.826286 0.735844 0.0694569 0.0429001
0 0.943735 0.72475 0.112529 0.0567446
0 0.327789 0.899932 0.301512 0.167188
0 0.818494 0.708383 0.105067 0.0524755
0 0.296172 0.893871 0.228248 0.146767
0 0.833228 0.705379 0.0698658 0.0500052
0 0.809206 0.708232 0.162504 0.057402
0 0.775256 0.708034 0.115245 0.0574305
0 0.198796 0.909565 0.331306 0.15562
0 0.714481 0.695973 0.0576214 0.0498686
0 0.570301 0.712669 0.0676723 0.0383727
0 0.575642 0.716913 0.0800535 0.0401306
0 0.623987 0.709292 0.0652765 0.0599308
0 0.151261 0.914479 0.302523 0.155481
0 0.651496 0.692485 0.0678278 0.0499842
0 0.51801 0.71267 0.0727041 0.0371487
0 0.164876 0.926876 0.30209 0.145572
0 0.695513 0.701851 0.0678596 0.0518415
0 0.68197 0.70496 0.0945516 0.0526978
0 0.670744 0.705536 0.127568 0.0562653
0 0.547953 0.726162 0.0631462 0.0439494
0 0.644702 0.708861 0.110996 0.0532209
0 0.610315 0.722511 0.0680716 0.0597276
0 0.175138 0.938296 0.302133 0.123409
0 0.707902 0.714097 0.107376 0.0514974
0 0.574793 0.736261 0.0671543 0.0480855
0 0.725854 0.714047 0.0668947 0.0586683
0 0.58736 0.73779 0.0932503 0.0536593
0 0.567444 0.731443 0.0512686 0.0432582
0 0.144088 0.939743 0.288175 0.120515
0 0.669279 0.711276 0.109022 0.0513076
0 0.541626 0.732113 0.067885 0.0462488
0 0.663382 0.712277 0.152179 0.0549136
0 0.687972 0.710302 0.0694019 0.0564704
0 0.549145 0.736809 0.0838928 0.0526904
0 0.658413 0.709935 0.0907305 0.0525813
0 0.13392 0.941144 0.26784 0.117711
0 0.51944 0.731988 0.0658056 0.0460192
0 0.523829 0.739215 0.0793932 0.0557378
0 0.67067 0.708464 0.0633822 0.053845
0 0.644436 0.710653 0.183781 0.0585673
0 0.558838 0.78591 0.101324 0.0618111
0 0.699044 0.745577 0.124283 0.0635551
0 0.695008 0.750175 0.168121 0.0704124
0 0.56927 0.790477 0.13066 0.0632866
0 0.810385 0.870652 0.2608 0.124378
0 0.689709 0.934617 0.233811 0.124694
0 0.732384 0.852825 0.25411 0.127727
0 0.60817 0.935373 0.22378 0.122499
0 0.93905 0.78172 0.121899 0.0674039
0 0.919098 0.77848 0.161804 0.0645271
0 0.898705 0.772061 0.108431 0.0601407
0 0.804158 0.758493 0.119372 0.0611026
0 0.818663 0.759789 0.0818416 0.060996
0 0.727011 0.751635 0.0988356 0.0589465
0 0.794449 0.757709 0.164532 0.0635804
0 0.755058 0.75515 0.153862 0.056046
0 0.736232 0.756238 0.12855 0.0629003
0 0.756849 0.757895 0.140701 0.0681801
0 0.701245 0.74996 0.109875 0.0594465
0 0.759111 0.759472 0.191571 0.0716779
0 0.779471 0.756098 0.094441 0.065832
0 0.719851 0.754288 0.152835 0.0568539
0 0.732427 0.757848 0.206376 0.063958
0 0.699422 0.794603 0.101126 0.0752261
0 0.681653 0.7938 0.15952 0.0766201
0 0.609506 0.787638 0.119392 0.072627
0 0.640207 0.789177 0.177298 0.0722082
0 0.584965 0.880812 0.263039 0.130779
0 0.570988 0.899729 0.280014 0.143278
0 0.869258 0.901076 0.189094 0.10295
0 0.627043 0.869573 0.168172 0.102521
0 0.974994 0.629093 0.0500116 0.0400536
0 0.472989 0.867754 0.172078 0.105103
0 0.959551 0.929196 0.0807404 0.104395
0 0.875045 0.630901 0.0521009 0.046239
0 0.893574 0.929871 0.210628 0.136026
0 0.362254 0.879697 0.172338 0.112467
0 0.763378 0.623347 0.0354055 0.038577
0 0.687589 0.659784 0.0537185 0.0324763
0 0.672094 0.660606 0.0583424 0.0352427
0 0.340029 0.887068 0.229334 0.121768
0 0.888895 0.717159 0.0570675 0.0376127
0 0.825023 0.712336 0.04977 0.0371571
0 0.703481 0.611278 0.0572088 0.0413007
0 0.664789 0.660613 0.0407298 0.0337858
0 0.870293 0.931639 0.259413 0.136327
0 0.271971 0.91076 0.238795 0.130655
0 0.647466 0.662099 0.0416991 0.0307482
0 0.71687 0.622052 0.0368671 0.0408707
0 0.640516 0.661432 0.0548508 0.0330266
0 0.624418 0.661932 0.0505908 0.034785
0 0.847173 0.719005 0.0492783 0.0344814
0 0.305506 0.906424 0.189343 0.126906
0 0.77773 0.712077 0.0423326 0.0358424
0 0.83421 0.928156 0.301677 0.13772
0 0.777581 0.71174 0.0483845 0.0404409
0 0.200236 0.918148 0.268814 0.132471
0 0.652585 0.618082 0.0567957 0.0459953
0 0.573973 0.660977 0.0540798 0.0349068
0 0.586704 0.659764 0.0581447 0.0328824
0 0.232233 0.915893 0.189788 0.121379
0 0.594969 0.65904 0.0452717 0.0323088
0 0.638531 0.619052 0.0815408 0.0471171
0 0.774836 0.920052 0.290705 0.13575
0 0.726466 0.708077 0.0426849 0.038147
0 0.155174 0.926194 0.254666 0.124096
0 0.604957 0.61772 0.0550772 0.0489955
0 0.597447 0.614627 0.0638214 0.047642
0 0.545948 0.658622 0.049371 0.0332484
0 0.189746 0.922573 0.181269 0.120482
0 0.537411 0.659472 0.0640737 0.0351687
1 0.798067 0.688064 0.0358316 0.0437541
0 0.524931 0.661102 0.048037 0.0345914
1 0.794303 0.682658 0.0340409 0.0431352
0 0.670035 0.705136 0.0393763 0.0342149
0 0.708734 0.704688 0.0741543 0.0447239
