1 0.761357 0.930565 0.305424 0.138871
1 0.778926 0.936778 0.291272 0.123016
1 0.308915 0.826738 0.0998295 0.0609236
1 0.688311 0.959581 0.278299 0.077165
1 0.323023 0.837444 0.208703 0.201605
1 0.310522 0.870931 0.249844 0.221359
1 0.223275 0.915998 0.344693 0.162894
1 0.397945 0.73037 0.115343 0.064868
1 0.558883 0.668208 0.0370014 0.0510625
1 0.416927 0.730553 0.0668871 0.0540169
1 0.429542 0.7321 0.0404646 0.0478273
1 0.203639 0.935114 0.278102 0.129772
1 0.678274 0.731394 0.0999445 0.0694533
1 0.117963 0.765936 0.154854 0.0706912
1 0.728163 0.783623 0.135558 0.0837973
1 0.762144 0.806438 0.143419 0.0932276
1 0.0520592 0.848696 0.101327 0.101351
1 0.0805214 0.90584 0.156653 0.171147
1 0.915348 0.897201 0.163304 0.151434
1 0.957401 0.755487 0.0789677 0.0577976
1 0.825644 0.734533 0.0770271 0.0527959
1 0.736848 0.724394 0.0716356 0.0554258
1 0.665978 0.719679 0.0718977 0.0514023
1 0.633005 0.715667 0.0702188 0.0532799
1 0.707235 0.785892 0.0908085 0.0726966
1 0.6889 0.787573 0.0815438 0.072539
1 0.673351 0.787138 0.102141 0.0686239
1 0.617411 0.885348 0.181569 0.137454
1 0.602911 0.91464 0.198725 0.147392
1 0.797647 0.811705 0.140853 0.0968989
1 0.967318 0.963056 0.0653633 0.0704516
1 0.777631 0.812165 0.114477 0.0890814
1 0.606597 0.80171 0.140016 0.0935295
1 0.855666 0.935849 0.279782 0.128302
1 0.933094 0.599578 0.0278799 0.0348242
1 0.827043 0.600457 0.0460682 0.0512051
1 0.489139 0.80087 0.137781 0.094084
1 0.691636 0.931043 0.194364 0.137914
1 0.860021 0.630746 0.0403332 0.0518483
1 0.712614 0.590368 0.030256 0.0345912
1 0.416884 0.800959 0.126102 0.0936737
1 0.614692 0.931954 0.197871 0.133093
1 0.362169 0.805902 0.144152 0.0954272
1 0.55581 0.931891 0.187886 0.133845
1 0.59028 0.586802 0.0372829 0.0368741
1 0.375648 0.801524 0.100406 0.097316
1 0.449905 0.841637 0.16893 0.116934
1 0.625373 0.972779 0.20932 0.0544421
1 0.78129 0.60089 0.0345999 0.0493663
1 0.378063 0.844922 0.168864 0.118447
1 0.625678 0.590734 0.0273116 0.0338237
1 0.569382 0.969125 0.230214 0.0617506
1 0.761914 0.63259 0.0676922 0.0576447
1 0.575165 0.572183 0.0285074 0.0325603
1 0.347693 0.849435 0.159178 0.125678
1 0.597508 0.589775 0.0275964 0.033754
1 0.533123 0.968599 0.181589 0.062802
1 0.567504 0.967125 0.276555 0.0657495
1 0.333033 0.924042 0.241573 0.151916
1 0.72244 0.598651 0.0327034 0.0419075
1 0.793221 0.643918 0.0626756 0.0636286
1 0.635976 0.589934 0.0317959 0.0320999
1 0.731553 0.669649 0.0371988 0.041183
1 0.552869 0.593787 0.0396658 0.0466937
1 0.815626 0.654627 0.0378782 0.0510815
1 0.34296 0.948446 0.238678 0.0910116
1 0.735295 0.679952 0.0442609 0.0437124
1 0.727265 0.611144 0.037897 0.0506762
1 0.985372 0.69262 0.0227272 0.0374241
1 0.542202 0.705161 0.0250083 0.0317261
1 0.794386 0.617523 0.040362 0.0515745
1 0.826511 0.717561 0.0571156 0.0578289
1 0.91836 0.813813 0.153738 0.0972785
1 0.724131 0.616945 0.0266729 0.0313094
1 0.635541 0.657424 0.0236771 0.0281492
1 0.564015 0.779799 0.0288786 0.0427032
1 0.638421 0.654065 0.0241447 0.0303017
1 0.696418 0.615708 0.0273862 0.0295765
1 0.898148 0.812504 0.164846 0.0933942
1 0.926164 0.815555 0.147672 0.0950647
1 0.882312 0.806675 0.154663 0.0968122
1 0.658373 0.613549 0.0249809 0.0319827
1 0.885196 0.807356 0.153368 0.0909711
1 0.654789 0.614591 0.0260016 0.0335264
1 0.851698 0.807334 0.182521 0.0905111
1 0.723089 0.793493 0.0925619 0.0597099
1 0.712327 0.944351 0.127892 0.0896538
1 0.547167 0.74395 0.124672 0.0724815
1 0.692601 0.938035 0.114304 0.0803683
1 0.586667 0.843747 0.288634 0.144545
1 0.685284 0.668895 0.118976 0.0550646
1 0.688484 0.705403 0.138439 0.0749124
1 0.764138 0.771462 0.152613 0.122225
1 0.764977 0.90853 0.152297 0.0780696
1 0.799914 0.803837 0.141969 0.0879635
1 0.82326 0.823329 0.20025 0.0957957
1 0.782862 0.945932 0.223713 0.0899826
1 0.878647 0.93765 0.236695 0.1247
1 0.566004 0.954849 0.378894 0.0883368
1 0.97608 0.741301 0.0478405 0.0520475
1 0.981053 0.742768 0.0353476 0.0547246
1 0.47327 0.955627 0.350278 0.0867747
1 0.401074 0.961992 0.317502 0.0746705
1 0.85655 0.728703 0.0952076 0.0516441
1 0.897788 0.731841 0.0673792 0.0507989
1 0.778923 0.715198 0.0545469 0.0498225
1 0.85261 0.727728 0.0489197 0.0420204
1 0.379895 0.961943 0.308165 0.0749402
1 0.787188 0.718557 0.0719862 0.0514025
1 0.789686 0.743278 0.0974226 0.057191
1 0.79189 0.741583 0.0721657 0.0545176
1 0.807772 0.747099 0.111676 0.0606199
1 0.833578 0.748083 0.0678563 0.0512095
1 0.637096 0.920963 0.263606 0.151085
1 0.700043 0.810642 0.0749915 0.0657618
1 0.692045 0.809633 0.0989714 0.0714767
1 0.879312 0.903432 0.237547 0.137449
1 0.404106 0.815067 0.0650255 0.0695717
1 0.769462 0.876681 0.222229 0.129833
1 0.788478 0.872167 0.182384 0.106144
1 0.706255 0.860917 0.171144 0.103582
1 0.685719 0.865392 0.211769 0.120683
1 0.667611 0.860187 0.171455 0.107735
1 0.717354 0.933835 0.260972 0.132331
1 0.681362 0.800971 0.116654 0.0569695
1 0.733556 0.866904 0.0959718 0.0682299
1 0.708989 0.86414 0.0992416 0.0686681
1 0.778189 0.924058 0.124385 0.0848053
1 0.755345 0.923604 0.12207 0.0850011
1 0.791141 0.931297 0.128832 0.0898099
1 0.47066 0.770767 0.0809883 0.0550891
1 0.547373 0.662893 0.123083 0.0582499
1 0.47013 0.918365 0.116265 0.0879061
1 0.148654 0.771959 0.206639 0.130661
1 0.931259 0.847847 0.103259 0.0683517
1 0.487235 0.812064 0.0735226 0.0597173
1 0.33156 0.825157 0.0802025 0.0652799
1 0.31888 0.827377 0.11695 0.0696491
1 0.305058 0.825928 0.0844366 0.0652195
1 0.29457 0.829692 0.109752 0.0676767
1 0.277338 0.832843 0.128911 0.0682089
1 0.485322 0.763477 0.0333637 0.0439624
1 0.437366 0.845633 0.0886425 0.0732374
1 0.413119 0.850003 0.13235 0.0803111
1 0.984783 0.71763 0.023299 0.032914
1 0.76451 0.712863 0.0260361 0.0338028
1 0.760684 0.715726 0.0352568 0.0349973
1 0.336278 0.855782 0.101062 0.0759354
1 0.657223 0.705467 0.0399134 0.0351657
1 0.346292 0.850605 0.0788725 0.0749167
1 0.644506 0.706243 0.0415728 0.0354342
1 0.311882 0.859573 0.145061 0.0797178
1 0.916688 0.715095 0.146497 0.0552101
1 0.281881 0.86247 0.110284 0.0782572
1 0.262884 0.867407 0.136242 0.0782424
1 0.292603 0.855572 0.0863938 0.0763568
1 0.248583 0.862221 0.11275 0.0727982
1 0.294552 0.725935 0.0610116 0.0718707
1 0.352401 0.957658 0.233126 0.0846832
1 0.797842 0.757411 0.0361692 0.0434967
1 0.784123 0.755716 0.069964 0.0477043
1 0.387044 0.779348 0.144406 0.0996808
1 0.33518 0.957651 0.14982 0.0846985
1 0.649549 0.743444 0.0308282 0.0380575
1 0.203862 0.966115 0.218597 0.0656686
1 0.91849 0.757319 0.16302 0.0840485
1 0.643862 0.744864 0.0469469 0.04093
1 0.70434 0.794511 0.0378223 0.0526838
1 0.204978 0.845715 0.162418 0.111061
1 0.981437 0.777197 0.0337116 0.0473214
1 0.681361 0.795599 0.0824856 0.0549961
1 0.740302 0.745566 0.0260841 0.0383778
1 0.190912 0.848012 0.219012 0.129264
1 0.133593 0.90336 0.234908 0.138009
1 0.686935 0.824363 0.091106 0.0641481
1 0.702493 0.824682 0.0613403 0.0640474
1 0.802646 0.956255 0.144614 0.0818504
1 0.126692 0.965666 0.233505 0.0686671
1 0.891963 0.928142 0.207137 0.143715
1 0.600926 0.900149 0.304789 0.170027
1 0.972816 0.762322 0.0506475 0.0455232
1 0.304703 0.910986 0.298683 0.160235
1 0.775545 0.71138 0.152544 0.0632983
1 0.262895 0.912965 0.207326 0.145604
1 0.782192 0.707741 0.118754 0.0607063
1 0.548241 0.833427 0.0247883 0.0328674
1 0.189895 0.920242 0.331994 0.15629
1 0.673036 0.707229 0.14681 0.0608554
1 0.676566 0.704824 0.105993 0.0578804
1 0.450149 0.83514 0.0266416 0.0320691
1 0.700833 0.703102 0.0879593 0.0570724
1 0.141433 0.927054 0.247821 0.138789
1 0.14916 0.931593 0.267468 0.136814
1 0.628397 0.705825 0.102303 0.0588834
1 0.644831 0.703496 0.080101 0.0566311
1 0.624186 0.711412 0.151769 0.0642742
1 0.39375 0.853491 0.0268518 0.0339635
1 0.525185 0.726311 0.0312778 0.0355581
1 0.16731 0.937572 0.299606 0.124857
1 0.675239 0.711966 0.119024 0.0605237
1 0.563523 0.732603 0.0337446 0.0393307
1 0.682898 0.709945 0.0876568 0.0603437
1 0.428725 0.865167 0.0254459 0.0298233
1 0.216523 0.936943 0.217881 0.115814
1 0.634817 0.726701 0.165784 0.0695897
1 0.639207 0.722974 0.121997 0.0630404
1 0.661738 0.720652 0.0838097 0.0609511
1 0.533823 0.747793 0.044549 0.0439541
1 0.382573 0.897007 0.0252869 0.0324239
1 0.542826 0.748992 0.0602661 0.0463436
1 0.558449 0.750875 0.0726283 0.0430871
1 0.137166 0.956573 0.274332 0.0825816
1 0.724153 0.793268 0.16919 0.0880091
1 0.604117 0.856291 0.122375 0.0697192
1 0.707916 0.802981 0.181633 0.12499
1 0.617299 0.859932 0.117141 0.0601527
1 0.801895 0.865017 0.212717 0.143889
1 0.672575 0.946075 0.189827 0.0992366
1 0.644659 0.940625 0.128978 0.104605
1 0.769638 0.894513 0.243187 0.162574
1 0.741601 0.900232 0.332178 0.176938
1 0.627119 0.957981 0.237184 0.0804143
1 0.92439 0.775399 0.151221 0.0682542
1 0.921017 0.769785 0.117723 0.0617338
1 0.874648 0.763531 0.0988752 0.0658014
1 0.828982 0.760464 0.109342 0.0628751
1 0.854259 0.761554 0.0806744 0.0634869
1 0.805075 0.757648 0.0839808 0.0628367
1 0.795316 0.754972 0.111177 0.0669663
1 0.763757 0.751187 0.11554 0.0632277
1 0.772889 0.754546 0.0684236 0.0602244
1 0.710865 0.748491 0.113232 0.0560614
1 0.786607 0.78892 0.131847 0.0724345
1 0.740248 0.784637 0.124945 0.0704684
1 0.805206 0.789831 0.0854046 0.0648355
1 0.760729 0.786659 0.155826 0.0752284
1 0.750113 0.875293 0.25387 0.137485
1 0.688153 0.891688 0.262085 0.145942
1 0.912362 0.929039 0.170519 0.122972
1 0.955062 0.685978 0.0408401 0.0507268
1 0.87276 0.926869 0.251759 0.137329
1 0.887862 0.691681 0.0444042 0.0483439
1 0.811864 0.91574 0.25641 0.139669
