0 0.777611 0.938851 0.355371 0.122298
0 0.635222 0.716356 0.0441693 0.0402974
0 0.985319 0.650888 0.0257465 0.0334633
0 0.435641 0.675422 0.0415411 0.0316256
0 0.482231 0.625521 0.0485913 0.0417675
0 0.916248 0.678531 0.0554741 0.0359955
0 0.57569 0.714022 0.0406034 0.0337194
0 0.57957 0.717237 0.053087 0.0348226
0 0.765701 0.940154 0.367705 0.119691
0 0.424204 0.675184 0.0444345 0.0322081
0 0.47432 0.62576 0.0506067 0.0436282
0 0.625977 0.716578 0.0529019 0.0395594
0 0.908595 0.678435 0.0494196 0.0368828
0 0.415906 0.675875 0.0622676 0.0342278
0 0.983659 0.65149 0.0311813 0.0326735
0 0.618777 0.71402 0.0689804 0.0425906
0 0.571997 0.714522 0.0481091 0.0349208
0 0.408736 0.616558 0.0310395 0.0275631
0 0.397689 0.67821 0.0512128 0.0345242
0 0.725644 0.94083 0.241332 0.118339
0 0.359291 0.802919 0.11648 0.05762
0 0.37967 0.799913 0.075876 0.0602002
0 0.702148 0.940941 0.222939 0.100214
0 0.317632 0.868461 0.147813 0.0741487
0 0.419431 0.591217 0.0353348 0.0311293
0 0.463329 0.71093 0.0557543 0.0476322
0 0.276547 0.941141 0.184602 0.0997018
0 0.460783 0.735167 0.0632019 0.0508386
0 0.369736 0.70348 0.0984084 0.0717939
0 0.458059 0.617605 0.0266769 0.0277306
0 0.407832 0.746377 0.0775239 0.0411566
0 0.430097 0.750232 0.0566093 0.0502356
0 0.393171 0.610974 0.0468067 0.0318855
0 0.400776 0.61083 0.0413607 0.0311673
0 0.973612 0.645142 0.0436926 0.0323227
0 0.444669 0.641779 0.0415251 0.0355729
0 0.31779 0.787369 0.142602 0.105928
0 0.402727 0.851922 0.188681 0.0782621
0 0.406463 0.849038 0.136757 0.0762609
0 0.340281 0.833871 0.268039 0.138744
0 0.370439 0.950511 0.228812 0.0952997
0 0.339832 0.869557 0.281622 0.225614
0 0.312127 0.887032 0.32703 0.192037
0 0.281036 0.89286 0.237933 0.193468
0 0.449468 0.66396 0.0521635 0.0375287
0 0.442634 0.666818 0.0418006 0.0358208
0 0.699698 0.645926 0.0521749 0.0415868
0 0.494424 0.712829 0.060692 0.0527384
0 0.434729 0.714575 0.0965172 0.0564634
0 0.156906 0.981838 0.221409 0.0363249
0 0.469807 0.710134 0.122827 0.052214
0 0.688235 0.64563 0.0693583 0.0396793
0 0.686298 0.650609 0.080055 0.0420343
0 0.331409 0.654873 0.0422486 0.0295764
0 0.739916 0.666086 0.0515913 0.0511431
0 0.452733 0.759243 0.165245 0.0712432
0 0.489016 0.762639 0.0621687 0.0621328
0 0.72106 0.66648 0.0927496 0.0472333
0 0.370547 0.671206 0.0308169 0.0330997
0 0.462995 0.759901 0.122704 0.0636651
0 0.33047 0.674188 0.045759 0.0388842
0 0.29357 0.681756 0.0410173 0.0305119
0 0.286842 0.682272 0.0329645 0.0267031
0 0.419214 0.759823 0.128213 0.0743401
0 0.321893 0.676297 0.0532785 0.0391257
0 0.302734 0.679923 0.0585463 0.0372467
0 0.699796 0.667496 0.0711617 0.0405932
0 0.756302 0.67152 0.0464649 0.0435421
0 0.478744 0.773818 0.0894814 0.065457
0 0.491289 0.775416 0.0693206 0.0640923
0 0.362721 0.674623 0.0463587 0.0335664
0 0.418462 0.772673 0.133781 0.0799923
0 0.448443 0.768837 0.183029 0.0786471
0 0.74746 0.672641 0.064254 0.044967
0 0.40335 0.774187 0.0999496 0.0736917
0 0.354356 0.675366 0.060228 0.0356135
0 0.462595 0.771348 0.132967 0.0702971
0 0.344565 0.676465 0.0706623 0.0374031
0 0.285473 0.687163 0.0408267 0.0294167
0 0.707455 0.669206 0.0463545 0.0350843
0 0.734782 0.672114 0.0882914 0.0432687
0 0.299492 0.682605 0.0489831 0.0334666
0 0.71725 0.670573 0.0659887 0.0382298
0 0.390873 0.91662 0.293485 0.162657
0 0.788142 0.72669 0.155828 0.0645037
0 0.269475 0.732619 0.0978347 0.057162
0 0.206672 0.751367 0.0757845 0.0436452
0 0.811069 0.726646 0.119044 0.0564433
0 0.196061 0.754164 0.0558151 0.0386982
0 0.29188 0.729912 0.102089 0.0478966
0 0.304743 0.729868 0.0726299 0.044435
0 0.222175 0.745138 0.0828871 0.0446639
0 0.82989 0.727039 0.0795418 0.0548433
0 0.862299 0.784592 0.162841 0.0869607
0 0.185725 0.811073 0.163827 0.0899897
0 0.159362 0.816117 0.169369 0.0967777
0 0.195142 0.805122 0.132464 0.072525
0 0.835133 0.785624 0.154499 0.075961
0 0.944499 0.912191 0.111003 0.083549
0 0.0846061 0.952128 0.169212 0.0957438
0 0.952052 0.917853 0.0958969 0.10308
1 0.803354 0.72897 0.0673824 0.0513552
1 0.793908 0.728823 0.0520452 0.0490077
1 0.692598 0.715474 0.0729113 0.0545667
1 0.638325 0.712945 0.0827299 0.0516286
1 0.605276 0.701995 0.0472643 0.0494128
1 0.59254 0.706629 0.0851847 0.0578781
1 0.573057 0.706846 0.0762188 0.059286
1 0.586333 0.713409 0.0796469 0.0563235
1 0.615455 0.910355 0.195894 0.145948
1 0.608594 0.929065 0.212342 0.14187
0 0.746658 0.820071 0.182618 0.103552
0 0.930587 0.969411 0.138825 0.0611787
0 0.683862 0.812524 0.097213 0.0698214
0 0.670182 0.805559 0.0689747 0.0591667
0 0.912048 0.966771 0.0938721 0.0664586
0 0.613548 0.803121 0.175839 0.0950701
0 0.850747 0.939517 0.298507 0.120966
0 0.835848 0.606063 0.0406021 0.0553485
0 0.949905 0.65989 0.0581055 0.0426221
0 0.557024 0.800276 0.0902701 0.0686581
0 0.552776 0.925329 0.213165 0.137456
0 0.362732 0.801442 0.177106 0.092777
0 0.677652 0.640323 0.0348995 0.0358602
1 0.722506 0.6172 0.0366911 0.0422737
0 0.310792 0.811116 0.0989118 0.0782641
0 0.381876 0.79691 0.121822 0.106353
0 0.3693 0.851299 0.206243 0.136971
0 0.630581 0.603701 0.0456312 0.0508437
0 0.840879 0.641901 0.0386059 0.0363825
0 0.308453 0.851318 0.0807754 0.0771159
1 0.776253 0.630462 0.0436653 0.0539391
0 0.725297 0.64821 0.0442375 0.0465983
0 0.569065 0.969531 0.247039 0.0598595
0 0.856883 0.691293 0.049412 0.0430341
1 0.911114 0.663279 0.0451218 0.0542427
0 0.776144 0.680738 0.0379601 0.0354139
0 0.984342 0.674695 0.0275743 0.0323827
0 0.418202 0.950994 0.332379 0.0910764
0 0.404919 0.954909 0.239489 0.0820707
0 0.780323 0.68379 0.0497444 0.0393031
0 0.441953 0.950105 0.223475 0.0997904
0 0.84608 0.690751 0.0719242 0.0480848
0 0.286962 0.981629 0.0991378 0.035965
0 0.770435 0.681098 0.0516757 0.0442805
1 0.820821 0.652869 0.050144 0.0551459
1 0.827211 0.656453 0.0425959 0.0590302
0 0.929691 0.663085 0.0370251 0.0371611
0 0.920731 0.664192 0.052836 0.0380712
0 0.341533 0.956633 0.243955 0.0786181
0 0.70237 0.678564 0.0404959 0.0351781
0 0.223624 0.985001 0.120079 0.0298491
0 0.346753 0.949746 0.33033 0.0941266
0 0.370157 0.948361 0.2131 0.101854
0 0.908648 0.666034 0.0495018 0.0348195
0 0.707609 0.679948 0.0545192 0.0358452
0 0.912239 0.685512 0.038179 0.037919
0 0.742911 0.709818 0.0533208 0.0452143
0 0.600722 0.635789 0.0391035 0.0399166
0 0.729349 0.708324 0.08645 0.0509191
0 0.599379 0.616601 0.0420855 0.0558278
0 0.869186 0.680607 0.0430515 0.0331601
0 0.675584 0.703948 0.0813452 0.0505116
0 0.718826 0.707424 0.122994 0.0544446
1 0.78793 0.66298 0.0390558 0.055882
0 0.667751 0.701148 0.0619386 0.0479246
0 0.660866 0.699046 0.0477234 0.0433698
0 0.671466 0.672329 0.0334048 0.0349106
0 0.844642 0.782856 0.193851 0.0831636
0 0.667122 0.670564 0.0444343 0.0362043
0 0.858487 0.785284 0.124062 0.0767277
0 0.873728 0.786919 0.0933138 0.0662382
0 0.79517 0.785299 0.145864 0.0668748
0 0.887792 0.788341 0.0648474 0.0625448
1 0.47495 0.766009 0.0244604 0.0379678
0 0.68398 0.679867 0.0383032 0.0322629
0 0.674758 0.678631 0.0593777 0.0371618
0 0.607172 0.633131 0.0316023 0.0302246
0 0.887475 0.812386 0.178869 0.0899514
0 0.824359 0.807716 0.157223 0.0786716
0 0.871778 0.807234 0.251439 0.0914668
0 0.671281 0.67895 0.0387436 0.033353
0 0.660283 0.678183 0.0619785 0.0377739
0 0.859025 0.808352 0.22915 0.0955727
0 0.595089 0.632834 0.0320429 0.0308062
0 0.809997 0.807755 0.147778 0.0791459
0 0.870565 0.810653 0.159857 0.0906685
0 0.909974 0.932218 0.180051 0.133473
0 0.675278 0.657408 0.0335941 0.0336608
0 0.686665 0.722515 0.045134 0.0380709
0 0.578147 0.654956 0.0370121 0.0310847
0 0.674939 0.722896 0.0673468 0.0404477
0 0.660879 0.721907 0.0682276 0.0393959
0 0.651422 0.720918 0.0459731 0.0365463
0 0.587194 0.654667 0.0589985 0.0371368
0 0.768975 0.791355 0.0643373 0.0588593
0 0.763219 0.79254 0.0884465 0.0542366
0 0.737585 0.692755 0.0369286 0.0324684
0 0.748828 0.791387 0.108297 0.0599686
0 0.726964 0.785489 0.0629992 0.0530173
0 0.637943 0.687522 0.0841484 0.0458242
0 0.737364 0.787606 0.0869045 0.0541222
0 0.620981 0.683774 0.0444614 0.043412
0 0.826656 0.624338 0.0281448 0.029598
0 0.730997 0.691336 0.0486351 0.034421
0 0.64578 0.689816 0.115717 0.0493123
0 0.659577 0.744084 0.116116 0.0702218
0 0.851374 0.954128 0.197988 0.0917442
0 0.761671 0.745506 0.112765 0.0502731
0 0.682956 0.746945 0.155979 0.0644249
0 0.737118 0.742764 0.161541 0.0542987
0 0.644191 0.739048 0.084268 0.0678258
0 0.850366 0.643508 0.048667 0.0350135
0 0.708716 0.743204 0.170435 0.0609904
0 0.784482 0.754655 0.061046 0.0441645
0 0.774377 0.750622 0.0792817 0.0503395
0 0.505569 0.850319 0.266163 0.133142
0 0.654251 0.658559 0.0532576 0.0375788
0 0.594436 0.6728 0.0872037 0.0508926
0 0.477472 0.91033 0.362204 0.162951
0 0.950549 0.64669 0.0449051 0.0357325
0 0.629678 0.669116 0.0536997 0.0457197
0 0.428468 0.905007 0.225686 0.169484
0 0.942538 0.648555 0.0622595 0.0359831
0 0.616699 0.672184 0.0839666 0.0518361
0 0.608122 0.75079 0.109078 0.0719836
0 0.592828 0.754812 0.149269 0.0877364
0 0.515304 0.811376 0.138613 0.0580353
0 0.625313 0.748983 0.0755087 0.0717901
0 0.490857 0.803517 0.0812372 0.0537989
0 0.545022 0.810499 0.1272 0.0625387
0 0.612792 0.783089 0.162822 0.0821457
0 0.54359 0.874021 0.199161 0.0862244
0 0.509254 0.871451 0.14082 0.0754183
0 0.608974 0.832545 0.207231 0.0985728
0 0.524719 0.948835 0.273437 0.0918292
0 0.51804 0.952589 0.420177 0.0901777
0 0.93046 0.75234 0.139079 0.0593884
0 0.32642 0.952135 0.397286 0.0902031
0 0.950501 0.75557 0.0989976 0.0597946
0 0.92309 0.758671 0.153819 0.067583
0 0.939502 0.755315 0.120996 0.0599078
0 0.902403 0.749865 0.145557 0.0577126
0 0.918501 0.757184 0.162999 0.0633929
0 0.87278 0.742607 0.11056 0.054732
0 0.862411 0.740971 0.154468 0.0586938
0 0.890154 0.74459 0.0676434 0.057821
0 0.79527 0.736456 0.0997398 0.0500376
0 0.839677 0.737 0.12663 0.0550418
0 0.813225 0.737764 0.128938 0.0521253
0 0.781554 0.734412 0.0688367 0.0457414
0 0.833702 0.742702 0.126638 0.0553752
0 0.845298 0.744506 0.0897881 0.0551215
0 0.762452 0.736716 0.0946229 0.0525536
0 0.766657 0.740071 0.121985 0.0548353
0 0.828636 0.741837 0.177153 0.0595052
0 0.788855 0.738294 0.132629 0.0542535
0 0.74975 0.731689 0.0666174 0.0480395
0 0.83099 0.750186 0.116437 0.0588753
0 0.805111 0.744036 0.171282 0.0577747
0 0.759922 0.738051 0.103605 0.0559921
0 0.853707 0.750085 0.0685886 0.0612106
0 0.77841 0.741594 0.15777 0.056329
0 0.747767 0.734457 0.0737314 0.0534225
0 0.829473 0.759965 0.117038 0.0598343
0 0.844944 0.760918 0.0797251 0.0600124
0 0.751952 0.752308 0.0993975 0.0595484
0 0.819336 0.7591 0.158975 0.064075
0 0.760735 0.756247 0.128396 0.0628454
0 0.779623 0.755913 0.153688 0.055881
0 0.685649 0.835018 0.249511 0.107032
0 0.653901 0.83177 0.178569 0.0864918
0 0.629277 0.826274 0.104196 0.0901204
0 0.712337 0.834519 0.210095 0.0922997
0 0.685073 0.896485 0.289315 0.141306
0 0.732006 0.954529 0.393306 0.0909412
0 0.706331 0.822537 0.131769 0.0715246
0 0.697518 0.827761 0.169737 0.0731806
0 0.627669 0.836251 0.0831017 0.054584
0 0.525969 0.807356 0.105889 0.068656
0 0.950151 0.898732 0.0996981 0.0994342
0 0.540386 0.805013 0.082115 0.0727132
0 0.51481 0.81192 0.155317 0.0753232
0 0.491367 0.817353 0.143256 0.0725394
0 0.985065 0.721733 0.0262253 0.0362203
0 0.981604 0.596179 0.0298752 0.0329964
0 0.871563 0.616713 0.0383869 0.0323634
0 0.441864 0.833833 0.0777509 0.0543124
0 0.905712 0.921697 0.186424 0.140315
0 0.428092 0.819015 0.134638 0.0739819
0 0.418716 0.8272 0.158937 0.0761073
0 0.441999 0.813161 0.103316 0.0736281
0 0.954046 0.72067 0.0634335 0.041392
0 0.845141 0.62324 0.0482838 0.0460963
0 0.342487 0.851468 0.0700903 0.0534823
0 0.893643 0.712577 0.0624836 0.0355858
0 0.692831 0.72595 0.0488216 0.0424971
0 0.0693496 0.951052 0.131318 0.0978968
0 0.585616 0.623418 0.0500217 0.0475088
0 0.511827 0.672915 0.0382545 0.0322255
0 0.682543 0.945727 0.339073 0.100005
0 0.569208 0.624326 0.0827322 0.0501172
0 0.536262 0.61613 0.0472782 0.0334997
0 0.628613 0.718685 0.0388275 0.0347908
0 0.543818 0.618594 0.0676838 0.0427971
0 0.826828 0.847076 0.150181 0.0811142
0 0.566994 0.727816 0.0632307 0.0437055
0 0.85424 0.851428 0.0989033 0.0778937
0 0.548654 0.727369 0.0813871 0.0388824
0 0.811634 0.839394 0.158581 0.0636518
0 0.585898 0.640868 0.0398028 0.0358559
0 0.538153 0.728533 0.0557102 0.0378113
0 0.670858 0.656163 0.0384977 0.0509089
0 0.810564 0.869001 0.167682 0.0898402
0 0.549769 0.738923 0.0484449 0.0438805
0 0.504839 0.740067 0.04074 0.0379958
0 0.633094 0.660518 0.0737377 0.0549566
0 0.568363 0.643531 0.0591058 0.0416466
0 0.785181 0.865138 0.161744 0.0743422
0 0.530908 0.741018 0.0857623 0.0496969
0 0.834328 0.878069 0.131968 0.0887662
0 0.521637 0.739878 0.0776276 0.0431386
0 0.764468 0.860449 0.108961 0.0666125
0 0.776749 0.867315 0.161868 0.0900147
0 0.526787 0.737869 0.0486748 0.0435459
0 0.479933 0.739618 0.0389257 0.0376035
0 0.545059 0.643386 0.0570553 0.0414832
0 0.748193 0.861428 0.1362 0.0687717
0 0.549413 0.785695 0.112853 0.056118
0 0.883485 0.956918 0.233029 0.0846273
0 0.594805 0.717532 0.0419989 0.0426295
0 0.494191 0.735463 0.105543 0.0822929
0 0.594347 0.787514 0.122484 0.0600278
0 0.611065 0.784579 0.0817883 0.0579534
0 0.627152 0.630145 0.0413433 0.0341777
0 0.480608 0.722587 0.0773675 0.0650396
0 0.575871 0.631778 0.038995 0.0330831
0 0.544303 0.792343 0.0519854 0.041295
0 0.621777 0.787754 0.0618012 0.0628721
0 0.551213 0.791093 0.0694266 0.0457057
0 0.515768 0.79064 0.106035 0.0597534
0 0.511997 0.718575 0.0466722 0.0441803
0 0.529177 0.790512 0.0753695 0.0644048
0 0.417959 0.743842 0.126818 0.0899195
0 0.466012 0.799887 0.0689468 0.0510457
0 0.144607 0.743538 0.0444809 0.0406677
0 0.718202 0.616641 0.0429097 0.0334314
0 0.129053 0.825491 0.175495 0.0664959
0 0.128191 0.823195 0.130872 0.0641897
0 0.305545 0.610481 0.0405406 0.0326602
0 0.706592 0.791789 0.139206 0.0643026
0 0.714895 0.693868 0.0492007 0.0421463
0 0.386701 0.609119 0.0365632 0.0337273
0 0.985322 0.71026 0.0249535 0.0355764
0 0.72802 0.79096 0.094432 0.0628746
0 0.296742 0.611638 0.0481886 0.033607
0 0.682563 0.783072 0.11918 0.0553558
0 0.763934 0.689956 0.0347467 0.0339653
0 0.488513 0.688465 0.0452927 0.0405956
0 0.467154 0.789565 0.155063 0.0636284
0 0.974244 0.696568 0.0512177 0.0449437
0 0.484965 0.78365 0.0918062 0.0627195
0 0.72191 0.687137 0.0328693 0.0312071
0 0.456128 0.784018 0.124484 0.0596099
0 0.965529 0.699784 0.0689423 0.0483986
0 0.413582 0.689146 0.0410432 0.0410736
0 0.385835 0.792355 0.166997 0.0666922
0 0.40764 0.692123 0.0514349 0.0445265
0 0.377731 0.789183 0.131093 0.0590116
0 0.974915 0.697301 0.0493485 0.0485039
0 0.676968 0.682738 0.0320862 0.0294853
0 0.400762 0.693393 0.0662236 0.0502421
0 0.861957 0.680735 0.0449902 0.0343166
0 0.965862 0.697245 0.0682752 0.046831
0 0.354409 0.791705 0.146385 0.0641588
0 0.382087 0.69413 0.0430829 0.0420812
0 0.375243 0.696732 0.0513982 0.0469688
0 0.365191 0.789389 0.103747 0.0649312
0 0.379413 0.788455 0.0800116 0.0613808
0 0.640838 0.682024 0.0471409 0.0312307
0 0.338456 0.789989 0.117745 0.0566762
0 0.870154 0.694083 0.18356 0.0557549
0 0.320791 0.788103 0.079919 0.0523758
0 0.612401 0.680744 0.0396007 0.0320714
0 0.631429 0.680636 0.0607477 0.0343856
0 0.733856 0.695489 0.0395639 0.0382462
0 0.451676 0.698457 0.0451437 0.0467496
0 0.977514 0.709747 0.0449724 0.0614182
0 0.437647 0.808675 0.111967 0.0607791
0 0.405625 0.812996 0.128132 0.0623984
0 0.454964 0.807199 0.0774261 0.0629247
0 0.441576 0.700633 0.0634401 0.051149
0 0.364152 0.702852 0.0580838 0.0440214
0 0.398366 0.806746 0.101181 0.0573079
0 0.698035 0.695696 0.0517754 0.0357018
0 0.719068 0.695665 0.071159 0.0391037
0 0.678762 0.691254 0.0387904 0.0331034
0 0.39663 0.699823 0.0514674 0.0487526
0 0.380379 0.813434 0.120087 0.0651833
0 0.353384 0.818163 0.139023 0.0659763
0 0.926157 0.709988 0.130794 0.0488036
0 0.669997 0.691934 0.0542135 0.0351919
0 0.395255 0.809402 0.0888354 0.0642385
0 0.345243 0.810863 0.109562 0.061201
0 0.947218 0.70468 0.105563 0.0540924
0 0.382687 0.703711 0.0774228 0.0552015
0 0.903787 0.70791 0.131392 0.0525612
0 0.376017 0.701371 0.0438454 0.0418343
0 0.655839 0.690997 0.0375389 0.033655
0 0.350552 0.81483 0.131631 0.0707598
0 0.331522 0.818685 0.143508 0.0695669
0 0.959668 0.701211 0.0684568 0.0517329
0 0.368837 0.810169 0.0932474 0.0666987
0 0.644464 0.691972 0.0572809 0.0362044
0 0.368622 0.705318 0.0572682 0.0476443
0 0.940307 0.7023 0.11558 0.0503563
0 0.838345 0.684223 0.0350311 0.0323766
0 0.896702 0.703502 0.0845249 0.0501058
0 0.333422 0.903303 0.184359 0.103714
0 0.0355234 0.647933 0.0509886 0.0362582
0 0.70429 0.722327 0.0530974 0.0389341
0 0.356826 0.738621 0.104722 0.0575132
0 0.369984 0.736059 0.0804479 0.0568962
0 0.345751 0.743783 0.126105 0.0658221
0 0.968071 0.736389 0.0638575 0.0653915
0 0.662881 0.719023 0.0411467 0.0358748
0 0.691735 0.722802 0.0802822 0.0422717
0 0.38014 0.73235 0.0593211 0.0517497
0 0.027755 0.648264 0.0360922 0.0371068
0 0.344499 0.941232 0.212436 0.117535
0 0.765875 0.741455 0.0451075 0.0442965
0 0.0670669 0.652868 0.0421913 0.0359055
0 0.758108 0.743434 0.0601341 0.0445332
0 0.0335935 0.651905 0.0278303 0.0305227
0 0.370085 0.773283 0.162683 0.0860078
0 0.987222 0.73813 0.0239574 0.0425285
0 0.71712 0.740525 0.0602056 0.0407033
0 0.37911 0.76063 0.126152 0.0664487
0 0.0410835 0.652033 0.0433074 0.0351528
0 0.309579 0.758099 0.0981174 0.058202
0 0.738666 0.742828 0.104668 0.0477741
0 0.687953 0.734678 0.0661572 0.0471053
0 0.310379 0.765844 0.171903 0.0739621
0 0.273533 0.941528 0.238564 0.104277
0 0.953321 0.750169 0.093358 0.070492
0 0.676924 0.737154 0.0916797 0.0490611
0 0.325231 0.756531 0.108135 0.0628855
0 0.238765 0.764231 0.0934231 0.0583158
0 0.802311 0.800317 0.0673313 0.0588694
0 0.774566 0.801323 0.130682 0.0569842
0 0.287509 0.835154 0.238262 0.108021
0 0.277533 0.831425 0.212117 0.0783109
0 0.78487 0.798244 0.101412 0.0542803
0 0.75464 0.800342 0.0910964 0.0508108
0 0.746686 0.821592 0.126695 0.063207
0 0.211267 0.869306 0.269463 0.109967
0 0.243646 0.865702 0.213913 0.0945831
0 0.765635 0.820713 0.0861301 0.0644234
0 0.189293 0.87088 0.248468 0.0845446
0 0.192549 0.894233 0.278443 0.120008
0 0.739269 0.827091 0.138731 0.0669322
0 0.762722 0.826834 0.0861963 0.0660545
0 0.888739 0.966109 0.222522 0.067783
0 0.227426 0.971641 0.166887 0.0567186
0 0.884738 0.921442 0.230523 0.15013
0 0.6217 0.889034 0.320276 0.15239
0 0.594039 0.879908 0.251783 0.14073
0 0.466195 0.888644 0.309223 0.150679
0 0.909581 0.710699 0.0928564 0.0491327
0 0.922269 0.711064 0.0672239 0.0514722
0 0.419249 0.88431 0.207489 0.141136
0 0.896603 0.710052 0.145318 0.0539647
0 0.759794 0.716167 0.0533813 0.0377219
0 0.766736 0.722479 0.071339 0.0414866
0 0.753477 0.71617 0.038331 0.0352058
0 0.350035 0.897927 0.312656 0.164967
0 0.655664 0.711871 0.0752443 0.0389628
0 0.796554 0.697888 0.0635044 0.0502848
0 0.776477 0.697737 0.110405 0.0491001
0 0.292372 0.897697 0.193334 0.149208
0 0.254705 0.908156 0.339285 0.159307
0 0.700579 0.69321 0.093742 0.049652
0 0.716063 0.692958 0.0586301 0.0515163
0 0.580336 0.711532 0.0756115 0.0388006
0 0.18832 0.914233 0.198922 0.149417
0 0.579707 0.717116 0.0826017 0.0400785
0 0.305479 0.925522 0.323308 0.146686
0 0.781399 0.712173 0.105309 0.0511047
0 0.654001 0.73511 0.079538 0.0438553
0 0.650001 0.729555 0.0684261 0.0410309
0 0.795538 0.711653 0.0754187 0.0546408
0 0.258981 0.933487 0.315071 0.123072
0 0.23273 0.931969 0.326447 0.135544
0 0.715319 0.706531 0.0949718 0.0541641
0 0.703618 0.706873 0.129435 0.0578143
0 0.730208 0.705114 0.0669218 0.0546407
0 0.703885 0.708296 0.17655 0.0628712
0 0.592175 0.733747 0.0876205 0.0417328
0 0.679544 0.708006 0.117222 0.0560417
0 0.586141 0.728445 0.0695955 0.0396108
0 0.234882 0.943128 0.348643 0.106378
0 0.730626 0.718081 0.124161 0.0537875
0 0.607324 0.739638 0.0730303 0.0457542
0 0.724409 0.72208 0.156877 0.0562673
0 0.599998 0.73549 0.0518832 0.0434153
0 0.754957 0.866075 0.118102 0.0867775
0 0.904132 0.819248 0.191737 0.0898389
0 0.780358 0.871617 0.173387 0.0869213
0 0.801922 0.879078 0.203816 0.0799309
0 0.895043 0.830292 0.209914 0.12534
0 0.83906 0.796768 0.0924418 0.0696025
0 0.929815 0.871517 0.140369 0.0920232
0 0.841275 0.950977 0.186145 0.0975769
0 0.81945 0.946375 0.123047 0.0955997
0 0.871734 0.870139 0.251332 0.130581
0 0.90259 0.87177 0.19482 0.119351
0 0.743632 0.940078 0.144916 0.102508
0 0.789963 0.948161 0.287867 0.0997026
0 0.860431 0.859614 0.260424 0.125636
0 0.891305 0.859103 0.21739 0.112803
0 0.770778 0.936594 0.252198 0.124279
0 0.730281 0.938436 0.173956 0.103092
0 0.885958 0.745149 0.0873219 0.0526868
0 0.871846 0.743446 0.12659 0.053006
0 0.799674 0.736426 0.0951494 0.0526245
0 0.868028 0.742725 0.173477 0.0573423
0 0.804024 0.73991 0.122406 0.053914
0 0.840032 0.740487 0.161339 0.0539749
0 0.786912 0.731608 0.0674353 0.048807
0 0.830069 0.736124 0.0639013 0.0551298
0 0.735909 0.730201 0.0873692 0.0526148
0 0.812698 0.735363 0.101783 0.055019
0 0.752199 0.73248 0.140642 0.052474
0 0.786638 0.733843 0.14029 0.0523516
0 0.725656 0.725321 0.0641333 0.0505559
0 0.807189 0.734277 0.0625767 0.0585748
0 0.786571 0.735004 0.106945 0.0567435
0 0.709315 0.723211 0.0769104 0.05328
0 0.719141 0.726986 0.10767 0.0552353
0 0.696752 0.721668 0.0496681 0.0493261
0 0.738896 0.729993 0.148004 0.0531591
0 0.775981 0.733509 0.156884 0.05805
0 0.776085 0.793717 0.132683 0.0736383
0 0.696565 0.786891 0.117604 0.0708444
0 0.71803 0.788295 0.167417 0.0711571
0 0.751292 0.792683 0.190555 0.0722703
0 0.801212 0.795285 0.0777638 0.0734578
0 0.680457 0.780512 0.0827618 0.0733696
0 0.729827 0.881137 0.269477 0.130081
0 0.72655 0.895418 0.284565 0.140811
0 0.762605 0.8797 0.185876 0.0964645
0 0.971421 0.927865 0.0571587 0.100265
0 0.499227 0.864673 0.168046 0.093229
0 0.978947 0.72917 0.0420471 0.0417397
0 0.973219 0.931011 0.0522108 0.137978
0 0.739397 0.892884 0.264769 0.13144
0 0.604571 0.614379 0.0461508 0.0459579
0 0.150913 0.90447 0.267192 0.128898
0 0.714313 0.699501 0.0439199 0.0430623
0 0.660765 0.696985 0.0419138 0.033953
0 0.18853 0.896379 0.205404 0.12435
0 0.66378 0.700031 0.0521854 0.0357702
0 0.593902 0.613386 0.0647247 0.0449366
