0 0.720264 0.939728 0.327147 0.120544
0 0.960382 0.649425 0.0324087 0.0389951
0 0.459833 0.622776 0.0546468 0.0458822
0 0.601282 0.712317 0.0552281 0.0431156
0 0.928181 0.679432 0.0464813 0.0339727
0 0.412224 0.675176 0.0423607 0.0314924
0 0.890415 0.678129 0.062394 0.0366002
0 0.952109 0.688096 0.0404961 0.0402621
0 0.618307 0.72177 0.0444437 0.041423
0 0.410258 0.677999 0.0395507 0.0317701
0 0.402045 0.678156 0.0575802 0.0345268
0 0.385675 0.679909 0.0536369 0.0352037
0 0.981234 0.65393 0.0335335 0.0349317
0 0.607356 0.722146 0.0668236 0.0452104
0 0.719738 0.950423 0.363746 0.096648
0 0.898952 0.680637 0.0370312 0.0329351
0 0.469241 0.628367 0.0414085 0.0422722
0 0.378024 0.679801 0.0369009 0.0331512
0 0.397643 0.61771 0.0315425 0.027248
0 0.551837 0.718749 0.0387414 0.0341746
0 0.463472 0.62663 0.0537914 0.046825
0 0.642689 0.737637 0.0514034 0.0434293
0 0.581626 0.730314 0.0534636 0.0365532
0 0.418634 0.620843 0.0389906 0.0322545
0 0.422844 0.684862 0.0509743 0.0358274
0 0.964638 0.695819 0.0707235 0.0416267
0 0.631985 0.735699 0.0737764 0.0486234
0 0.492704 0.630943 0.0344827 0.0395865
0 0.591161 0.733718 0.0729662 0.0416593
0 0.396591 0.684974 0.0399868 0.0336599
0 0.668925 0.813333 0.164285 0.0743706
0 0.42119 0.729603 0.0498704 0.042276
0 0.655596 0.80746 0.132698 0.0630825
0 0.977151 0.608934 0.0395714 0.0347684
0 0.378444 0.730936 0.0342711 0.0352821
0 0.694113 0.817541 0.088833 0.0720093
0 0.495157 0.654295 0.0538788 0.0422511
0 0.413365 0.729787 0.0681404 0.0447929
0 0.355192 0.815015 0.114334 0.0555651
0 0.340447 0.817665 0.0958121 0.0598131
0 0.482687 0.694857 0.051237 0.0465778
0 0.700295 0.955633 0.253567 0.0856336
0 0.357408 0.848089 0.123837 0.0679321
0 0.456063 0.590991 0.0352409 0.0306897
0 0.374884 0.845832 0.091416 0.0699327
0 0.49994 0.707683 0.0570452 0.0398588
0 0.497576 0.610914 0.0293889 0.0307964
0 0.760858 0.985462 0.168187 0.0290766
0 0.542095 0.609604 0.0327618 0.0299693
0 0.501717 0.611261 0.042107 0.0317955
0 0.41281 0.68142 0.085399 0.066466
0 0.467866 0.699292 0.0435938 0.0415492
0 0.465857 0.758875 0.0811227 0.0535456
0 0.475555 0.758591 0.0587299 0.0508972
0 0.368941 0.719398 0.0940505 0.0762471
0 0.276557 0.969268 0.253944 0.0614637
0 0.472605 0.622434 0.0303804 0.0292814
0 0.393879 0.801755 0.246999 0.137747
0 0.428732 0.881167 0.190006 0.0893466
0 0.463983 0.76352 0.0579182 0.0547975
0 0.425898 0.612937 0.0477613 0.030943
0 0.436977 0.612613 0.037392 0.0297577
0 0.415914 0.816466 0.267629 0.131068
0 0.449268 0.939347 0.208406 0.115037
0 0.418919 0.868738 0.267685 0.23543
0 0.348801 0.90484 0.34788 0.182886
0 0.720227 0.628832 0.0436214 0.0357246
0 0.553535 0.676379 0.0469766 0.0377864
0 0.440635 0.62949 0.0366034 0.0289533
0 0.304008 0.910449 0.241336 0.163799
0 0.591223 0.761154 0.0581695 0.0589846
0 0.837711 0.670848 0.0529366 0.0416508
0 0.568539 0.75788 0.108284 0.0595339
0 0.503687 0.754384 0.0904717 0.0647196
0 0.549953 0.754086 0.156975 0.0693741
0 0.379061 0.676865 0.039928 0.0342834
0 0.822971 0.671272 0.077198 0.0416924
0 0.789316 0.668473 0.044963 0.0332745
0 0.452346 0.667867 0.0350126 0.037443
0 0.388044 0.674339 0.0584648 0.0366316
0 0.520016 0.754664 0.133615 0.0725147
0 0.781955 0.665224 0.0375443 0.0312566
0 0.432294 0.666992 0.0503742 0.038099
0 0.440736 0.667446 0.052725 0.0407127
0 0.805264 0.670072 0.0678694 0.0381686
0 0.953612 0.751494 0.0927759 0.0680573
0 0.39965 0.747596 0.112692 0.0625968
0 0.317073 0.764369 0.0535937 0.039618
0 0.376516 0.748866 0.117846 0.067325
0 0.573422 0.940035 0.342803 0.119931
0 0.43234 0.742911 0.0576026 0.0421865
0 0.42298 0.744116 0.0803864 0.0470996
0 0.335268 0.761243 0.0901988 0.0534147
0 0.932332 0.750807 0.135337 0.0653338
0 0.325196 0.759914 0.068748 0.0470886
0 0.350277 0.758256 0.112511 0.0555428
0 0.367585 0.816046 0.168402 0.101879
0 0.348632 0.821839 0.233158 0.11235
0 0.98229 0.787388 0.0321583 0.0349433
0 0.582447 0.952495 0.363957 0.0902021
1 0.597829 0.701856 0.0601624 0.050194
1 0.612537 0.772489 0.0866096 0.0678346
1 0.606234 0.769921 0.112445 0.0751973
1 0.568255 0.764187 0.0558538 0.0564496
1 0.598061 0.925965 0.205759 0.148069
1 0.143229 0.806279 0.273248 0.373531
0 0.82245 0.833178 0.185581 0.0981679
0 0.658013 0.813759 0.17162 0.0996253
0 0.830371 0.957937 0.166829 0.0841257
0 0.975878 0.667567 0.0479889 0.0405057
0 0.953409 0.663815 0.0403442 0.0363071
0 0.856104 0.953685 0.287792 0.0873352
0 0.559181 0.806706 0.180197 0.102053
0 0.794764 0.605502 0.0517412 0.0546336
0 0.774372 0.945525 0.300456 0.106781
0 0.504053 0.807248 0.0928007 0.0734764
1 0.963242 0.63843 0.0464668 0.0531147
0 0.905601 0.656437 0.0466331 0.040121
0 0.486358 0.807381 0.183557 0.101394
0 0.69037 0.940042 0.255635 0.119917
0 0.723536 0.603909 0.0494519 0.0524783
0 0.527996 0.936483 0.218793 0.127033
0 0.345345 0.810633 0.17655 0.104887
0 0.674391 0.639351 0.0392649 0.0383069
0 0.321316 0.816814 0.144463 0.100182
0 0.272455 0.814753 0.0747838 0.0648031
0 0.315902 0.873068 0.221872 0.149224
0 0.604816 0.602557 0.0535517 0.051741
1 0.750118 0.628614 0.0421382 0.0549662
0 0.644636 0.653075 0.0392218 0.0323654
0 0.698156 0.653107 0.048739 0.0497068
0 0.812584 0.642876 0.0382235 0.0392921
0 0.298401 0.876461 0.227814 0.148212
0 0.593134 0.602686 0.0483828 0.0515654
1 0.734951 0.628458 0.0361155 0.0481735
0 0.630325 0.652242 0.0366819 0.0321082
0 0.684012 0.649446 0.0470667 0.0550865
0 0.798125 0.641452 0.0354779 0.0370243
0 0.980144 0.674167 0.0336796 0.039018
0 0.816903 0.684062 0.0534147 0.047597
0 0.973056 0.674184 0.0515663 0.0375051
0 0.949959 0.672099 0.0351475 0.0309704
0 0.749794 0.681048 0.0490003 0.0375554
0 0.380596 0.942774 0.301922 0.101972
0 0.959815 0.673159 0.0538418 0.0342138
0 0.373491 0.951971 0.233158 0.0891239
0 0.396785 0.94592 0.19219 0.10702
1 0.873118 0.65673 0.0427414 0.0514765
0 0.807449 0.686065 0.0791971 0.0475767
1 0.878692 0.659356 0.0388651 0.0513967
0 0.757325 0.685069 0.0700089 0.0420943
0 0.238311 0.981202 0.0980745 0.0366394
0 0.927386 0.665231 0.0412451 0.0411816
0 0.919192 0.666223 0.0527023 0.0389175
0 0.9094 0.667239 0.0494476 0.0347674
0 0.769732 0.681207 0.0533598 0.0487017
0 0.8976 0.667218 0.035154 0.0314011
0 0.321426 0.957786 0.235588 0.0740542
0 0.342272 0.951286 0.328272 0.0911741
0 0.205657 0.985251 0.128731 0.0294974
0 0.701415 0.679308 0.0456526 0.0355349
0 0.863834 0.662769 0.0532871 0.0387811
1 0.784149 0.6528 0.0351355 0.0455238
0 0.729761 0.679042 0.0454284 0.0451307
0 0.871871 0.662503 0.0391048 0.0398384
0 0.660094 0.677702 0.04466 0.0368432
0 0.276491 0.958751 0.226564 0.0756968
0 0.851649 0.661882 0.0491806 0.0372458
0 0.762276 0.700254 0.0528004 0.0440105
0 0.92031 0.678477 0.0608622 0.0403338
0 0.628389 0.611848 0.0367548 0.0483472
0 0.630689 0.636478 0.0348561 0.0308729
0 0.58061 0.609696 0.0293859 0.0314377
0 0.683802 0.692476 0.0425528 0.0387037
0 0.905626 0.678103 0.0848219 0.0383223
0 0.745055 0.699142 0.0909788 0.0487555
0 0.630315 0.604315 0.0293547 0.0341273
0 0.737293 0.669153 0.0323332 0.0318573
0 0.914117 0.781552 0.171765 0.07767
0 0.891725 0.780597 0.199735 0.0684212
1 0.544308 0.753677 0.0231289 0.0349784
0 0.858163 0.779159 0.140664 0.0666522
0 0.939151 0.784778 0.101471 0.069943
0 0.663665 0.626983 0.0492512 0.0334483
0 0.658244 0.628362 0.0320114 0.0317169
0 0.920837 0.829077 0.158325 0.0884639
0 0.725446 0.684075 0.03112 0.0312014
0 0.753019 0.684437 0.0396242 0.0338935
0 0.733197 0.682989 0.0453791 0.0318375
0 0.666921 0.635562 0.0346352 0.0297056
0 0.685834 0.681816 0.0393579 0.0309874
0 0.677862 0.681133 0.0558386 0.0331254
0 0.892646 0.813723 0.210196 0.0922946
0 0.849005 0.810443 0.187855 0.0834605
0 0.859019 0.808509 0.264256 0.0872462
0 0.663743 0.680143 0.043787 0.0321307
0 0.658334 0.679514 0.0574083 0.0358348
0 0.869289 0.811999 0.19166 0.094561
0 0.810742 0.80888 0.146506 0.0811132
0 0.584911 0.634933 0.0307534 0.0307233
0 0.589005 0.632768 0.0360653 0.0314273
0 0.846928 0.813011 0.236222 0.113481
0 0.670187 0.680543 0.0313301 0.0313638
0 0.910843 0.930301 0.178313 0.135829
0 0.68914 0.719593 0.041968 0.041111
0 0.656923 0.716382 0.0522649 0.0346835
0 0.671532 0.653914 0.0352251 0.0358517
0 0.67617 0.656724 0.0285978 0.0327866
0 0.678 0.720749 0.0623358 0.0416186
0 0.578068 0.654061 0.034856 0.0304624
0 0.670162 0.717253 0.0705994 0.0396131
0 0.584042 0.650201 0.0441963 0.0339452
0 0.588161 0.653605 0.0584106 0.0346085
0 0.740326 0.838713 0.119338 0.0625877
0 0.710263 0.711382 0.0357456 0.0338935
0 0.787467 0.627339 0.0319842 0.0305787
0 0.590778 0.704035 0.0670078 0.0499959
0 0.76258 0.841671 0.0735817 0.0646987
0 0.719342 0.834451 0.100376 0.0628716
0 0.602035 0.707376 0.0931335 0.0520638
0 0.690976 0.706592 0.0714418 0.0416908
0 0.845717 0.942837 0.17803 0.102377
0 0.647033 0.741023 0.0970768 0.064861
0 0.850972 0.641953 0.038953 0.0334722
0 0.663466 0.742046 0.139615 0.0595538
0 0.63648 0.735206 0.0731609 0.0704142
0 0.720708 0.73789 0.130073 0.0593023
0 0.781783 0.7514 0.0500851 0.0431648
0 0.712046 0.739346 0.181459 0.0608981
0 0.74988 0.741301 0.152591 0.050657
0 0.774494 0.747264 0.0652063 0.0449303
0 0.685363 0.738908 0.150052 0.0582104
0 0.760383 0.743199 0.10655 0.0461586
0 0.824281 0.939534 0.136666 0.0887341
0 0.673311 0.841993 0.25317 0.127705
0 0.829251 0.666285 0.0497303 0.0423383
0 0.765624 0.674638 0.0964691 0.0532424
0 0.632806 0.839927 0.160885 0.10602
0 0.756602 0.836962 0.245351 0.0808464
0 0.747405 0.675746 0.0837662 0.0496922
0 0.648626 0.84012 0.244453 0.104659
0 0.682846 0.844505 0.346366 0.119184
0 0.553775 0.901902 0.354233 0.168056
0 0.515368 0.896021 0.253226 0.168211
0 0.682395 0.669333 0.0558758 0.0452815
0 0.444578 0.924342 0.33024 0.144136
0 0.619789 0.677402 0.0509047 0.0426963
0 0.96928 0.653503 0.040999 0.0392413
0 0.39974 0.923027 0.223916 0.144923
0 0.591067 0.698338 0.0620949 0.0544189
0 0.579324 0.69962 0.0866127 0.0528194
0 0.477989 0.732437 0.0512894 0.0360228
0 0.482037 0.728287 0.0610129 0.0427701
0 0.621826 0.763738 0.140417 0.0766378
0 0.564734 0.834037 0.193534 0.0714235
0 0.614236 0.772506 0.178067 0.0934077
0 0.517162 0.8282 0.107634 0.0634238
0 0.533045 0.834899 0.164416 0.0681115
0 0.657522 0.80939 0.216397 0.0959694
0 0.578245 0.925825 0.216919 0.114472
0 0.668263 0.813201 0.140759 0.0935374
0 0.553573 0.916173 0.190992 0.0935177
0 0.641019 0.852514 0.254585 0.129085
0 0.635181 0.972169 0.187957 0.0556625
0 0.636481 0.969821 0.253415 0.0603576
0 0.536587 0.967797 0.193264 0.0642813
0 0.942616 0.75839 0.114767 0.0602877
0 0.941291 0.751205 0.0991791 0.0641617
0 0.912007 0.75615 0.118695 0.0609411
0 0.832592 0.743348 0.10706 0.057711
0 0.856831 0.746382 0.166673 0.0573822
0 0.903469 0.75205 0.158749 0.0592935
0 0.878674 0.74984 0.159849 0.0550426
0 0.931468 0.75436 0.07346 0.0559734
0 0.859526 0.747033 0.0935806 0.055021
0 0.845696 0.745722 0.128694 0.0554619
0 0.870791 0.747478 0.0687468 0.0588628
0 0.815895 0.742062 0.154322 0.055142
0 0.77523 0.737178 0.0939991 0.0532636
0 0.790776 0.740322 0.143912 0.0538574
0 0.761548 0.73333 0.0637362 0.0495265
0 0.889142 0.790547 0.0911848 0.0695366
0 0.877686 0.787473 0.121193 0.0672206
0 0.786874 0.776787 0.10811 0.0633123
0 0.864798 0.783168 0.17409 0.0719125
0 0.80402 0.780242 0.153052 0.064979
0 0.83873 0.778202 0.160886 0.0674199
0 0.761872 0.906873 0.294521 0.132698
0 0.766157 0.811351 0.106828 0.0686925
0 0.752158 0.813031 0.155416 0.0732384
0 0.783267 0.811658 0.0745327 0.070459
0 0.687909 0.825417 0.0967559 0.0564878
0 0.599027 0.808823 0.106318 0.0704325
0 0.588255 0.81291 0.159206 0.0755366
0 0.615511 0.806222 0.0790741 0.0740237
0 0.569918 0.818457 0.152528 0.0705535
0 0.962506 0.63187 0.0749884 0.0442368
0 0.97187 0.631959 0.0562597 0.045064
0 0.886273 0.887785 0.222403 0.126586
0 0.923098 0.70906 0.0403168 0.0391548
0 0.425113 0.809807 0.128002 0.0717681
0 0.800524 0.618252 0.05926 0.0434516
0 0.406868 0.819848 0.146569 0.0737418
0 0.442562 0.805871 0.0938202 0.0706627
0 0.788762 0.619196 0.0864321 0.0456202
0 0.851596 0.699442 0.0340117 0.0321693
0 0.766502 0.619602 0.106993 0.0461525
0 0.4204 0.81289 0.179405 0.0747894
0 0.35114 0.841303 0.0825626 0.0595919
0 0.876559 0.881858 0.201022 0.0923814
0 0.796183 0.870544 0.253525 0.118177
0 0.325805 0.82015 0.135468 0.0777507
0 0.806999 0.698256 0.041666 0.0389039
0 0.30836 0.83151 0.145999 0.079893
0 0.708375 0.61186 0.0431139 0.0443282
0 0.342522 0.813421 0.0987017 0.0747574
0 0.767182 0.865338 0.188336 0.0837842
0 0.631509 0.649213 0.0582901 0.0357105
0 0.751156 0.694328 0.0451645 0.0361843
0 0.733933 0.864232 0.239149 0.116514
0 0.264643 0.83681 0.158585 0.0799116
0 0.746883 0.694014 0.0430185 0.0425992
0 0.268711 0.829275 0.129197 0.0713233
0 0.656648 0.61245 0.0386789 0.0444392
0 0.242928 0.842642 0.156475 0.0846074
0 0.575398 0.645731 0.0615578 0.0368772
0 0.662 0.842841 0.0850252 0.0813536
0 0.655144 0.855133 0.229498 0.114607
0 0.165593 0.855377 0.191023 0.0836058
0 0.665852 0.689909 0.0410273 0.0387538
0 0.614995 0.687273 0.0335934 0.0319338
0 0.637168 0.85023 0.217836 0.0932269
0 0.613544 0.581146 0.0262926 0.027408
0 0.17503 0.846085 0.1624 0.0819631
0 0.508634 0.648598 0.0485414 0.0311424
0 0.497854 0.646418 0.0498116 0.0342218
0 0.718136 0.940072 0.322407 0.119856
0 0.0977708 0.943349 0.18864 0.103267
0 0.702807 0.71852 0.0675827 0.0472466
0 0.603007 0.620839 0.0411499 0.0432583
0 0.565652 0.619359 0.0728349 0.0469559
0 0.6503 0.715355 0.0444334 0.03375
0 0.498889 0.665912 0.0334171 0.0305864
0 0.548005 0.613656 0.0467827 0.0366066
0 0.554609 0.614154 0.0581978 0.0411001
0 0.507262 0.66545 0.0491357 0.0333499
0 0.592205 0.621719 0.0617929 0.0456629
0 0.707991 0.939716 0.326688 0.120569
0 0.0866304 0.947048 0.164779 0.0990481
0 0.692121 0.717083 0.0583773 0.044172
0 0.591949 0.620716 0.0399391 0.0424266
0 0.55195 0.61905 0.0730711 0.0464461
0 0.64149 0.713723 0.0557974 0.0342567
0 0.53635 0.613575 0.0484433 0.037173
0 0.486605 0.665132 0.0328256 0.0310485
0 0.494213 0.66526 0.0476492 0.0332225
0 0.770712 0.781839 0.112943 0.058153
0 0.787667 0.783314 0.081271 0.0601334
0 0.549601 0.697579 0.0611855 0.0366147
0 0.756949 0.776487 0.152524 0.0569555
0 0.533745 0.696685 0.0627231 0.0348476
0 0.632462 0.636763 0.0597742 0.058051
0 0.524462 0.697462 0.0423199 0.0335547
0 0.801513 0.869386 0.175634 0.084398
0 0.610474 0.661916 0.0790236 0.0558926
0 0.527181 0.744967 0.0634135 0.0457054
0 0.509697 0.745975 0.0976339 0.0459773
0 0.500056 0.743859 0.0706638 0.0412498
0 0.762308 0.866007 0.115775 0.0666941
0 0.492107 0.744898 0.0499792 0.0400129
0 0.820508 0.878606 0.153677 0.0873029
0 0.657634 0.726236 0.0422386 0.0403987
0 0.668429 0.802243 0.107378 0.0618258
0 0.567929 0.745019 0.131292 0.0902712
0 0.662671 0.802714 0.16487 0.0640714
0 0.628225 0.632607 0.0368319 0.0343919
0 0.258788 0.740211 0.0430821 0.0379588
0 0.249812 0.821206 0.130399 0.0650103
0 0.149869 0.783976 0.168167 0.0982326
0 0.245538 0.643201 0.0448446 0.0348399
0 0.849617 0.625758 0.0380203 0.0354836
0 0.248711 0.823429 0.180885 0.0691277
0 0.266842 0.819979 0.0903356 0.0667656
0 0.0318531 0.86523 0.0637063 0.0813038
0 0.973266 0.826692 0.0534677 0.0592882
0 0.63862 0.614777 0.0358364 0.0301338
0 0.0194458 0.775546 0.0388915 0.0512469
0 0.63289 0.61392 0.0467785 0.032679
0 0.964558 0.725494 0.0708837 0.0543447
0 0.023224 0.662606 0.0464481 0.0377892
0 0.92047 0.718449 0.0763214 0.0477598
0 0.974605 0.725739 0.0507895 0.0548698
0 0.857042 0.820455 0.129082 0.069006
0 0.489894 0.613021 0.0376454 0.0313525
0 0.828463 0.711003 0.0686493 0.0497383
0 0.841206 0.818535 0.175953 0.0704755
0 0.822131 0.81408 0.151516 0.0651202
0 0.814327 0.713401 0.102503 0.0558787
0 0.808986 0.806377 0.103466 0.0549798
0 0.875833 0.822267 0.0985317 0.0644536
0 0.67552 0.79804 0.151027 0.0715172
0 0.35621 0.614739 0.0393311 0.0305509
0 0.684467 0.69677 0.0533979 0.0479627
0 0.975952 0.71368 0.0457008 0.0351393
0 0.665109 0.791084 0.11681 0.0607531
0 0.697774 0.797414 0.118224 0.0671674
0 0.96712 0.712504 0.0644495 0.0378334
0 0.532665 0.692143 0.0460329 0.0460209
0 0.527043 0.789437 0.130368 0.0630552
0 0.81259 0.691005 0.040259 0.0322311
0 0.543465 0.786156 0.0885128 0.060417
0 0.104801 0.6263 0.0391849 0.0301478
0 0.804434 0.691841 0.0555042 0.0339068
0 0.50527 0.784065 0.11479 0.0563797
0 0.193528 0.623199 0.036743 0.0308525
0 0.963814 0.698369 0.0723715 0.0534178
0 0.454142 0.690133 0.040316 0.0438873
0 0.436443 0.792995 0.167922 0.0681534
0 0.0925135 0.628315 0.0347229 0.033136
0 0.447507 0.693495 0.0509745 0.0479808
0 0.427764 0.788889 0.132745 0.0598129
0 0.365465 0.696584 0.0530089 0.0399111
0 0.451658 0.788441 0.106989 0.0618276
0 0.716121 0.689026 0.0344238 0.0350815
0 0.428828 0.795547 0.132093 0.0698615
0 0.433638 0.697403 0.0598462 0.0471041
0 0.443201 0.793598 0.0988885 0.0632467
0 0.955127 0.703313 0.0897461 0.0524668
0 0.673828 0.687084 0.0328338 0.030596
0 0.366048 0.697728 0.0791456 0.0503643
0 0.442562 0.69589 0.0497738 0.0465068
0 0.409538 0.793795 0.119999 0.0648622
0 0.0679329 0.632008 0.0411592 0.0319761
0 0.354655 0.6986 0.0561162 0.0401808
0 0.964357 0.699852 0.0712851 0.053654
0 0.358351 0.693267 0.0638364 0.0498966
0 0.457606 0.872122 0.180426 0.0939443
0 0.794515 0.718208 0.049894 0.0407141
0 0.474878 0.72379 0.0591896 0.0621567
0 0.463312 0.725208 0.0798531 0.0643384
0 0.451849 0.729177 0.103184 0.072754
0 0.434869 0.870817 0.141142 0.0834389
0 0.748354 0.715939 0.0395947 0.032468
0 0.422081 0.861072 0.105151 0.0758293
0 0.474131 0.937528 0.200141 0.123013
0 0.851838 0.745273 0.0610397 0.0476758
0 0.161822 0.641754 0.0367534 0.041497
0 0.834964 0.74538 0.098834 0.0464625
0 0.469526 0.764477 0.123648 0.0888924
0 0.409862 0.751576 0.101948 0.052592
0 0.452869 0.770868 0.184553 0.0906822
0 0.808507 0.742518 0.0691866 0.0394582
0 0.402505 0.936895 0.204793 0.124182
0 0.0795232 0.651803 0.0401813 0.0396013
0 0.775449 0.734796 0.0604868 0.044791
0 0.403492 0.757909 0.125888 0.078452
0 0.403371 0.767164 0.148913 0.0945376
0 0.339166 0.753448 0.0941267 0.0560819
0 0.728567 0.732015 0.0420269 0.03507
0 0.827935 0.823437 0.148491 0.0646568
0 0.314247 0.855447 0.256514 0.108464
0 0.840793 0.82228 0.107348 0.0622871
0 0.288623 0.851642 0.211439 0.0891693
0 0.338856 0.847116 0.205406 0.0954694
0 0.823208 0.828551 0.14845 0.0664047
0 0.286927 0.878861 0.261106 0.119791
0 0.804634 0.823222 0.101016 0.0603958
0 0.852584 0.830016 0.0806759 0.0625518
0 0.269464 0.882042 0.258817 0.127463
0 0.808214 0.827737 0.152439 0.0673202
0 0.823471 0.828359 0.0999216 0.0648832
0 0.790928 0.823143 0.106646 0.0620819
0 0.902842 0.934424 0.184888 0.086511
0 0.221279 0.952216 0.327016 0.0851972
0 0.872302 0.926367 0.114184 0.080673
0 0.916981 0.973878 0.166038 0.0522437
0 0.736834 0.904106 0.36991 0.16459
0 0.6844 0.896476 0.240749 0.144601
0 0.567233 0.895323 0.313516 0.160693
0 0.96891 0.729797 0.0621807 0.075735
0 0.970272 0.71655 0.0594554 0.0505506
0 0.522023 0.885212 0.213218 0.140584
0 0.431221 0.89491 0.303512 0.160988
0 0.910389 0.711005 0.0640751 0.0506878
0 0.884604 0.710438 0.130057 0.0522357
0 0.752228 0.72338 0.0717911 0.0424927
0 0.742588 0.720884 0.05086 0.0376254
0 0.297675 0.90001 0.318031 0.166342
0 0.767657 0.697587 0.0600855 0.0508446
0 0.628305 0.712067 0.0751961 0.0391747
0 0.75334 0.697005 0.0906577 0.0483363
0 0.235844 0.904937 0.190644 0.150076
0 0.677528 0.711756 0.0693082 0.0546361
0 0.220059 0.909139 0.332028 0.15849
0 0.701022 0.690906 0.0545429 0.0478668
0 0.690743 0.692305 0.0779476 0.0480494
0 0.161788 0.913495 0.216375 0.147132
0 0.561924 0.712304 0.0651518 0.0391566
0 0.564341 0.717234 0.0812569 0.0386897
0 0.30152 0.937455 0.313502 0.124315
0 0.795158 0.725227 0.15029 0.0649441
0 0.795913 0.729823 0.189986 0.0717472
0 0.818278 0.722895 0.0929611 0.0608377
0 0.772931 0.726319 0.152704 0.058429
0 0.209963 0.939632 0.327568 0.120737
0 0.718639 0.713943 0.107925 0.0510427
0 0.590814 0.732918 0.0652762 0.0462591
0 0.732812 0.712829 0.0795208 0.0547071
0 0.868902 0.820994 0.20481 0.0985891
0 0.684549 0.871024 0.104726 0.0881165
0 0.845676 0.827742 0.221282 0.116486
0 0.73016 0.88158 0.197007 0.082326
0 0.752597 0.893363 0.205215 0.0794909
0 0.870701 0.893705 0.250193 0.148469
0 0.72884 0.952929 0.211077 0.0922609
0 0.840856 0.97739 0.140026 0.0452194
0 0.841848 0.886535 0.284204 0.140898
0 0.680405 0.953142 0.190443 0.0927205
1 0.365961 0.705221 0.02999 0.0327911
0 0.813155 0.883458 0.286174 0.137805
0 0.665378 0.952263 0.205958 0.0925774
0 0.906479 0.972742 0.184355 0.0528912
0 0.924558 0.762862 0.150883 0.0640144
0 0.911414 0.756884 0.112154 0.0597232
0 0.950015 0.766783 0.0999707 0.0651881
0 0.900716 0.75352 0.0847221 0.0610446
0 0.80897 0.74492 0.103305 0.0521507
0 0.797222 0.743734 0.140764 0.055158
0 0.72187 0.733852 0.0709677 0.054046
0 0.821327 0.745287 0.0722532 0.0560537
0 0.73353 0.737534 0.101869 0.0552369
0 0.763458 0.741432 0.154128 0.0535948
0 0.699038 0.81586 0.112653 0.0750387
0 0.795713 0.825383 0.135085 0.0839214
0 0.782763 0.819285 0.194808 0.0861712
0 0.719762 0.820226 0.170726 0.0730425
0 0.747759 0.820328 0.224988 0.0795294
0 0.658953 0.895405 0.279354 0.136996
0 0.678047 0.923899 0.317071 0.146759
0 0.89073 0.900373 0.198704 0.111153
0 0.647281 0.864084 0.16409 0.0989666
0 0.965749 0.679911 0.0450554 0.0322364
0 0.945853 0.622465 0.0334637 0.0294904
0 0.958026 0.905755 0.0839488 0.0957489
0 0.491297 0.86048 0.155424 0.0991915
0 0.760192 0.662376 0.0516272 0.0344393
0 0.776961 0.661855 0.0566498 0.0341916
0 0.818488 0.880748 0.27172 0.125476
0 0.296316 0.867825 0.178813 0.105362
0 0.764731 0.694086 0.0507804 0.0403094
0 0.659924 0.613791 0.0395027 0.0430753
0 0.788046 0.872793 0.231949 0.0964389
0 0.273338 0.874401 0.223554 0.119929
0 0.759394 0.870395 0.248167 0.115968
0 0.726982 0.690536 0.0397202 0.0355161
0 0.247318 0.870508 0.181127 0.108056
0 0.749725 0.866145 0.224435 0.0886359
