1 0.783673 0.919319 0.269662 0.150061
1 0.821069 0.939992 0.318787 0.116245
1 0.657901 0.938106 0.147437 0.0863126
1 0.629644 0.940854 0.14195 0.0914139
1 0.290033 0.809189 0.0994771 0.0621094
1 0.193064 0.96391 0.283415 0.0721797
1 0.180232 0.966083 0.210352 0.0678347
1 0.266535 0.820967 0.202752 0.184605
1 0.220316 0.87533 0.244066 0.228635
1 0.187676 0.901475 0.305233 0.182731
1 0.356004 0.716877 0.0934422 0.0665661
1 0.517429 0.657663 0.0528433 0.0501396
1 0.379302 0.718442 0.0749712 0.0565823
1 0.355514 0.758175 0.123542 0.0718185
1 0.336082 0.757229 0.0980903 0.0710439
1 0.364623 0.758289 0.0940147 0.0650402
1 0.368658 0.769792 0.134754 0.0769932
1 0.348866 0.772695 0.108628 0.0739393
1 0.247341 0.906002 0.272397 0.179623
1 0.698672 0.721048 0.109512 0.0649445
1 0.759988 0.773476 0.12451 0.0783056
1 0.783049 0.774285 0.112151 0.080412
1 0.124185 0.800251 0.165085 0.0880765
1 0.131342 0.795467 0.119614 0.0795375
1 0.81401 0.806521 0.158142 0.0909142
1 0.104762 0.834108 0.179873 0.123025
1 0.885853 0.878162 0.19212 0.151078
1 0.0527112 0.890637 0.100593 0.110129
1 0.758311 0.729026 0.0810045 0.0521042
1 0.663436 0.720245 0.0799856 0.0520259
1 0.632287 0.714584 0.0872108 0.0589905
1 0.621148 0.725645 0.0783828 0.0564323
1 0.717946 0.812512 0.0977982 0.0774025
1 0.690934 0.813089 0.114028 0.0790024
1 0.678644 0.909515 0.189987 0.148605
1 0.605374 0.800482 0.137341 0.0926657
1 0.831231 0.936504 0.226666 0.126992
1 0.827516 0.600174 0.0460657 0.0528576
1 0.485519 0.797113 0.131563 0.092827
1 0.687632 0.933029 0.201817 0.13184
1 0.708081 0.589964 0.0323743 0.0333669
1 0.50052 0.79232 0.09531 0.0965302
1 0.389471 0.802214 0.142587 0.0929024
1 0.577433 0.923882 0.177005 0.137587
1 0.403021 0.79606 0.103319 0.0978129
1 0.612376 0.590237 0.0390165 0.0373156
1 0.369039 0.801815 0.131056 0.0913577
1 0.557901 0.922077 0.181051 0.13534
1 0.595413 0.586695 0.0370382 0.0352601
1 0.441858 0.846178 0.169679 0.121582
1 0.609559 0.972508 0.194607 0.0549843
1 0.772436 0.599506 0.0340904 0.0484392
1 0.307489 0.913856 0.219382 0.165556
1 0.685364 0.599232 0.03369 0.0469073
1 0.599162 0.59634 0.0477557 0.0475288
1 0.365653 0.94922 0.226009 0.0951012
1 0.750414 0.611255 0.0379276 0.0490336
1 0.837053 0.656034 0.0531538 0.0640589
1 0.822253 0.654757 0.0781712 0.0626829
1 0.639781 0.600624 0.0422377 0.0385685
1 0.653735 0.596424 0.0391043 0.0408318
1 0.314659 0.955214 0.205055 0.0894291
1 0.711322 0.67897 0.0408433 0.0440737
1 0.789844 0.654365 0.0439314 0.054061
1 0.706829 0.608269 0.0365036 0.0508486
1 0.653035 0.607921 0.0339527 0.0464708
1 0.566046 0.592991 0.0268112 0.032692
1 0.746271 0.660865 0.0430144 0.0581627
1 0.669223 0.693308 0.0473336 0.0561017
1 0.623596 0.693719 0.0359352 0.0481855
1 0.737316 0.656625 0.0462702 0.0629136
1 0.500312 0.78368 0.0291607 0.0370293
1 0.793616 0.770479 0.140836 0.0765945
1 0.792874 0.675971 0.0209341 0.0307088
1 0.840373 0.810885 0.145466 0.0986557
1 0.649034 0.615255 0.026177 0.0299686
1 0.547801 0.796675 0.0304578 0.044635
1 0.873275 0.837043 0.191216 0.117039
1 0.666872 0.623561 0.0357986 0.037118
1 0.725362 0.60724 0.0287196 0.0308784
1 0.472672 0.809779 0.0344839 0.0433957
1 0.888194 0.650835 0.0295097 0.0449801
1 0.764124 0.754796 0.0731605 0.0457842
1 0.776636 0.755787 0.0570403 0.041873
1 0.790445 0.818455 0.0696172 0.0565257
1 0.806538 0.823372 0.0971066 0.0598193
1 0.782395 0.815616 0.0488392 0.0526911
1 0.793791 0.831536 0.10034 0.0609701
1 0.77769 0.824161 0.0722826 0.0585297
1 0.92806 0.962667 0.143879 0.0746666
1 0.747288 0.751929 0.140594 0.0733475
1 0.57516 0.771079 0.161124 0.0791176
1 0.543384 0.773891 0.124465 0.0875816
1 0.53604 0.85441 0.271558 0.150215
1 0.639348 0.671453 0.138206 0.0580961
1 0.512595 0.916266 0.340452 0.167468
1 0.468949 0.910321 0.227122 0.163814
1 0.630919 0.687453 0.117441 0.060188
1 0.678543 0.788773 0.195426 0.15601
1 0.261712 0.689119 0.0250344 0.0319071
1 0.765276 0.892136 0.245276 0.209579
1 0.769518 0.971855 0.237814 0.0562899
1 0.817998 0.95556 0.364004 0.0861866
1 0.573043 0.942519 0.408807 0.114962
1 0.423221 0.942234 0.376302 0.115532
1 0.974983 0.742046 0.0498125 0.0522606
1 0.360471 0.954247 0.370124 0.0851646
1 0.877503 0.732309 0.0871418 0.0535301
1 0.85805 0.731256 0.0552626 0.0513902
1 0.298372 0.953628 0.353286 0.0898031
1 0.793201 0.722997 0.0757998 0.0579648
1 0.313466 0.963542 0.298823 0.0708328
1 0.723914 0.734139 0.0948824 0.0565858
1 0.715677 0.729849 0.0727276 0.0585701
1 0.748181 0.812239 0.16715 0.0871063
1 0.677973 0.89436 0.256881 0.144451
1 0.627139 0.805123 0.0804968 0.0710866
1 0.754419 0.86351 0.167196 0.107874
1 0.730771 0.864867 0.200739 0.122232
1 0.671112 0.854034 0.176385 0.106064
1 0.645225 0.856108 0.170003 0.111191
1 0.713862 0.936169 0.26572 0.127662
1 0.676436 0.941959 0.284991 0.116083
1 0.815535 0.905576 0.123688 0.0773853
1 0.794627 0.902779 0.123393 0.0766706
1 0.572196 0.890501 0.109369 0.0749359
1 0.976169 0.823048 0.0472668 0.0522967
1 0.859377 0.80844 0.0708939 0.0557271
1 0.987221 0.783064 0.0222267 0.041922
1 0.833585 0.710796 0.0414654 0.0521816
1 0.581111 0.786903 0.065168 0.0555555
1 0.891635 0.737826 0.0215101 0.0303059
1 0.735981 0.749697 0.030302 0.0369255
1 0.442786 0.787485 0.0709093 0.0562152
1 0.956046 0.700568 0.0879084 0.0529251
1 0.390007 0.790612 0.0629451 0.0569262
1 0.612744 0.747552 0.0307358 0.0445412
1 0.379469 0.792672 0.0816594 0.0600357
1 0.372339 0.795597 0.0595374 0.0599204
1 0.339846 0.79826 0.0624498 0.0558853
1 0.460906 0.836924 0.108333 0.0722211
1 0.440449 0.838334 0.134452 0.0743785
1 0.472925 0.832685 0.0805245 0.0690374
1 0.306662 0.871688 0.125029 0.0837261
1 0.288499 0.876893 0.14166 0.086336
1 0.320897 0.86592 0.0910246 0.0793203
1 0.646734 0.709931 0.0309541 0.0351852
1 0.333393 0.952699 0.204889 0.0946015
1 0.298526 0.950974 0.107516 0.0858612
1 0.753866 0.74512 0.0394318 0.0422478
1 0.317598 0.9539 0.153174 0.0903619
1 0.352963 0.78554 0.136333 0.117993
1 0.291345 0.949975 0.199648 0.10005
1 0.968939 0.741552 0.0621225 0.0531433
1 0.304309 0.78363 0.14299 0.106832
1 0.269418 0.954014 0.148072 0.0919721
1 0.692592 0.741548 0.0561998 0.0458702
1 0.70099 0.74154 0.0384346 0.0435715
1 0.956413 0.742176 0.0871735 0.0526695
1 0.23752 0.952768 0.234536 0.0944641
1 0.221453 0.957262 0.158011 0.0854759
1 0.932382 0.74652 0.135237 0.0701589
1 0.6623 0.732696 0.0341953 0.0434901
1 0.92017 0.746285 0.15966 0.0722748
1 0.230566 0.954931 0.266974 0.0900054
1 0.218595 0.957904 0.192444 0.0841929
1 0.653928 0.734211 0.0492644 0.0460428
1 0.918275 0.748138 0.16345 0.0760183
1 0.267111 0.789344 0.149904 0.117514
1 0.930355 0.748467 0.13929 0.0743942
1 0.730328 0.800687 0.0512451 0.0548948
1 0.720458 0.802186 0.0779663 0.0557011
1 0.24433 0.849257 0.162128 0.106541
1 0.173061 0.879845 0.229472 0.134655
1 0.71237 0.818675 0.0864262 0.0643761
1 0.197938 0.876138 0.177162 0.11957
1 0.725944 0.818029 0.0518943 0.0611804
1 0.153015 0.894731 0.227543 0.154498
1 0.697422 0.815974 0.0842162 0.0631461
1 0.710643 0.815172 0.0520313 0.059373
1 0.180959 0.8907 0.159856 0.137063
1 0.803091 0.937915 0.126797 0.0825385
1 0.145711 0.958255 0.257572 0.0834906
1 0.888922 0.92018 0.222155 0.155474
1 0.661239 0.89668 0.281053 0.176365
1 0.24873 0.900786 0.273244 0.169703
1 0.730008 0.70111 0.0721235 0.0525146
1 0.708449 0.702774 0.113476 0.0557114
1 0.486706 0.814673 0.0270653 0.0346438
1 0.60476 0.712439 0.0254059 0.0345186
1 0.728373 0.703816 0.117661 0.0579778
1 0.608627 0.716228 0.0365138 0.0371106
1 0.151288 0.912651 0.290758 0.157979
1 0.63554 0.693779 0.0853758 0.0569466
1 0.622039 0.697042 0.126806 0.0636087
1 0.399668 0.819514 0.0274511 0.0321153
1 0.554656 0.717197 0.0572049 0.0407042
1 0.187768 0.93992 0.316623 0.12016
1 0.713062 0.732255 0.183234 0.0812162
1 0.716817 0.726259 0.131581 0.0717539
1 0.463224 0.878771 0.0276623 0.0330303
1 0.237071 0.940622 0.21747 0.114118
1 0.618093 0.746885 0.0570369 0.042444
1 0.646725 0.721438 0.124137 0.0678889
1 0.64282 0.725492 0.162957 0.0775654
1 0.160884 0.9471 0.253151 0.0999986
1 0.394586 0.882095 0.0249685 0.0296618
1 0.544036 0.740448 0.0393884 0.0415733
1 0.670228 0.718465 0.102387 0.0609781
1 0.611163 0.719403 0.132634 0.0620773
1 0.112864 0.955043 0.210901 0.0899142
1 0.35604 0.887481 0.0256022 0.0325
1 0.610755 0.723768 0.177869 0.0742048
1 0.616169 0.714875 0.101646 0.0603956
1 0.634363 0.716479 0.0908583 0.0598412
1 0.535598 0.746708 0.0841385 0.0432343
1 0.623705 0.724592 0.124573 0.0674175
1 0.621674 0.729554 0.155451 0.0769077
1 0.358215 0.905464 0.0258008 0.0341749
1 0.519431 0.747782 0.0419555 0.042615
1 0.11446 0.961139 0.22892 0.0752429
1 0.647207 0.720818 0.0871399 0.0633972
1 0.534498 0.751106 0.0729701 0.04813
1 0.72021 0.799973 0.185517 0.091768
1 0.599995 0.860549 0.127877 0.0663071
1 0.704959 0.809903 0.17804 0.129443
1 0.751381 0.867094 0.206638 0.142675
1 0.616426 0.946415 0.202155 0.0949574
1 0.714358 0.861396 0.195961 0.139844
1 0.57693 0.943241 0.193001 0.0994712
1 0.817185 0.925114 0.295099 0.149773
1 0.961796 0.786707 0.076409 0.0625109
1 0.863689 0.771704 0.0892385 0.0642606
1 0.844881 0.768805 0.128657 0.067233
1 0.805541 0.766676 0.117828 0.0653175
1 0.714076 0.755787 0.10177 0.0576337
1 0.763563 0.758853 0.0842724 0.0626867
1 0.739464 0.757572 0.0961086 0.0637498
1 0.712072 0.755951 0.119721 0.064016
1 0.696724 0.753602 0.0992401 0.0577014
1 0.803375 0.829786 0.178248 0.0876113
1 0.744099 0.827614 0.127733 0.079185
1 0.643736 0.896799 0.259113 0.147339
1 0.899416 0.930503 0.193986 0.138994
1 0.829835 0.918678 0.252081 0.139661
1 0.785473 0.913238 0.246227 0.137048
1 0.801469 0.680732 0.0350422 0.0431953
