0 0.807034 0.926106 0.32196 0.144166
0 0.943598 0.674662 0.0603155 0.0361348
0 0.953199 0.671361 0.0480103 0.0420837
0 0.640603 0.712376 0.0486287 0.0358556
0 0.646859 0.714169 0.0392401 0.033352
0 0.482747 0.623913 0.0467159 0.0380412
0 0.979839 0.650302 0.0403217 0.0432007
0 0.439313 0.67431 0.0432365 0.0326331
0 0.907931 0.675488 0.0490658 0.0341761
0 0.416884 0.613834 0.0355835 0.0317576
0 0.586977 0.711128 0.0504524 0.0364738
0 0.631491 0.710631 0.0634041 0.0399518
0 0.668349 0.730045 0.0674996 0.0442843
0 0.611457 0.731023 0.0417553 0.0350725
0 0.972191 0.693749 0.0525839 0.0399077
0 0.679135 0.734516 0.0528812 0.04418
0 0.424651 0.619021 0.0329246 0.0288854
0 0.42931 0.620668 0.0416347 0.0310155
1 0.643216 0.677284 0.0287622 0.0424286
0 0.447784 0.684863 0.0543669 0.0369846
0 0.6162 0.734534 0.0561563 0.0383321
0 0.423461 0.685321 0.0412241 0.0342883
0 0.50808 0.632169 0.0345274 0.0375003
0 0.718209 0.810878 0.124301 0.0621737
0 0.735022 0.814081 0.0764073 0.0622518
0 0.70261 0.804284 0.148003 0.0625257
0 0.440323 0.729607 0.059124 0.0427825
0 0.680729 0.804123 0.125336 0.0574819
0 0.500653 0.654287 0.0590992 0.0432037
0 0.363882 0.857022 0.139172 0.0670588
0 0.469946 0.611367 0.0352609 0.0313749
0 0.481206 0.709118 0.0658916 0.0450183
0 0.425482 0.590771 0.0373661 0.0298706
0 0.806113 0.982722 0.145925 0.034557
0 0.435494 0.697252 0.0385033 0.0383661
0 0.436548 0.753473 0.0793102 0.0542714
0 0.42769 0.755584 0.112295 0.0570423
0 0.336245 0.716778 0.0939513 0.0682266
0 0.267009 0.969602 0.263179 0.0607951
0 0.419358 0.760782 0.0554946 0.049218
0 0.393106 0.872466 0.178028 0.0890741
0 0.974269 0.644615 0.0397861 0.0342333
0 0.374679 0.613315 0.0462898 0.0301807
0 0.337103 0.804582 0.222951 0.137055
0 0.477741 0.64242 0.0545872 0.0346311
0 0.366251 0.614226 0.0448859 0.0313414
0 0.433132 0.649408 0.0621787 0.0382585
0 0.265517 0.905115 0.33843 0.180433
0 0.641976 0.623024 0.0345739 0.0311826
0 0.367052 0.628373 0.0384059 0.030175
0 0.226694 0.908253 0.248477 0.165822
0 0.376713 0.628152 0.0311237 0.0285309
0 0.767068 0.668108 0.0511614 0.0439392
0 0.487567 0.759587 0.124447 0.0632617
0 0.504518 0.760483 0.0827082 0.0616926
0 0.478716 0.757037 0.16509 0.0683759
0 0.442024 0.758028 0.124884 0.0739095
0 0.429388 0.756615 0.0917307 0.0703847
0 0.323459 0.67909 0.0509192 0.0349149
0 0.748349 0.668131 0.077929 0.0425583
0 0.730383 0.663692 0.0517232 0.035717
0 0.315664 0.679649 0.0385948 0.0325022
0 0.463558 0.781065 0.173146 0.0837632
0 0.488347 0.786924 0.0990179 0.0679956
0 0.292163 0.692054 0.0410433 0.0351621
0 0.404389 0.785182 0.0937114 0.0789937
0 0.376459 0.680788 0.0344722 0.0312327
0 0.344141 0.680126 0.0580629 0.0380543
0 0.770152 0.678823 0.0732774 0.0445765
0 0.504313 0.788611 0.0703377 0.0670254
0 0.300906 0.689534 0.0603077 0.0365074
0 0.749542 0.6814 0.12239 0.0447708
0 0.365601 0.680663 0.0556594 0.0358154
0 0.420954 0.785206 0.1319 0.0854057
0 0.405455 0.929312 0.3196 0.138072
0 0.849382 0.738092 0.11153 0.0654795
0 0.288803 0.743156 0.110195 0.0613619
0 0.831781 0.736473 0.111029 0.0606684
0 0.204019 0.764797 0.0522028 0.0403206
0 0.211123 0.760818 0.065573 0.0435377
0 0.328184 0.739005 0.0575481 0.0433439
0 0.30747 0.738565 0.102381 0.0530663
0 0.268107 0.747479 0.110203 0.0625013
0 0.320102 0.736379 0.0745911 0.045905
0 0.220612 0.760897 0.0874682 0.0495636
0 0.863497 0.740845 0.0870354 0.0544924
0 0.89891 0.78668 0.155984 0.086613
0 0.240248 0.80177 0.148059 0.0833583
0 0.213005 0.806901 0.150572 0.0957934
0 0.876547 0.784979 0.144753 0.0721381
0 0.188191 0.81495 0.159594 0.0843722
1 0.911577 0.736573 0.0674303 0.0534907
1 0.802141 0.724491 0.0659893 0.0457458
1 0.797253 0.726287 0.088565 0.0517176
1 0.661649 0.706385 0.0634338 0.0547445
1 0.602683 0.703505 0.0539255 0.0508615
1 0.590098 0.70336 0.0729339 0.0535596
1 0.600546 0.703396 0.051165 0.0505925
1 0.589263 0.703342 0.0722402 0.0537753
1 0.563233 0.697875 0.0352866 0.0428928
1 0.592006 0.835292 0.120207 0.0898712
1 0.58891 0.921106 0.201204 0.146575
1 0.119009 0.784958 0.234137 0.424766
0 0.953593 0.838634 0.0928135 0.0905403
0 0.712945 0.799841 0.178253 0.090169
0 0.892055 0.945778 0.191179 0.108444
0 0.648299 0.939231 0.232591 0.121539
0 0.457508 0.803966 0.180128 0.0980311
0 0.69989 0.600931 0.039572 0.0495356
1 0.840654 0.62978 0.0497013 0.0559947
0 0.740971 0.646725 0.0553665 0.0338951
0 0.509188 0.936733 0.217129 0.126533
0 0.324292 0.812981 0.170233 0.100545
0 0.66214 0.63991 0.0378542 0.0364993
0 0.257863 0.817396 0.0749695 0.0644379
1 0.70771 0.622412 0.042905 0.0463486
0 0.325764 0.871334 0.222976 0.146667
0 0.616828 0.602606 0.0548738 0.0515333
0 0.713606 0.654027 0.0431095 0.0486941
0 0.258451 0.87051 0.0800338 0.0797539
0 0.513839 0.983174 0.181758 0.0336526
0 0.656142 0.653009 0.0417888 0.0325984
0 0.290124 0.873748 0.224221 0.148574
0 0.588042 0.602174 0.0459881 0.0506259
0 0.67732 0.651836 0.0449541 0.0472104
0 0.789722 0.640423 0.0328713 0.0356351
0 0.623114 0.65216 0.0352214 0.0315971
1 0.728996 0.631301 0.0414883 0.0504542
0 0.478172 0.983438 0.184392 0.033123
0 0.303829 0.902645 0.245003 0.171102
0 0.836397 0.647372 0.0363474 0.0342684
0 0.71564 0.661637 0.0490877 0.0454947
0 0.97561 0.674476 0.0424435 0.0340387
0 0.823116 0.6878 0.0535849 0.0470528
1 0.885394 0.661617 0.0352354 0.0482084
0 0.750999 0.680455 0.0428955 0.0355736
0 0.362341 0.941706 0.307259 0.10445
0 0.963431 0.673688 0.0507189 0.0319514
0 0.370932 0.950779 0.22995 0.0928481
0 0.23149 0.980825 0.079424 0.0364611
0 0.75796 0.684207 0.0631778 0.0392537
0 0.80676 0.686858 0.0857235 0.0479729
0 0.766396 0.68632 0.090646 0.0399282
0 0.875284 0.663421 0.0513929 0.0363457
1 0.794539 0.650691 0.03829 0.047978
0 0.883364 0.663873 0.036186 0.0377112
0 0.674182 0.678147 0.050996 0.038473
0 0.740945 0.679065 0.0443454 0.0469884
0 0.282834 0.957497 0.232351 0.0759949
0 0.305566 0.948918 0.212408 0.0997803
0 0.292742 0.949676 0.32113 0.0934013
0 0.733205 0.679005 0.0577549 0.0436736
0 0.865414 0.66228 0.0492165 0.0363021
0 0.68255 0.683395 0.0813232 0.0421038
0 0.162 0.985282 0.11787 0.0288938
0 0.842917 0.660026 0.0604187 0.0391057
0 0.711772 0.679549 0.0452644 0.0421354
0 0.647342 0.676395 0.0494926 0.0386845
0 0.255912 0.9578 0.225079 0.0763161
1 0.766624 0.653026 0.0391563 0.0507796
0 0.269282 0.950755 0.332548 0.0923682
0 0.688013 0.678878 0.0990267 0.0432041
1 0.984885 0.608403 0.025491 0.0384572
0 0.580024 0.641762 0.0408693 0.0355532
0 0.895174 0.689963 0.0422924 0.0355756
0 0.531427 0.612746 0.0314098 0.0326956
0 0.536023 0.611916 0.0435287 0.0351232
0 0.848974 0.686043 0.0378456 0.0310224
0 0.881865 0.6892 0.0668823 0.0396056
0 0.711685 0.715243 0.0782087 0.0512347
0 0.697106 0.717681 0.116701 0.0525024
0 0.869219 0.688099 0.07939 0.0382757
0 0.634558 0.707036 0.0406811 0.0370956
0 0.722756 0.715256 0.0576539 0.0484108
0 0.797179 0.806488 0.192001 0.0937124
0 0.566118 0.632649 0.0332691 0.0333743
0 0.986359 0.746106 0.0263901 0.0390072
0 0.638061 0.676589 0.0373043 0.0313591
0 0.757668 0.804677 0.147358 0.0763082
0 0.617262 0.67618 0.0667845 0.0349625
0 0.628245 0.676255 0.0564653 0.0336901
0 0.700242 0.600728 0.0328363 0.027083
0 0.682452 0.830911 0.247305 0.118679
0 0.844095 0.665691 0.0485718 0.0422513
0 0.651423 0.832313 0.184723 0.101044
0 0.754613 0.829154 0.21801 0.0827716
0 0.741355 0.678536 0.0450891 0.037619
0 0.78543 0.673315 0.081703 0.0515935
0 0.816794 0.849756 0.0548632 0.0532801
0 0.585631 0.898964 0.286668 0.172148
0 0.7502 0.673717 0.0496763 0.0381605
0 0.551719 0.896332 0.205102 0.171638
0 0.532585 0.916415 0.302972 0.16007
0 0.700748 0.676139 0.0485855 0.0407262
0 0.716843 0.731013 0.123544 0.0806835
0 0.731898 0.724249 0.0931694 0.0675397
0 0.703315 0.738249 0.172026 0.0921038
0 0.778658 0.785856 0.134214 0.0804434
0 0.713912 0.868593 0.196713 0.0772892
0 0.662687 0.852859 0.100634 0.0659353
0 0.800403 0.789361 0.0912786 0.073676
0 0.683246 0.865593 0.159807 0.0749029
0 0.692761 0.774603 0.0924307 0.0591735
0 0.651517 0.848884 0.0754038 0.0719131
0 0.682446 0.770797 0.0707932 0.0569191
0 0.707953 0.77861 0.14065 0.0606149
0 0.691862 0.951522 0.402858 0.0961014
0 0.952608 0.739745 0.0947833 0.0516596
0 0.933563 0.73759 0.108308 0.0532547
0 0.935072 0.740048 0.129857 0.0563637
0 0.435219 0.956538 0.409197 0.0869238
0 0.966815 0.739988 0.0663693 0.0591489
0 0.917014 0.734796 0.0788515 0.048946
0 0.932706 0.736309 0.0642288 0.0550166
0 0.818054 0.721054 0.0534493 0.0503362
0 0.911099 0.736311 0.107627 0.0566269
0 0.364865 0.95737 0.386422 0.0852603
0 0.830067 0.723339 0.0805786 0.0525472
0 0.879013 0.731124 0.143414 0.0520566
0 0.874581 0.730156 0.0615982 0.0527239
0 0.785536 0.720938 0.0948959 0.0525253
0 0.774067 0.715849 0.0708138 0.0488365
0 0.798764 0.723724 0.148565 0.0543393
0 0.846328 0.728301 0.0584087 0.0529633
0 0.764212 0.721633 0.105604 0.0492739
0 0.778402 0.725181 0.166292 0.055467
0 0.817082 0.727726 0.136707 0.0555367
0 0.74831 0.715022 0.0694107 0.0452421
0 0.830694 0.765694 0.105289 0.0594147
0 0.8 0.762487 0.185745 0.0632792
0 0.750459 0.760814 0.120755 0.0582844
0 0.767146 0.762721 0.165031 0.0608454
0 0.84435 0.765497 0.0731962 0.0615817
0 0.741754 0.755956 0.0971563 0.0562566
0 0.755624 0.847272 0.257155 0.111042
0 0.717783 0.846647 0.17701 0.0860519
0 0.786202 0.848106 0.196729 0.0955734
0 0.869378 0.90536 0.250696 0.132438
0 0.923844 0.717471 0.0484501 0.0407635
0 0.400648 0.811332 0.106701 0.0711004
0 0.388492 0.817349 0.168333 0.0734076
0 0.82615 0.621944 0.0453587 0.0430555
0 0.416626 0.807731 0.079274 0.0739563
0 0.733249 0.658093 0.056616 0.0351781
0 0.778784 0.618417 0.0801132 0.0471565
0 0.371096 0.823832 0.14729 0.067732
0 0.770128 0.61333 0.0590165 0.0382062
0 0.86035 0.916733 0.278652 0.132665
0 0.355785 0.832973 0.143128 0.0745122
0 0.8912 0.715126 0.0540421 0.0445409
0 0.364326 0.825913 0.115711 0.0672066
0 0.792473 0.621523 0.050598 0.0417473
0 0.881186 0.71527 0.0772057 0.0418358
0 0.741876 0.613169 0.0640862 0.0399774
0 0.752226 0.618476 0.0881215 0.0485863
0 0.337948 0.838335 0.150543 0.0747687
0 0.699738 0.658598 0.0678675 0.036113
0 0.765722 0.892412 0.26257 0.130311
0 0.794776 0.705343 0.0456308 0.0411179
0 0.274646 0.835374 0.140774 0.0746567
0 0.701277 0.616554 0.0595466 0.0442345
0 0.266926 0.839379 0.185982 0.0788836
0 0.686931 0.617664 0.0902411 0.0456313
0 0.737865 0.699389 0.0350648 0.0316767
0 0.627008 0.65603 0.0504927 0.0339912
0 0.786444 0.704969 0.0615774 0.043664
0 0.289372 0.827694 0.106499 0.0704601
0 0.241251 0.849694 0.171457 0.0788534
0 0.740461 0.702831 0.0442601 0.0328646
0 0.983273 0.684289 0.0299641 0.0428664
0 0.604703 0.878807 0.238569 0.122548
0 0.64134 0.694695 0.0454199 0.0380164
0 0.0994884 0.868977 0.176896 0.0977389
0 0.574305 0.611271 0.0346619 0.0431651
0 0.596819 0.693825 0.0461763 0.0350367
0 0.609033 0.580137 0.0267517 0.0277491
0 0.5964 0.899245 0.255262 0.133805
0 0.0710381 0.896093 0.142076 0.103256
0 0.645113 0.700732 0.0486498 0.044711
0 0.587521 0.69793 0.0402191 0.0329735
0 0.555308 0.613451 0.0520464 0.0463523
0 0.461112 0.657943 0.0482326 0.0320328
0 0.512137 0.611902 0.0491612 0.0356514
0 0.63694 0.699307 0.0596308 0.042654
0 0.535325 0.614767 0.0930733 0.0434039
0 0.474748 0.657845 0.0566496 0.0333195
0 0.0421759 0.950305 0.0843517 0.0949529
0 0.669841 0.725928 0.0493757 0.0421546
0 0.573252 0.623263 0.0521112 0.0483692
0 0.496497 0.673673 0.0360874 0.0320864
0 0.635795 0.950156 0.347482 0.0926247
0 0.491185 0.672573 0.0488592 0.0331556
0 0.563712 0.624244 0.0719376 0.0459169
0 0.524563 0.617214 0.0474926 0.0322664
0 0.522482 0.682179 0.0505772 0.0320491
0 0.722661 0.750777 0.0596584 0.0540212
0 0.697489 0.750144 0.10641 0.0502969
0 0.508554 0.680261 0.0592676 0.0344767
0 0.708417 0.747272 0.0757025 0.0487104
0 0.619258 0.62946 0.0355722 0.0407692
0 0.552229 0.621043 0.0415787 0.0322324
0 0.514778 0.683209 0.0630724 0.0356374
0 0.558053 0.623449 0.0560247 0.0368682
0 0.827082 0.876303 0.171042 0.0909437
0 0.56616 0.740197 0.0524706 0.0446908
0 0.55097 0.741274 0.0836166 0.0462924
0 0.6597 0.66371 0.0682489 0.054096
0 0.523762 0.738211 0.0404441 0.039342
0 0.821235 0.883221 0.196061 0.119958
0 0.536978 0.740756 0.0722393 0.0423752
0 0.819952 0.937371 0.22889 0.119195
0 0.507689 0.768049 0.102257 0.0533236
0 0.521074 0.767116 0.0726583 0.0535571
0 0.470409 0.90922 0.160328 0.0952484
0 0.644015 0.737005 0.05292 0.048204
0 0.547135 0.699949 0.0940973 0.072688
0 0.602334 0.59571 0.0329283 0.0306961
0 0.631089 0.736828 0.0841333 0.0505867
0 0.625313 0.717319 0.0460358 0.0443759
0 0.522599 0.733125 0.10068 0.0803347
0 0.620708 0.788548 0.106958 0.0598824
0 0.64009 0.788349 0.0690859 0.0625309
0 0.543009 0.737709 0.138575 0.0847885
0 0.483296 0.732925 0.101128 0.0803509
0 0.581799 0.713481 0.044689 0.0434209
0 0.583027 0.782639 0.0948897 0.0549384
0 0.468486 0.719598 0.0707648 0.0635427
0 0.57392 0.783821 0.1625 0.0607971
0 0.252688 0.724939 0.0413779 0.0376128
0 0.246875 0.796366 0.0825027 0.0576683
0 0.829126 0.624692 0.0415154 0.0337222
0 0.12725 0.763691 0.128062 0.0954216
0 0.20272 0.61109 0.0510599 0.0322507
0 0.231609 0.799303 0.161917 0.064048
0 0.815075 0.82313 0.1404 0.0681496
0 0.82501 0.712071 0.0506211 0.0438229
0 0.785288 0.815638 0.145247 0.0698613
0 0.777852 0.810266 0.113463 0.0621899
0 0.475848 0.613621 0.0292347 0.0320012
1 0.131156 0.614408 0.0300141 0.039772
0 0.766152 0.804831 0.0873343 0.0540353
0 0.897347 0.707618 0.0378448 0.0348729
0 0.588247 0.696378 0.0474611 0.0441851
0 0.556017 0.801337 0.148785 0.0707582
0 0.578258 0.698178 0.0665911 0.0472857
0 0.576925 0.798619 0.110009 0.0647517
0 0.55029 0.793737 0.121891 0.0665231
0 0.157377 0.627092 0.056292 0.0368289
0 0.881696 0.709126 0.0663074 0.0366035
0 0.976296 0.708863 0.0474074 0.0624011
0 0.453423 0.69614 0.0515625 0.0426022
0 0.434567 0.800861 0.113883 0.064547
0 0.968665 0.70838 0.0626691 0.0594676
0 0.729691 0.692701 0.0527234 0.034505
0 0.379289 0.69717 0.0807652 0.0503469
0 0.441419 0.699537 0.0727901 0.0478436
0 0.451749 0.797122 0.0791702 0.066408
0 0.400447 0.797998 0.104054 0.0590225
0 0.409009 0.802104 0.131119 0.0630419
0 0.953081 0.704823 0.0938372 0.0525487
0 0.374767 0.697373 0.049466 0.0447341
0 0.362435 0.799014 0.0907961 0.059575
0 0.653889 0.689285 0.0354534 0.0357028
0 0.312824 0.801693 0.0943989 0.0566895
0 0.955843 0.698145 0.061902 0.0487602
0 0.613622 0.687901 0.0335495 0.0308955
0 0.329556 0.805415 0.136248 0.0608564
0 0.299968 0.79859 0.0665054 0.051665
0 0.367181 0.700467 0.0624329 0.0502993
0 0.293296 0.696951 0.0643091 0.050529
0 0.89351 0.700444 0.100662 0.0476123
0 0.837322 0.682743 0.0446552 0.0346519
0 0.30038 0.700755 0.0806862 0.0539276
0 0.729254 0.707087 0.0374506 0.0352936
0 0.392179 0.838799 0.137662 0.081679
0 0.378231 0.846577 0.156349 0.0816566
0 0.424793 0.713584 0.0573858 0.0478681
0 0.721363 0.707866 0.0529873 0.0376003
0 0.685917 0.707172 0.0406556 0.033444
0 0.410991 0.717982 0.0825132 0.0527171
0 0.398712 0.721157 0.108002 0.0532867
0 0.343298 0.720962 0.0824516 0.0458575
0 0.691567 0.708072 0.0576509 0.0358513
0 0.352656 0.836779 0.0959412 0.0638713
0 0.955949 0.723122 0.088101 0.059613
0 0.121115 0.636413 0.0313947 0.0388598
0 0.704511 0.708195 0.0783667 0.0380596
0 0.328472 0.84983 0.17363 0.0789922
0 0.680254 0.705166 0.0398256 0.0395129
0 0.941914 0.726052 0.116172 0.0610663
0 0.636909 0.703495 0.0391863 0.0352139
0 0.0591102 0.640471 0.0303665 0.0344627
0 0.356406 0.720054 0.0993619 0.0567857
0 0.374474 0.71363 0.0644508 0.049356
0 0.92964 0.722717 0.14072 0.0577525
0 0.332292 0.721945 0.115853 0.0569424
0 0.34718 0.84206 0.129717 0.0779294
0 0.312181 0.84341 0.125158 0.0714086
0 0.671743 0.705059 0.0550887 0.0416988
0 0.304292 0.72112 0.116392 0.0601428
0 0.296765 0.85434 0.188521 0.0800786
0 0.639202 0.702184 0.0474976 0.0387669
0 0.0168362 0.646841 0.0291699 0.0442247
0 0.898962 0.713629 0.112325 0.0559125
0 0.600866 0.701796 0.0373291 0.0322732
0 0.271967 0.854922 0.132459 0.0760213
0 0.344849 0.713546 0.0520426 0.048541
0 0.960775 0.71174 0.0781685 0.0492119
0 0.317752 0.720794 0.109157 0.0545514
0 0.330628 0.716391 0.0827173 0.0513187
0 0.938056 0.712642 0.123888 0.0492045
0 0.885185 0.710486 0.0914528 0.0582789
0 0.922937 0.71429 0.154126 0.0547305
0 0.701895 0.717513 0.0486565 0.0412056
0 0.334058 0.884223 0.176799 0.100544
0 0.0548939 0.642027 0.0485943 0.0377009
0 0.960517 0.730065 0.0789668 0.0681801
0 0.947071 0.732544 0.105858 0.0682828
0 0.386923 0.724583 0.0524047 0.0570151
0 0.359205 0.729782 0.106907 0.0562466
0 0.376629 0.727028 0.0722672 0.0535852
0 0.659932 0.715557 0.0431726 0.0337514
0 0.293588 0.734869 0.0858326 0.0520526
0 0.0381425 0.65286 0.0524177 0.0361732
0 0.97682 0.7358 0.04636 0.0431216
0 0.742188 0.742086 0.0477633 0.0455863
0 0.307682 0.950266 0.21494 0.0994684
0 0.729402 0.74322 0.075499 0.0451289
0 0.349495 0.768609 0.178151 0.0727557
0 0.0162622 0.654684 0.0304955 0.0383903
0 0.69652 0.741675 0.0630684 0.0418912
0 0.0301228 0.654915 0.0602456 0.0386887
0 0.366202 0.756465 0.104584 0.0596953
0 0.277018 0.76395 0.0874301 0.0535848
0 0.714216 0.74273 0.11261 0.0485624
0 0.664013 0.749004 0.0674629 0.0481422
0 0.957709 0.76313 0.084581 0.0742905
0 0.182085 0.792206 0.124627 0.0597036
0 0.276065 0.778172 0.104195 0.0658885
0 0.942388 0.766675 0.115224 0.0739042
0 0.648657 0.751282 0.102932 0.0488744
0 0.292014 0.774086 0.0803115 0.0661466
0 0.625128 0.747634 0.0551654 0.039798
0 0.632292 0.746078 0.073608 0.0396843
0 0.257618 0.783154 0.153301 0.0762
0 0.23683 0.971447 0.162994 0.0529948
0 0.167372 0.788184 0.0879089 0.0585166
0 0.0118789 0.674468 0.0237578 0.0468366
0 0.289887 0.857882 0.254523 0.109816
0 0.827733 0.833731 0.118065 0.0655919
0 0.848483 0.832483 0.0744095 0.0658012
0 0.818684 0.827756 0.151854 0.064931
0 0.264264 0.853318 0.216695 0.08836
0 0.312259 0.848393 0.20626 0.0975574
0 0.762762 0.826554 0.137581 0.0648028
0 0.223061 0.870913 0.272142 0.110596
0 0.789397 0.826779 0.0797148 0.0649022
0 0.254438 0.866624 0.231015 0.0932546
0 0.201854 0.871908 0.249643 0.0849654
0 0.161836 0.888909 0.274916 0.123508
0 0.70662 0.822869 0.122797 0.0640666
0 0.726924 0.822502 0.0839954 0.0655393
0 0.142144 0.91616 0.279731 0.130737
0 0.722329 0.847776 0.139211 0.0720484
0 0.703846 0.844648 0.108619 0.067497
0 0.740276 0.845558 0.0987414 0.0676445
0 0.799692 0.92284 0.369085 0.154321
0 0.752536 0.915975 0.253804 0.150807
0 0.557845 0.9187 0.320048 0.153465
0 0.962179 0.772115 0.0756413 0.0575736
0 0.359668 0.920133 0.328271 0.153565
0 0.904982 0.730768 0.115375 0.0547991
0 0.871359 0.729514 0.168074 0.0623997
0 0.920728 0.730588 0.07875 0.0578011
0 0.754809 0.740882 0.0800913 0.0464333
0 0.856265 0.72682 0.125132 0.0602758
0 0.761174 0.74455 0.109343 0.0466769
0 0.747093 0.740056 0.06064 0.0422244
0 0.557896 0.748668 0.0862696 0.050737
0 0.673999 0.726468 0.164818 0.068556
0 0.152708 0.952963 0.305417 0.0902686
0 0.554233 0.743651 0.0711738 0.0496195
0 0.692138 0.721439 0.10365 0.0615517
0 0.525416 0.747814 0.0914566 0.0498215
0 0.521666 0.741768 0.0739405 0.0491924
0 0.643908 0.732297 0.175767 0.0761083
0 0.646758 0.722011 0.134803 0.0596709
0 0.143361 0.95555 0.286722 0.0889004
0 0.630486 0.726422 0.14341 0.0669455
0 0.796728 0.884083 0.277275 0.138022
0 0.637761 0.951438 0.221026 0.0933619
0 0.937235 0.778185 0.12553 0.065485
0 0.917803 0.775601 0.164395 0.0640556
0 0.871915 0.768569 0.108978 0.0606842
0 0.904778 0.771684 0.151021 0.0575592
0 0.880882 0.771289 0.143723 0.0612596
0 0.858539 0.763305 0.0833206 0.059508
0 0.851809 0.764543 0.117695 0.062602
0 0.828313 0.760452 0.188571 0.0662622
0 0.874987 0.76442 0.0656616 0.060581
0 0.77454 0.754799 0.11167 0.0562981
0 0.784958 0.758131 0.148927 0.0598535
0 0.782473 0.758251 0.122491 0.0659523
0 0.71564 0.747515 0.100931 0.0583439
0 0.778714 0.755574 0.167109 0.0624278
0 0.804194 0.756341 0.0808895 0.0638054
0 0.733715 0.753749 0.148113 0.0565315
0 0.74463 0.757567 0.194376 0.0623177
0 0.698456 0.741934 0.0651455 0.0562162
0 0.687111 0.745013 0.107838 0.0590535
0 0.754465 0.751908 0.116513 0.0589706
0 0.777115 0.750877 0.0680205 0.0594191
0 0.705248 0.747989 0.153229 0.0601315
0 0.728045 0.750892 0.163431 0.0573558
0 0.67582 0.791694 0.106831 0.0726854
0 0.760762 0.799645 0.131653 0.0790209
0 0.740847 0.797296 0.186978 0.0768634
0 0.689662 0.795636 0.14714 0.0725835
0 0.787474 0.801616 0.0777573 0.0784852
0 0.664288 0.784241 0.0805401 0.0784709
0 0.6497 0.889173 0.263192 0.134086
0 0.624817 0.88763 0.218823 0.105165
0 0.610155 0.912525 0.283961 0.134682
0 0.775448 0.875676 0.182583 0.10606
0 0.636898 0.875126 0.17765 0.114815
0 0.946092 0.625199 0.0322834 0.0318344
0 0.471114 0.87375 0.178496 0.118619
0 0.959473 0.920127 0.0810537 0.102073
0 0.776556 0.664802 0.05532 0.035906
0 0.843011 0.626625 0.0558319 0.0436671
0 0.87842 0.914688 0.24316 0.130328
0 0.851105 0.709396 0.0439774 0.0401733
0 0.339668 0.887477 0.182028 0.115116
0 0.702813 0.616546 0.0610659 0.0474236
0 0.853147 0.906935 0.19595 0.102766
0 0.647667 0.658356 0.0542442 0.0334661
0 0.317403 0.895539 0.234872 0.119564
0 0.78185 0.705653 0.0397745 0.0336252
