1 0.81619 0.928472 0.315896 0.143057
1 0.329189 0.836161 0.0988151 0.0607348
1 0.697616 0.966785 0.165417 0.0649439
1 0.694689 0.963907 0.217272 0.0719772
1 0.731146 0.968021 0.225338 0.0629786
1 0.245647 0.884215 0.281097 0.204798
1 0.286032 0.921338 0.284368 0.148348
1 0.735184 0.726441 0.115062 0.0672112
1 0.754248 0.726612 0.0781008 0.0677891
1 0.736387 0.727198 0.16468 0.0656478
1 0.214559 0.74389 0.110754 0.0596589
1 0.791282 0.787219 0.144918 0.088872
1 0.098939 0.831952 0.18142 0.12773
1 0.764729 0.73503 0.0747841 0.0518442
1 0.710172 0.730823 0.079608 0.0540474
1 0.672621 0.725717 0.0802381 0.0561002
1 0.640357 0.724567 0.0629275 0.0526716
1 0.628706 0.725264 0.064173 0.0561831
1 0.626103 0.72355 0.0655884 0.0529339
1 0.637097 0.720971 0.0641726 0.05581
1 0.689841 0.756557 0.085109 0.0658927
1 0.672823 0.754441 0.10184 0.0720654
1 0.628662 0.86011 0.137777 0.101756
1 0.639748 0.915841 0.193183 0.144403
1 0.125798 0.785584 0.248124 0.409176
1 0.116976 0.848296 0.228595 0.302818
1 0.95705 0.849291 0.0829218 0.101494
1 0.761834 0.811127 0.139541 0.0971578
1 0.943071 0.962757 0.109945 0.0744857
1 0.585798 0.797589 0.131617 0.0940123
1 0.805354 0.936192 0.218836 0.127616
1 0.81205 0.597065 0.0459744 0.049762
1 0.45904 0.796822 0.131853 0.0941269
1 0.654985 0.928191 0.189003 0.131223
1 0.650986 0.931326 0.168684 0.101188
1 0.474808 0.792355 0.0959799 0.0963806
1 0.4059 0.798311 0.126391 0.0944439
1 0.597122 0.924351 0.181606 0.133375
1 0.585302 0.925754 0.152778 0.109844
1 0.626787 0.590835 0.0386081 0.0358199
1 0.366864 0.801166 0.127541 0.0921262
1 0.553833 0.924024 0.178732 0.134846
1 0.595107 0.586538 0.0368382 0.0352859
1 0.350789 0.805906 0.112709 0.0879995
1 0.570014 0.932284 0.187531 0.135109
1 0.373089 0.806491 0.142206 0.0968529
1 0.600044 0.590422 0.0383779 0.0362541
1 0.60333 0.58664 0.0375307 0.03448
1 0.446888 0.84857 0.150865 0.129125
1 0.780497 0.600988 0.0362683 0.0490794
1 0.614837 0.974852 0.162031 0.0502952
1 0.691343 0.594842 0.0463059 0.0483075
1 0.693921 0.592513 0.0358373 0.0382139
1 0.369276 0.856053 0.163755 0.129175
1 0.76679 0.631569 0.0491444 0.058581
1 0.539986 0.974932 0.154361 0.0501357
1 0.56825 0.57522 0.0273556 0.033459
1 0.345052 0.858344 0.166858 0.132176
1 0.599061 0.58999 0.0273539 0.032445
1 0.515434 0.97495 0.154872 0.0501008
1 0.549364 0.573558 0.029036 0.0330844
1 0.741957 0.633669 0.0504024 0.0505012
1 0.315536 0.93828 0.280155 0.122334
1 0.809567 0.651512 0.0529587 0.0496721
1 0.731084 0.607662 0.0377626 0.0490283
1 0.352763 0.933812 0.220219 0.113439
1 0.802021 0.646427 0.0628871 0.0538153
1 0.804438 0.650857 0.0419664 0.0508944
1 0.328899 0.951325 0.193605 0.0954919
1 0.721253 0.609289 0.0394915 0.0514168
1 0.617218 0.59579 0.0361366 0.0396945
1 0.731653 0.682471 0.0471797 0.0447428
1 0.790151 0.653413 0.0412052 0.0529672
1 0.710757 0.679731 0.0437328 0.0440971
1 0.304785 0.950194 0.230307 0.0935377
1 0.70632 0.609097 0.0363186 0.0520241
1 0.901569 0.809134 0.196863 0.101144
1 0.704203 0.614568 0.0256054 0.0318291
1 0.543861 0.777585 0.035132 0.0456678
1 0.913837 0.828748 0.159608 0.112088
1 0.678149 0.623249 0.0390151 0.0417096
1 0.653106 0.616947 0.0308025 0.0334124
1 0.883253 0.82052 0.167368 0.101188
1 0.845244 0.707135 0.0417959 0.0491619
1 0.814722 0.634529 0.0285048 0.0420863
1 0.680532 0.633624 0.0438099 0.0452413
1 0.872954 0.949564 0.157583 0.0885686
1 0.696347 0.741313 0.121666 0.0684163
1 0.670418 0.743498 0.103957 0.0727043
1 0.587841 0.768597 0.173028 0.078877
1 0.555756 0.773398 0.138558 0.0860647
1 0.758271 0.979745 0.0879459 0.0405098
1 0.49069 0.85163 0.276349 0.14235
1 0.602323 0.670173 0.111047 0.056707
1 0.435841 0.914052 0.318576 0.168783
1 0.390836 0.911189 0.218617 0.16069
1 0.584452 0.684531 0.1056 0.0561981
1 0.592924 0.679544 0.0775218 0.0491124
1 0.603337 0.678156 0.0719072 0.0441168
1 0.587959 0.702123 0.115907 0.0722354
1 0.599441 0.699225 0.0976481 0.060036
1 0.583556 0.770096 0.152776 0.11755
1 0.568469 0.775864 0.197094 0.150701
1 0.565476 0.90438 0.183954 0.0757792
1 0.627563 0.797813 0.139816 0.0898313
1 0.674002 0.831537 0.213884 0.104124
1 0.596185 0.953544 0.229951 0.0855756
1 0.69153 0.939448 0.350231 0.121104
1 0.703246 0.971712 0.278806 0.0565768
1 0.489068 0.971351 0.26321 0.0542918
1 0.390083 0.972304 0.275181 0.0543884
1 0.342022 0.973028 0.207635 0.0530877
1 0.29207 0.973159 0.251758 0.0529134
1 0.860903 0.743676 0.083106 0.0593594
1 0.890196 0.749399 0.102017 0.0582944
1 0.848396 0.740905 0.077947 0.0580498
1 0.776986 0.733444 0.089064 0.0585515
1 0.766868 0.72782 0.0687016 0.0604574
1 0.76722 0.734255 0.0619211 0.0553421
1 0.778813 0.734888 0.0598968 0.0574281
1 0.793728 0.737123 0.0855486 0.0578232
1 0.834493 0.77204 0.0933069 0.0637871
1 0.779177 0.767725 0.116712 0.0609086
1 0.811146 0.768885 0.156565 0.067215
1 0.987843 0.830052 0.0226494 0.0463888
1 0.708677 0.84284 0.18466 0.0908997
1 0.670582 0.842822 0.167268 0.0952175
1 0.686442 0.904933 0.264301 0.149658
1 0.451703 0.808241 0.0755514 0.067532
1 0.905589 0.892678 0.188822 0.202124
1 0.745434 0.901758 0.216187 0.138551
1 0.613753 0.920287 0.235077 0.146477
1 0.852349 0.872232 0.0922596 0.0669835
1 0.830336 0.871287 0.113304 0.0682026
1 0.807955 0.866997 0.0927198 0.0628108
1 0.570674 0.73888 0.073985 0.0476667
1 0.783485 0.868298 0.114996 0.0691221
1 0.738505 0.869621 0.133258 0.0780286
1 0.484238 0.741006 0.0722602 0.048184
1 0.722661 0.864523 0.13389 0.066141
1 0.718366 0.863458 0.119727 0.072522
1 0.467747 0.741791 0.0701805 0.0481438
1 0.696578 0.858077 0.106851 0.0645119
1 0.508246 0.827498 0.101129 0.062576
1 0.553643 0.965094 0.224885 0.069812
1 0.535169 0.795438 0.0665316 0.0613424
1 0.347307 0.797751 0.0595676 0.0573909
1 0.537048 0.747831 0.029787 0.0409121
1 0.321904 0.835792 0.10021 0.0696032
1 0.307823 0.835178 0.137016 0.0729881
1 0.346458 0.908768 0.154004 0.0996918
1 0.323686 0.904243 0.112609 0.0839755
1 0.977773 0.731558 0.0444546 0.0500043
1 0.979871 0.749666 0.0394485 0.0417512
1 0.723536 0.758711 0.0385708 0.0445806
1 0.71978 0.757943 0.0513563 0.0480705
1 0.343638 0.774211 0.0512568 0.0569583
1 0.813807 0.961855 0.202407 0.0706342
1 0.388312 0.919409 0.321908 0.159309
1 0.895451 0.729602 0.129039 0.0679846
1 0.882479 0.73068 0.202821 0.0694211
1 0.76898 0.742594 0.0393078 0.0390711
1 0.773816 0.745803 0.0475428 0.0413185
1 0.641777 0.857398 0.0259756 0.0348076
1 0.877391 0.727212 0.141244 0.0608454
1 0.169129 0.934226 0.299812 0.131547
1 0.655666 0.70771 0.156186 0.0672824
1 0.427883 0.855404 0.0261185 0.0328318
1 0.672593 0.705127 0.0966064 0.0630534
1 0.892478 0.888957 0.208883 0.180956
1 0.847569 0.900651 0.304863 0.196771
1 0.759609 0.946098 0.153915 0.0989712
1 0.934881 0.775256 0.109318 0.0691432
1 0.841372 0.764167 0.0865985 0.0627426
1 0.7914 0.760649 0.103362 0.0602755
1 0.816997 0.761284 0.0762917 0.0629002
1 0.760361 0.753517 0.0387479 0.0498028
1 0.757415 0.754059 0.0904341 0.0595217
1 0.713423 0.752248 0.115798 0.0605826
1 0.732427 0.753234 0.104255 0.0595159
1 0.707484 0.74564 0.0882012 0.0561986
1 0.745507 0.755291 0.0844356 0.0608226
1 0.698489 0.746349 0.0977834 0.0609539
1 0.712246 0.892276 0.264972 0.146128
1 0.645422 0.940634 0.356453 0.118733
1 0.915651 0.915991 0.166941 0.118578
1 0.837292 0.909534 0.239061 0.137142
1 0.766161 0.901231 0.227652 0.135273
