0 0.787241 0.930087 0.331849 0.139014
0 0.939866 0.675287 0.049744 0.0380264
0 0.468837 0.624114 0.0515022 0.0407216
0 0.425887 0.675014 0.0432375 0.0317574
0 0.977483 0.649483 0.0419348 0.0382421
0 0.636057 0.723616 0.0408178 0.0400921
0 0.413459 0.680044 0.049184 0.0319926
0 0.981479 0.650776 0.0362289 0.0346324
0 0.394612 0.680351 0.0546461 0.0334819
0 0.904981 0.679434 0.0514891 0.0354914
0 0.465115 0.628568 0.0496084 0.0417219
0 0.796482 0.941334 0.388403 0.117331
0 0.404822 0.679462 0.0642813 0.0350938
0 0.951888 0.68076 0.042778 0.0370756
0 0.619447 0.723277 0.0783006 0.0452141
0 0.648376 0.733244 0.0558018 0.0485781
0 0.584 0.730709 0.0467894 0.036448
0 0.422982 0.686747 0.052 0.0370641
0 0.406826 0.62104 0.0395071 0.0311073
0 0.931892 0.688423 0.0471554 0.0334727
0 0.401476 0.620071 0.0303171 0.0292989
0 0.978268 0.688682 0.0405079 0.0447149
0 0.988987 0.662588 0.0210495 0.0555466
0 0.926901 0.68435 0.0348541 0.032486
0 0.939954 0.689676 0.0650059 0.0364245
0 0.591033 0.734335 0.0631767 0.0399759
0 0.333439 0.823189 0.126491 0.0582456
0 0.700428 0.956024 0.2572 0.0843391
0 0.35435 0.821623 0.0831767 0.0616746
0 0.460272 0.694777 0.0498085 0.0464722
0 0.303134 0.855104 0.126009 0.0635549
0 0.391914 0.590499 0.035078 0.0304156
0 0.433082 0.611509 0.0306475 0.0301797
0 0.439897 0.708002 0.0556736 0.0407981
0 0.328968 0.675485 0.037033 0.040858
0 0.702778 0.972978 0.242881 0.0519901
0 0.290063 0.861091 0.117591 0.0696401
0 0.4288 0.70902 0.0793527 0.044353
0 0.242565 0.838187 0.275325 0.142998
0 0.243762 0.869668 0.277953 0.212956
0 0.220913 0.855099 0.230051 0.169478
0 0.268268 0.949592 0.22899 0.0957301
0 0.96992 0.654319 0.0444618 0.0291262
0 0.432513 0.654987 0.0377033 0.033094
0 0.167892 0.910445 0.335785 0.170576
0 0.4137 0.674368 0.0494963 0.0368731
0 0.118397 0.915917 0.232772 0.154933
0 0.633834 0.645813 0.0447536 0.0392526
0 0.42423 0.719137 0.0612803 0.0569102
0 0.397173 0.718112 0.11925 0.0610135
0 0.413298 0.714935 0.0849588 0.0583608
0 0.363738 0.724245 0.106198 0.0581703
0 0.352282 0.720887 0.081412 0.0544863
0 0.25963 0.661068 0.0307178 0.0314743
0 0.646944 0.662577 0.0502419 0.0430051
0 0.412048 0.754918 0.0557561 0.0602633
0 0.380637 0.752288 0.126093 0.0705399
0 0.233443 0.679233 0.0499052 0.0342913
0 0.327651 0.754704 0.101335 0.067985
0 0.353082 0.750525 0.15929 0.0740684
0 0.63816 0.665883 0.0797599 0.0473473
0 0.226263 0.682095 0.0395876 0.0279279
0 0.673194 0.672162 0.046359 0.0550563
0 0.371542 0.779355 0.133652 0.079302
0 0.218334 0.692173 0.0565649 0.0364932
0 0.361111 0.778563 0.197553 0.0825401
0 0.319069 0.782244 0.142576 0.0874903
0 0.662058 0.673167 0.0739818 0.0460453
0 0.299361 0.680971 0.030445 0.0297746
0 0.22747 0.690173 0.0599386 0.0362352
0 0.387187 0.781117 0.0961768 0.0760038
0 0.293129 0.680494 0.0419686 0.031883
0 0.202728 0.694286 0.0390051 0.0339925
0 0.26822 0.680611 0.0573603 0.0359632
0 0.258874 0.681549 0.0558571 0.037788
0 0.305316 0.784462 0.104425 0.0827942
0 0.212191 0.69546 0.0518102 0.0358129
0 0.845431 0.79778 0.160519 0.091482
0 0.166725 0.799767 0.149082 0.0809331
0 0.82264 0.799656 0.147884 0.08063
0 0.102646 0.821153 0.191239 0.0693652
0 0.176203 0.793706 0.118823 0.067749
0 0.149499 0.806525 0.165144 0.0941093
0 0.90857 0.941558 0.18286 0.100142
1 0.783424 0.734744 0.100837 0.0583275
1 0.800041 0.735279 0.0927349 0.058709
1 0.68899 0.728428 0.0799494 0.053361
1 0.680128 0.726084 0.0581932 0.0534777
1 0.596145 0.719598 0.0877955 0.058903
1 0.61019 0.715328 0.0754715 0.0629278
1 0.585763 0.718654 0.0782038 0.0572823
1 0.57979 0.731965 0.104289 0.0583636
1 0.565835 0.923551 0.201126 0.14761
1 0.562816 0.93273 0.229961 0.134541
0 0.823468 0.818477 0.18407 0.0970361
0 0.972544 0.964695 0.054911 0.0704974
0 0.74666 0.803868 0.0732415 0.0550301
0 0.756903 0.8075 0.0957406 0.0606022
0 0.5441 0.805244 0.172131 0.101487
0 0.7708 0.939888 0.282407 0.120224
0 0.76694 0.60307 0.0674382 0.0530473
0 0.490141 0.806059 0.0916767 0.0730721
0 0.876561 0.656158 0.0403824 0.0415682
0 0.657688 0.935376 0.226175 0.129247
0 0.461102 0.803107 0.175559 0.0949684
0 0.776996 0.646155 0.041735 0.0403107
0 0.403686 0.805769 0.0906579 0.0664251
0 0.725222 0.645839 0.0531744 0.0358477
0 0.472002 0.801509 0.132001 0.106629
0 0.594374 0.93541 0.222583 0.12918
0 0.399789 0.804786 0.173694 0.0946292
1 0.985337 0.597765 0.027565 0.0437019
0 0.718773 0.638776 0.044194 0.042881
0 0.346349 0.810636 0.0961286 0.0680875
0 0.33345 0.805638 0.0704528 0.0593946
0 0.410025 0.852864 0.205458 0.138153
0 0.887251 0.646406 0.0396029 0.035567
0 0.773359 0.65719 0.0403362 0.0381171
0 0.66651 0.602309 0.0592786 0.0516708
0 0.346375 0.852073 0.0792833 0.0747462
0 0.605298 0.972014 0.248464 0.055972
0 0.658328 0.604068 0.0795735 0.0546814
0 0.708932 0.65303 0.034623 0.0312344
1 0.822977 0.636873 0.0368448 0.0411135
0 0.387132 0.857324 0.210093 0.143432
0 0.653283 0.602991 0.0531065 0.0508425
0 0.867671 0.644215 0.0436195 0.0387191
0 0.754103 0.654843 0.0436994 0.0456352
0 0.331317 0.866564 0.092875 0.0880913
1 0.807056 0.63261 0.0376038 0.0490484
0 0.322148 0.859823 0.0781943 0.0743365
0 0.694944 0.653662 0.0408286 0.0321737
0 0.586743 0.980259 0.187179 0.0394827
0 0.577871 0.973837 0.243162 0.0512426
0 0.32552 0.864311 0.221389 0.150532
0 0.597163 0.602811 0.0430092 0.0509867
0 0.257757 0.866488 0.0785739 0.07761
0 0.805206 0.64006 0.0360619 0.0346965
0 0.688972 0.64923 0.0444153 0.0486218
1 0.740803 0.632797 0.0445422 0.0505403
0 0.52829 0.973412 0.253661 0.0527022
1 0.948266 0.593009 0.0290363 0.0353938
0 0.527346 0.978084 0.211627 0.0438327
0 0.325653 0.904561 0.245305 0.173073
0 0.845647 0.647874 0.0410381 0.0355899
0 0.720771 0.661724 0.051667 0.0449089
0 0.706742 0.662167 0.0789223 0.0435081
0 0.803111 0.683417 0.0541549 0.048069
0 0.968829 0.667364 0.0377047 0.0456838
0 0.796259 0.685529 0.0737967 0.0478514
0 0.956565 0.669358 0.0555588 0.041537
0 0.242675 0.984408 0.102501 0.0311838
0 0.371257 0.948274 0.328067 0.095399
0 0.931851 0.668795 0.037159 0.033615
0 0.365359 0.954774 0.239006 0.081855
0 0.391946 0.949203 0.21179 0.0995249
0 0.736143 0.681151 0.0549254 0.036852
0 0.925942 0.66827 0.0301615 0.0331871
1 0.80725 0.650537 0.049106 0.05199
0 0.758801 0.680051 0.0528738 0.0461973
1 0.813079 0.655285 0.0492048 0.0614278
0 0.906426 0.664635 0.0533314 0.0362576
0 0.915327 0.664106 0.0387524 0.0353325
0 0.897374 0.663915 0.0520405 0.0345395
0 0.326966 0.956409 0.255596 0.0782651
0 0.339894 0.951264 0.335898 0.090484
0 0.696847 0.67991 0.0532934 0.0368729
0 0.874745 0.662679 0.048354 0.0365651
1 0.788977 0.651995 0.0362295 0.0475494
0 0.73771 0.679804 0.0428719 0.0442228
0 0.672873 0.67861 0.0554891 0.0386345
0 0.29293 0.957924 0.216709 0.0747676
0 0.88402 0.66336 0.0318014 0.038357
0 0.300936 0.951967 0.330689 0.0924566
0 0.680551 0.683888 0.0825698 0.0416341
0 0.862168 0.661387 0.0565392 0.0382867
0 0.669726 0.627531 0.0411154 0.0346536
0 0.914422 0.77666 0.171155 0.0782005
0 0.879118 0.778146 0.175955 0.0691832
0 0.868476 0.774718 0.134449 0.069117
0 0.963264 0.784515 0.0671253 0.0625706
0 0.936227 0.777976 0.123963 0.0701049
0 0.954498 0.781276 0.0874809 0.0662605
0 0.740785 0.666228 0.0434046 0.0356163
0 0.628603 0.631531 0.0378295 0.0339076
0 0.685399 0.6764 0.0523207 0.0333867
0 0.85915 0.805229 0.149585 0.0782628
0 0.897752 0.806829 0.204496 0.0952998
0 0.711194 0.676975 0.0334851 0.0313859
0 0.702139 0.676752 0.0493689 0.0325442
0 0.876579 0.804389 0.22432 0.0815478
0 0.605509 0.63155 0.03288 0.0335828
0 0.883533 0.804021 0.219342 0.0926646
0 0.684271 0.675222 0.0440861 0.0339022
0 0.670954 0.675292 0.0642916 0.0348211
0 0.855387 0.802773 0.211634 0.079005
0 0.609351 0.630659 0.0445805 0.0360174
0 0.753281 0.709163 0.0401014 0.0359628
0 0.938791 0.879279 0.122417 0.0957494
0 0.646946 0.648751 0.0378648 0.034478
0 0.742814 0.709824 0.0574877 0.0372159
0 0.650736 0.651047 0.0527433 0.0362503
0 0.732131 0.709055 0.0713169 0.0368571
0 0.734171 0.765534 0.0570466 0.0487198
0 0.763437 0.615266 0.033946 0.0297304
0 0.692438 0.679542 0.0330539 0.0284599
0 0.587139 0.673949 0.046658 0.0405922
0 0.58117 0.673283 0.0338997 0.0364696
0 0.689125 0.759068 0.0591289 0.0436897
0 0.717331 0.763926 0.092189 0.0496476
0 0.711039 0.619985 0.0458372 0.0332151
0 0.684755 0.677152 0.0399681 0.0310707
0 0.75925 0.61481 0.0448042 0.0329671
0 0.749451 0.821909 0.125253 0.0590116
0 0.779505 0.625427 0.0368449 0.0322283
0 0.768882 0.823834 0.0943054 0.0607627
0 0.715104 0.704309 0.0451294 0.0373071
0 0.607202 0.699013 0.0862696 0.0517614
0 0.598886 0.694085 0.066186 0.0485408
0 0.825382 0.881468 0.162008 0.0825806
0 0.639658 0.717986 0.087944 0.0577756
0 0.7609 0.727448 0.041287 0.0365274
0 0.823767 0.637203 0.0330944 0.0303197
0 0.656421 0.723655 0.135443 0.0556722
0 0.739567 0.642067 0.04266 0.0366834
0 0.753812 0.725397 0.0572868 0.0397636
0 0.722738 0.71904 0.0978477 0.0474965
0 0.610102 0.765297 0.124303 0.073219
0 0.787549 0.6477 0.0441008 0.0370453
0 0.632059 0.767743 0.174881 0.0709811
0 0.591594 0.759694 0.0845827 0.077358
0 0.797624 0.975744 0.0796405 0.0432261
0 0.693023 0.761575 0.166359 0.0641144
0 0.666165 0.762646 0.196167 0.0743193
0 0.720706 0.765826 0.120743 0.0565234
0 0.884683 0.978831 0.157824 0.0423375
0 0.779782 0.647898 0.0613119 0.0396436
0 0.890396 0.981424 0.120802 0.0371517
0 0.802063 0.97867 0.108603 0.04266
0 0.744379 0.772572 0.0602978 0.0425081
0 0.73507 0.769694 0.0808142 0.0506012
0 0.553046 0.876111 0.291107 0.154511
0 0.694105 0.665643 0.0546038 0.0435254
0 0.627171 0.676633 0.0982751 0.0600471
0 0.532314 0.910971 0.300136 0.168654
0 0.690822 0.673552 0.0513196 0.0391922
0 0.699755 0.711883 0.0925346 0.0591466
0 0.711088 0.709535 0.067178 0.056296
0 0.688982 0.715716 0.126449 0.0764362
0 0.713265 0.769433 0.153208 0.0777219
0 0.668081 0.837963 0.187196 0.0664973
0 0.737341 0.77041 0.093952 0.0687561
0 0.614632 0.827905 0.101579 0.0631804
0 0.603125 0.822919 0.0751627 0.0603539
0 0.633064 0.836422 0.157936 0.0670509
0 0.748757 0.798889 0.165778 0.0839587
0 0.69885 0.895669 0.20049 0.0842969
0 0.766493 0.800544 0.11805 0.0798276
0 0.683349 0.896828 0.212581 0.111662
0 0.626311 0.870355 0.0848177 0.0705296
0 0.648389 0.879488 0.13947 0.0764044
0 0.67518 0.888298 0.2519 0.0789258
0 0.722181 0.799225 0.181924 0.0775159
0 0.749091 0.87641 0.269948 0.138345
0 0.645618 0.971055 0.142448 0.0578902
0 0.78267 0.979922 0.141687 0.0401559
0 0.655737 0.9723 0.213692 0.0554006
0 0.768109 0.977944 0.196186 0.0441124
0 0.758125 0.948122 0.407063 0.101854
0 0.552827 0.939935 0.39796 0.12013
0 0.968841 0.736634 0.0593922 0.049417
0 0.404315 0.950046 0.400891 0.0965202
0 0.960696 0.734432 0.0786087 0.0494886
0 0.945866 0.736738 0.108269 0.053724
0 0.870263 0.723161 0.0795052 0.0528122
0 0.926169 0.733795 0.137522 0.0513255
0 0.858096 0.720986 0.0535055 0.0498652
0 0.904329 0.730873 0.159757 0.0515305
0 0.947275 0.736236 0.0686531 0.0482414
0 0.938882 0.737629 0.0921112 0.0529864
0 0.362317 0.956615 0.396053 0.0867694
0 0.853284 0.728262 0.115767 0.0522984
0 0.911852 0.734544 0.132974 0.0528502
0 0.888591 0.733553 0.133628 0.0504466
0 0.845409 0.723622 0.0843174 0.0522555
0 0.752873 0.720378 0.107973 0.0481489
0 0.805037 0.723749 0.121299 0.0536921
0 0.778281 0.725771 0.20199 0.056265
0 0.828258 0.723901 0.0669664 0.046303
0 0.773451 0.722549 0.137909 0.0506279
0 0.815086 0.721737 0.0900806 0.0510864
0 0.736529 0.713079 0.0701677 0.0440674
0 0.531914 0.890548 0.258758 0.130245
0 0.987183 0.733203 0.0250364 0.033254
0 0.513008 0.888779 0.214002 0.107222
0 0.572961 0.955463 0.383275 0.0890741
0 0.923947 0.88592 0.152106 0.0584312
0 0.443678 0.823504 0.123626 0.070841
0 0.909504 0.942517 0.180992 0.114966
0 0.441386 0.829577 0.164144 0.0750755
0 0.973895 0.734359 0.0517254 0.0379172
0 0.837116 0.674353 0.0362278 0.0329132
0 0.422797 0.834904 0.155896 0.0701736
0 0.926658 0.632466 0.067877 0.0469125
0 0.351893 0.857318 0.0863235 0.058993
0 0.851066 0.930929 0.294835 0.134824
0 0.906238 0.729765 0.0539717 0.0427048
0 0.328508 0.839679 0.150655 0.0790316
0 0.71192 0.664055 0.0524488 0.0323418
0 0.314618 0.849445 0.192971 0.0816683
0 0.698498 0.662645 0.0525908 0.0343594
0 0.799484 0.624928 0.0685435 0.0490762
0 0.294993 0.855523 0.178593 0.0735559
0 0.635097 0.915814 0.26061 0.131758
0 0.691036 0.70841 0.0440845 0.0412275
0 0.60647 0.615572 0.0683968 0.0436701
0 0.0994816 0.882498 0.185625 0.096604
0 0.61611 0.618216 0.0492348 0.0450058
0 0.635112 0.704859 0.0373972 0.0334051
0 0.531794 0.657741 0.0522127 0.0350622
0 0.593642 0.614403 0.0861864 0.043302
0 0.583728 0.618657 0.102205 0.0434491
0 0.520159 0.658669 0.066432 0.0347431
0 0.574664 0.613851 0.0633918 0.0384555
0 0.512617 0.658948 0.0486439 0.033007
0 0.567828 0.613084 0.0443012 0.0365715
0 0.664961 0.585276 0.0309662 0.0253393
0 0.592984 0.913323 0.258598 0.134328
0 0.0734517 0.886218 0.146903 0.101998
0 0.655594 0.705204 0.0431273 0.0410233
0 0.578577 0.616755 0.052745 0.045988
0 0.495459 0.657749 0.055748 0.0351758
0 0.599782 0.700545 0.0353438 0.0318885
0 0.567698 0.614951 0.0732588 0.042799
0 0.552536 0.618082 0.106974 0.0434125
0 0.602261 0.703951 0.045186 0.0339172
0 0.486111 0.658751 0.0643496 0.0346179
0 0.538225 0.613592 0.0581043 0.0379804
0 0.475639 0.658907 0.042042 0.0327464
0 0.060583 0.948252 0.121166 0.103495
0 0.723881 0.735768 0.06152 0.0496353
0 0.547357 0.676135 0.0433918 0.0315463
0 0.702488 0.73657 0.101606 0.0533071
0 0.574818 0.618977 0.0384058 0.0282153
0 0.669196 0.729892 0.0607124 0.036574
0 0.540187 0.675667 0.0584112 0.0335372
0 0.635249 0.627728 0.0456923 0.049218
0 0.682014 0.734554 0.0871702 0.0432953
0 0.579008 0.620713 0.0458677 0.0334465
0 0.0276235 0.956635 0.055247 0.0837425
0 0.68118 0.735494 0.0591196 0.0514844
0 0.536313 0.618971 0.037384 0.0286112
0 0.501323 0.675594 0.0569319 0.032819
0 0.623877 0.729961 0.0518105 0.0379977
0 0.589806 0.626129 0.0580784 0.0450211
0 0.653249 0.733643 0.104344 0.0491559
0 0.63148 0.734544 0.0707731 0.0411894
0 0.667347 0.736086 0.0908281 0.0559573
0 0.621289 0.766054 0.0655809 0.0563917
0 0.415053 0.694409 0.0674133 0.0397181
0 0.511185 0.634547 0.0729879 0.0491983
0 0.609693 0.763585 0.0823579 0.0550681
0 0.718187 0.87718 0.173697 0.0977875
0 0.48496 0.740663 0.048868 0.0452098
0 0.476304 0.741949 0.067705 0.0466705
0 0.58644 0.662093 0.0810662 0.0547412
0 0.442854 0.742862 0.0457216 0.0405032
0 0.700319 0.871014 0.158325 0.0736931
0 0.453304 0.746094 0.0708172 0.0448809
0 0.527622 0.645774 0.0523524 0.0397898
0 0.531162 0.649891 0.0655489 0.0422524
0 0.453258 0.856579 0.131111 0.0684113
0 0.431861 0.853947 0.0885116 0.0674637
0 0.630451 0.719456 0.0586214 0.0508428
0 0.698296 0.778241 0.0761046 0.0552303
0 0.69603 0.71249 0.0435659 0.0434764
0 0.590381 0.71788 0.0902705 0.0716688
0 0.700122 0.631243 0.035088 0.0323458
0 0.488478 0.969903 0.246259 0.060194
0 0.636161 0.776571 0.0741329 0.0414197
0 0.682776 0.775797 0.148373 0.0580527
0 0.534691 0.733147 0.0963565 0.0793124
0 0.635095 0.789085 0.0996914 0.060832
0 0.640631 0.718058 0.0525097 0.0437916
0 0.651484 0.78957 0.0646252 0.0627497
0 0.868253 0.844561 0.159714 0.0812963
0 0.878149 0.721523 0.0585854 0.051178
0 0.833448 0.83794 0.137711 0.0770447
0 0.870085 0.725204 0.0778332 0.0510007
0 0.792734 0.717242 0.107736 0.0508906
0 0.81074 0.718686 0.117565 0.0555311
0 0.825378 0.826258 0.110735 0.0643664
0 0.665856 0.704805 0.0494782 0.0489014
0 0.653442 0.816182 0.124073 0.0705653
0 0.624224 0.813883 0.124784 0.0635553
0 0.97971 0.727378 0.0375256 0.036941
0 0.584056 0.700215 0.0668232 0.0481266
0 0.857021 0.708219 0.0412153 0.0354123
0 0.536741 0.809582 0.109971 0.0629295
0 0.551123 0.698728 0.0515543 0.0461553
0 0.523019 0.812171 0.155916 0.0674636
0 0.557768 0.697699 0.0374442 0.043472
0 0.474697 0.697929 0.0722408 0.0521661
0 0.499368 0.805371 0.101597 0.0607424
0 0.12866 0.625954 0.0503862 0.0323236
0 0.553348 0.807918 0.079512 0.0656329
0 0.8106 0.707667 0.0400372 0.0325209
0 0.847346 0.709231 0.0581375 0.0366121
0 0.459725 0.697044 0.038839 0.0430748
0 0.737452 0.696951 0.0442784 0.0359021
0 0.978271 0.708061 0.0430927 0.0504758
0 0.436935 0.809506 0.104932 0.0629939
0 0.45313 0.69878 0.0532717 0.0474274
0 0.405001 0.815613 0.131446 0.0643689
0 0.729999 0.696394 0.061283 0.0375605
0 0.702201 0.696731 0.037534 0.0325836
0 0.37149 0.701856 0.0631645 0.0482249
0 0.968416 0.708523 0.0631672 0.048128
0 0.453293 0.807662 0.0738873 0.0652402
0 0.380859 0.804283 0.0680469 0.0532405
0 0.396908 0.809481 0.102443 0.0586405
0 0.959345 0.704641 0.0705666 0.0385741
0 0.340626 0.703734 0.0476729 0.0469783
0 0.626645 0.691333 0.0347702 0.0335817
0 0.300316 0.82823 0.200605 0.0725577
0 0.928222 0.700446 0.0620411 0.0518051
0 0.303574 0.822368 0.146943 0.0699585
0 0.331905 0.708354 0.0619034 0.053981
0 0.275307 0.822896 0.112864 0.0641743
0 0.916821 0.701151 0.0883003 0.0503199
0 0.808367 0.684938 0.0354612 0.0329093
0 0.585626 0.69305 0.0360012 0.0340055
0 0.868237 0.702739 0.0874866 0.0494179
0 0.804487 0.687488 0.032579 0.0326021
0 0.315608 0.817632 0.108333 0.0741127
0 0.687918 0.699278 0.0373443 0.0368144
0 0.359056 0.832659 0.156473 0.0747348
0 0.647762 0.699626 0.0331564 0.0302492
0 0.334824 0.834127 0.134391 0.0683754
0 0.949717 0.718815 0.100566 0.0554166
0 0.396866 0.708598 0.0485221 0.0447006
0 0.936426 0.719185 0.127149 0.0565437
0 0.323854 0.714066 0.119711 0.051147
0 0.32169 0.827982 0.0964517 0.0629653
0 0.381887 0.712474 0.0744492 0.0493036
0 0.411656 0.883899 0.170414 0.100628
0 0.147302 0.636303 0.043908 0.0369761
0 0.785408 0.727909 0.0524619 0.0426374
0 0.433571 0.728165 0.107313 0.0577797
0 0.460426 0.723651 0.0540991 0.0550743
0 0.451619 0.725986 0.0719015 0.0545993
0 0.369358 0.731588 0.0796026 0.0510409
0 0.43074 0.730948 0.147808 0.0649078
0 0.166459 0.641406 0.0435355 0.0342832
0 0.867532 0.760477 0.0531755 0.0484586
0 0.430561 0.941559 0.212104 0.116883
0 0.173664 0.641073 0.0325844 0.0339965
0 0.854144 0.760112 0.082246 0.0473165
0 0.149431 0.642322 0.0509161 0.0352676
0 0.452177 0.771034 0.186161 0.0793307
0 0.395373 0.754617 0.0963865 0.0602014
0 0.138499 0.642883 0.028896 0.0340492
0 0.81582 0.756502 0.0643578 0.0400701
0 0.409443 0.757808 0.136559 0.0592506
1 0.0126089 0.655192 0.0235534 0.0305099
0 0.0303194 0.654367 0.0509227 0.0392214
0 0.975133 0.738956 0.0497332 0.0457227
0 0.34095 0.765835 0.166571 0.0771867
0 0.302694 0.943345 0.239256 0.101975
0 0.718171 0.745796 0.0932005 0.0474445
0 0.0212843 0.65515 0.0419514 0.0397279
0 0.731057 0.744506 0.0662308 0.0486064
0 0.34702 0.75956 0.130956 0.0647926
0 0.373768 0.754338 0.0764261 0.0646357
0 0.697288 0.743637 0.0769133 0.0400495
0 0.27627 0.764571 0.0954645 0.0595151
0 0.712577 0.749572 0.12577 0.0471598
0 0.67851 0.737798 0.0530447 0.0432559
0 0.944415 0.753706 0.11117 0.0713117
0 0.957199 0.749303 0.0856014 0.0758016
0 0.31849 0.757754 0.0744858 0.0617751
0 0.30304 0.760907 0.100606 0.0620951
0 0.237124 0.952189 0.269442 0.0896344
0 0.927036 0.752095 0.145928 0.0728686
0 0.630763 0.738665 0.0446844 0.0377314
0 0.20949 0.771104 0.0928809 0.0562274
0 0.660509 0.752802 0.0558135 0.0489349
0 0.93801 0.769084 0.12398 0.0744261
0 0.651933 0.755002 0.073938 0.050302
0 0.953986 0.765474 0.092029 0.0772751
0 0.234388 0.801171 0.172332 0.0837561
0 0.919574 0.768797 0.160851 0.0769961
0 0.637015 0.755996 0.10893 0.0513079
0 0.244488 0.789191 0.142298 0.0700645
0 0.153731 0.983773 0.161171 0.0324544
0 0.22856 0.978493 0.10791 0.0430148
0 0.775568 0.826506 0.129861 0.0632589
0 0.238999 0.871137 0.259566 0.116455
0 0.268606 0.865837 0.203088 0.0944143
0 0.800216 0.827079 0.0738518 0.0652055
0 0.755469 0.821966 0.0989338 0.0585711
0 0.203854 0.866377 0.179778 0.0883371
0 0.708824 0.821912 0.134782 0.0623449
0 0.167477 0.873276 0.28504 0.114359
0 0.204036 0.868971 0.238921 0.095614
0 0.727398 0.819031 0.0868272 0.0651805
0 0.15921 0.889762 0.272552 0.124702
0 0.708352 0.823856 0.142833 0.0643384
0 0.719932 0.823056 0.100171 0.0619428
0 0.822534 0.957303 0.1936 0.0851915
0 0.165824 0.968496 0.244247 0.0630071
0 0.831585 0.952274 0.249108 0.0892751
0 0.828365 0.970427 0.254559 0.0587031
0 0.653721 0.904803 0.347733 0.165201
0 0.617224 0.896207 0.259792 0.148847
0 0.389726 0.901813 0.300296 0.170511
0 0.748838 0.732854 0.0925504 0.0432571
0 0.881917 0.718716 0.130213 0.0532225
0 0.257001 0.909773 0.328199 0.156074
0 0.770243 0.702146 0.0683212 0.0539861
0 0.216351 0.91269 0.236927 0.145621
0 0.622277 0.716131 0.0612434 0.0388659
0 0.630229 0.720921 0.0779774 0.0437851
0 0.750407 0.701894 0.104468 0.0531016
0 0.689796 0.712615 0.0842255 0.0648357
0 0.716405 0.70629 0.124532 0.0507674
0 0.184353 0.914212 0.327927 0.157985
0 0.558601 0.713189 0.0628891 0.0384079
0 0.566107 0.718226 0.0774255 0.0427602
0 0.692274 0.696554 0.07738 0.0482957
0 0.139745 0.919682 0.271475 0.149583
0 0.677316 0.69711 0.12457 0.0499743
0 0.166263 0.915867 0.322266 0.15748
0 0.681904 0.695463 0.0575283 0.0494197
0 0.542382 0.712494 0.0695465 0.03849
0 0.5493 0.716859 0.0824714 0.0415958
0 0.596722 0.706753 0.0646235 0.0708705
0 0.672367 0.694605 0.0805744 0.0475741
0 0.111613 0.921162 0.2207 0.144701
0 0.590456 0.711574 0.0694143 0.0564982
0 0.178076 0.941278 0.324624 0.117444
0 0.70864 0.720217 0.137264 0.056384
0 0.706098 0.73082 0.18804 0.07292
0 0.691473 0.725086 0.152386 0.06603
0 0.158592 0.939605 0.317184 0.107789
0 0.682562 0.718533 0.128545 0.0548429
0 0.680018 0.729208 0.194369 0.0720568
0 0.670467 0.909169 0.118263 0.103498
0 0.869581 0.844549 0.217044 0.109188
0 0.720348 0.92661 0.218281 0.116384
0 0.695216 0.910551 0.179901 0.101702
0 0.741781 0.928972 0.206694 0.0866422
0 0.722487 0.919374 0.251087 0.0892602
0 0.868853 0.891822 0.252333 0.146366
0 0.713864 0.951302 0.198938 0.0943504
0 0.798275 0.879186 0.271623 0.132117
0 0.645315 0.945033 0.187217 0.100276
0 0.675517 0.951437 0.300008 0.0957453
0 0.802822 0.743268 0.155025 0.059544
0 0.855139 0.750305 0.123054 0.0579315
0 0.827711 0.746534 0.169986 0.058402
0 0.879119 0.751289 0.0718882 0.0603853
0 0.783802 0.741346 0.106805 0.0601855
0 0.773519 0.736278 0.0791822 0.0586077
0 0.781055 0.737295 0.065737 0.0552401
0 0.75917 0.737617 0.112286 0.0586164
0 0.695183 0.733876 0.097514 0.0528035
0 0.681476 0.732401 0.06768 0.0477214
0 0.712229 0.736392 0.132791 0.0518812
0 0.740335 0.735669 0.137405 0.054398
0 0.723831 0.786395 0.110322 0.0692017
0 0.638361 0.779215 0.103631 0.0668818
0 0.711428 0.783481 0.182013 0.0725217
0 0.739644 0.785936 0.0833162 0.0752622
0 0.65532 0.783076 0.147338 0.0648599
0 0.534128 0.870545 0.256941 0.115528
0 0.5124 0.869515 0.210943 0.0952067
0 0.558697 0.889795 0.267849 0.134423
0 0.928578 0.942149 0.142844 0.0813243
0 0.659765 0.880691 0.184308 0.100844
0 0.51216 0.878491 0.170299 0.111036
0 0.490356 0.885358 0.219758 0.117491
0 0.924586 0.634631 0.0759384 0.0504896
0 0.857364 0.675683 0.0478811 0.0329539
0 0.909439 0.940927 0.181122 0.11291
0 0.38716 0.884832 0.174319 0.114787
0 0.935791 0.728053 0.0545753 0.0432707
0 0.723354 0.664716 0.0478174 0.0346832
0 0.361005 0.891835 0.227396 0.121224
0 0.79177 0.625901 0.0547955 0.0448345
0 0.700185 0.663124 0.0417954 0.032473
0 0.707792 0.663197 0.0588188 0.0342049
0 0.869318 0.928934 0.261365 0.13616
0 0.635044 0.660976 0.0526613 0.0343722
0 0.284552 0.898822 0.230095 0.122744
0 0.849466 0.718813 0.0525024 0.0373286
0 0.728303 0.6222 0.0357891 0.0411552
0 0.65065 0.660058 0.0556894 0.0322495
0 0.316584 0.891543 0.183161 0.121553
0 0.628452 0.661052 0.0358863 0.0328068
0 0.844208 0.714373 0.0563272 0.0413144
0 0.659293 0.660128 0.0417049 0.0311845
0 0.786309 0.711899 0.0490904 0.0362031
0 0.816173 0.918591 0.29663 0.135377
0 0.649551 0.616815 0.0587722 0.0469228
0 0.777374 0.710474 0.0460377 0.0387945
0 0.202065 0.908886 0.261333 0.129792
0 0.637978 0.613271 0.068401 0.0454828
0 0.233471 0.902592 0.191913 0.121649
0 0.713801 0.705042 0.0377722 0.0326523
0 0.578714 0.658834 0.0687235 0.0361333
