1 0.813637 0.928011 0.329908 0.143978
1 0.786901 0.939903 0.33707 0.117824
1 0.60783 0.821727 0.114363 0.0565683
1 0.251652 0.838325 0.104642 0.0618838
1 0.658909 0.965952 0.217739 0.0675975
1 0.232163 0.874949 0.104554 0.0671329
1 0.212792 0.857215 0.229809 0.22565
1 0.168763 0.881082 0.270608 0.218082
1 0.325688 0.726086 0.100974 0.067334
1 0.496884 0.663724 0.0415285 0.0519206
1 0.304506 0.728352 0.0917847 0.0657987
1 0.339114 0.726868 0.0742688 0.0639974
1 0.491054 0.659178 0.0444845 0.0535833
1 0.313013 0.755742 0.130716 0.0739716
1 0.327813 0.755499 0.0903341 0.0758301
1 0.284438 0.786037 0.155683 0.086727
1 0.255176 0.786172 0.141231 0.0860616
1 0.297684 0.78425 0.109794 0.0880538
1 0.153083 0.919437 0.281648 0.147201
1 0.655577 0.729197 0.102453 0.0634506
1 0.750947 0.792365 0.142533 0.087446
1 0.0783907 0.829108 0.14589 0.14868
1 0.0823045 0.808831 0.122992 0.0878117
1 0.774994 0.806889 0.162244 0.0900322
1 0.0841329 0.82973 0.154883 0.13028
1 0.0896558 0.810724 0.128158 0.0835643
1 0.110173 0.868452 0.199312 0.132228
1 0.920032 0.889465 0.150855 0.161421
1 0.12844 0.914554 0.239294 0.147135
1 0.724225 0.702549 0.0753485 0.0475487
1 0.78761 0.834979 0.0309251 0.0375439
1 0.478523 0.974869 0.131093 0.0492728
1 0.647941 0.697809 0.0769998 0.047338
1 0.639551 0.722999 0.0742452 0.0505699
1 0.674951 0.805523 0.121908 0.0860176
1 0.653828 0.809016 0.130339 0.0851695
1 0.644089 0.91583 0.191395 0.144429
1 0.918996 0.823784 0.162008 0.101062
1 0.750287 0.810786 0.135106 0.0949359
1 0.927249 0.958499 0.121361 0.0830018
1 0.584 0.799022 0.137141 0.0939143
1 0.799805 0.937601 0.231089 0.124798
1 0.825315 0.60036 0.04538 0.0519096
1 0.929206 0.601296 0.0288574 0.0357302
1 0.686532 0.936392 0.206196 0.127215
1 0.488392 0.802637 0.14209 0.0930417
1 0.502812 0.797356 0.102521 0.0986099
1 0.402382 0.80724 0.137999 0.0959529
1 0.592908 0.933569 0.190246 0.132862
1 0.645706 0.589423 0.0293414 0.0314067
1 0.349026 0.811826 0.133715 0.0969751
1 0.542394 0.934651 0.187693 0.130699
1 0.369769 0.836842 0.157413 0.114215
1 0.637041 0.59033 0.0265687 0.0327596
1 0.773406 0.633091 0.0597551 0.0581505
1 0.586643 0.574098 0.0298677 0.0331053
1 0.376064 0.853876 0.160016 0.127352
1 0.52929 0.974269 0.175756 0.0514614
1 0.737604 0.59934 0.0318014 0.0477687
1 0.804517 0.63303 0.0372179 0.0534922
1 0.333208 0.856837 0.166864 0.129865
1 0.489744 0.975379 0.141239 0.0492421
1 0.682536 0.654819 0.0421043 0.0416112
1 0.752036 0.631746 0.0461501 0.0585267
1 0.559853 0.573047 0.0293829 0.0322002
1 0.529123 0.591111 0.0362114 0.0377085
1 0.815814 0.640998 0.0397839 0.0492992
1 0.288327 0.923262 0.239041 0.153475
1 0.776092 0.644032 0.0451265 0.0625679
1 0.710272 0.597869 0.0311158 0.042822
1 0.623892 0.589694 0.0337547 0.0317243
1 0.704099 0.668061 0.0485765 0.0441733
1 0.541434 0.594338 0.0422127 0.0476911
1 0.685305 0.602044 0.0367591 0.0396591
1 0.35484 0.95713 0.187797 0.0857391
1 0.787977 0.612135 0.0367979 0.0482827
1 0.366808 0.950738 0.243716 0.0940606
1 0.879061 0.66501 0.0446026 0.0608376
1 0.796432 0.691092 0.0476134 0.0484861
1 0.678849 0.605931 0.0429777 0.0423337
1 0.715845 0.611408 0.0380818 0.0489878
1 0.286122 0.954546 0.220322 0.0892757
1 0.622493 0.60064 0.0411692 0.0475614
1 0.719889 0.607331 0.0365145 0.0509481
1 0.798083 0.655643 0.0498953 0.0626475
1 0.615971 0.601337 0.0479086 0.0439013
1 0.606126 0.602786 0.0436304 0.0396426
1 0.539744 0.601465 0.0435298 0.0544164
1 0.909628 0.817705 0.170572 0.103604
1 0.707052 0.616988 0.0319349 0.0309474
1 0.608187 0.796461 0.0298889 0.0433136
1 0.863802 0.810334 0.142918 0.0983489
1 0.669224 0.615529 0.026036 0.0296755
1 0.859645 0.809442 0.152316 0.0974726
1 0.662148 0.615641 0.0268667 0.0313235
1 0.939934 0.934549 0.120132 0.118199
1 0.827558 0.642196 0.0312201 0.0444832
1 0.720875 0.792127 0.0761742 0.0551804
1 0.695325 0.782969 0.0407583 0.0466298
1 0.827598 0.656542 0.0283527 0.0434586
1 0.703317 0.783881 0.0591367 0.0492395
1 0.713151 0.786719 0.081967 0.0535001
1 0.735632 0.793489 0.0556376 0.0449346
1 0.729304 0.826632 0.0963795 0.0634229
1 0.746043 0.829814 0.0744951 0.0586756
1 0.734343 0.632847 0.0400089 0.0451711
1 0.710094 0.804096 0.19105 0.094099
1 0.83352 0.665485 0.103235 0.0490966
1 0.594283 0.84177 0.282526 0.141426
1 0.478616 0.917651 0.329065 0.160748
1 0.597521 0.689068 0.151521 0.0624569
1 0.42549 0.916663 0.209324 0.156622
1 0.570656 0.741083 0.137001 0.103333
1 0.589149 0.783945 0.140952 0.0876956
1 0.539728 0.878591 0.108842 0.0691368
1 0.681753 0.914101 0.254329 0.155122
1 0.706228 0.955437 0.391755 0.085254
1 0.705383 0.955469 0.391818 0.0849608
1 0.505445 0.953968 0.385441 0.086437
1 0.379736 0.954702 0.388572 0.0859978
1 0.313157 0.96048 0.322373 0.0746624
1 0.904225 0.744195 0.0530071 0.0497258
1 0.854154 0.736896 0.0678227 0.0511935
1 0.26486 0.967066 0.261803 0.0635387
1 0.751016 0.722522 0.0671711 0.0571728
1 0.201905 0.971906 0.237514 0.0522565
1 0.765382 0.723727 0.0729259 0.0574107
1 0.839378 0.766118 0.0905319 0.0591497
1 0.787441 0.758976 0.068385 0.0609703
1 0.798831 0.759699 0.059234 0.0596374
1 0.842684 0.848519 0.215489 0.097923
1 0.755399 0.892292 0.253556 0.147843
1 0.763169 0.941394 0.381173 0.11536
1 0.727894 0.806251 0.0790901 0.0656071
1 0.417328 0.79408 0.0768511 0.0636738
1 0.834905 0.907134 0.235348 0.143477
1 0.357646 0.820391 0.0682323 0.071906
1 0.716263 0.8747 0.174823 0.109549
1 0.696275 0.879024 0.219384 0.132763
1 0.639719 0.867031 0.169511 0.100351
1 0.822643 0.853538 0.115628 0.0690797
1 0.564143 0.731623 0.0656439 0.0470746
1 0.850959 0.88707 0.141732 0.068994
1 0.79064 0.871421 0.105963 0.0715736
1 0.795725 0.886307 0.125361 0.0755544
1 0.574514 0.868322 0.107815 0.0702443
1 0.07251 0.814813 0.1376 0.198672
1 0.770814 0.800953 0.0664194 0.0564761
1 0.986434 0.788069 0.0263861 0.0563332
1 0.54684 0.787009 0.0656105 0.0548627
1 0.736043 0.750942 0.0320696 0.0411517
1 0.927905 0.697664 0.040465 0.0491042
1 0.848166 0.718557 0.0291252 0.042249
1 0.383786 0.795219 0.0689406 0.05948
1 0.322013 0.791479 0.0411571 0.0435073
1 0.335341 0.79327 0.0733101 0.0522443
1 0.445321 0.812943 0.0717913 0.0638367
1 0.965282 0.708844 0.0694359 0.0493725
1 0.382828 0.806316 0.043957 0.0431552
1 0.408987 0.813457 0.0610161 0.0644267
1 0.363997 0.822447 0.0776007 0.0636977
1 0.351187 0.826438 0.0944974 0.0665377
1 0.335848 0.829539 0.141468 0.0702113
1 0.321726 0.943028 0.174759 0.106601
1 0.96514 0.737002 0.0697206 0.055009
1 0.293907 0.938766 0.124506 0.0927742
1 0.328172 0.795752 0.126082 0.0884441
1 0.750729 0.767202 0.0609024 0.0457584
1 0.311622 0.810333 0.163285 0.14192
1 0.261091 0.870799 0.216508 0.136822
1 0.796972 0.814662 0.0538023 0.0583135
1 0.291924 0.866572 0.165025 0.124904
1 0.803039 0.817112 0.0373604 0.050179
1 0.207045 0.897365 0.233911 0.139794
1 0.744504 0.824514 0.105624 0.0619937
1 0.764019 0.82494 0.0650075 0.0642138
1 0.892638 0.962222 0.195347 0.0735708
1 0.875767 0.971489 0.248466 0.0556338
1 0.914471 0.920223 0.171058 0.159553
1 0.619032 0.878761 0.269778 0.155508
1 0.96416 0.748477 0.0672546 0.0436183
1 0.958382 0.744657 0.0544685 0.0405055
1 0.403237 0.874361 0.259392 0.144854
1 0.816725 0.706767 0.158074 0.0631083
1 0.610847 0.806639 0.026086 0.0345055
1 0.815801 0.711811 0.199246 0.069488
1 0.829381 0.702736 0.121841 0.0585269
1 0.286655 0.884232 0.264295 0.146541
1 0.708748 0.695218 0.134391 0.0614971
1 0.717005 0.692486 0.0968829 0.0576342
1 0.506334 0.802327 0.0254326 0.0342298
1 0.225557 0.896785 0.282154 0.164799
1 0.455095 0.806153 0.0257282 0.0355657
1 0.67651 0.690577 0.0594805 0.0468629
1 0.666849 0.691891 0.0756918 0.0542943
1 0.690195 0.692281 0.0528297 0.0474092
1 0.192128 0.899065 0.222309 0.146378
1 0.17494 0.903305 0.293968 0.168474
1 0.618238 0.689409 0.0898148 0.0544339
1 0.608485 0.692215 0.128307 0.0608317
1 0.412779 0.807979 0.0273061 0.0323544
1 0.632206 0.687531 0.0701465 0.0497971
1 0.205644 0.923643 0.310685 0.15046
1 0.686299 0.706655 0.141193 0.0641196
1 0.702598 0.703935 0.0852837 0.0600802
1 0.165093 0.933905 0.284976 0.124597
1 0.488675 0.876857 0.0279222 0.0340436
1 0.229389 0.939657 0.306032 0.120685
1 0.720378 0.73021 0.196838 0.0768725
1 0.722324 0.724875 0.147453 0.0682846
1 0.618316 0.740131 0.0377205 0.0401051
1 0.277984 0.940646 0.207042 0.113027
1 0.627527 0.74398 0.0578083 0.0434668
1 0.745473 0.721657 0.0988607 0.0641319
1 0.657567 0.720225 0.132888 0.067115
1 0.419875 0.879329 0.0261192 0.0327835
1 0.657101 0.725746 0.178163 0.0795312
1 0.197998 0.947475 0.266157 0.0972092
1 0.553157 0.737687 0.0371591 0.0398026
1 0.635691 0.715326 0.13064 0.0624772
1 0.645842 0.712026 0.0850006 0.0590724
1 0.396684 0.882099 0.0243433 0.0281788
1 0.166419 0.949544 0.266417 0.0911278
1 0.53111 0.737957 0.0374477 0.0412409
1 0.622176 0.72161 0.216532 0.0718864
1 0.662316 0.770101 0.224205 0.0929625
1 0.626232 0.783905 0.21902 0.138877
1 0.550937 0.816247 0.108653 0.059361
1 0.530685 0.80815 0.0701965 0.0632764
1 0.777652 0.857312 0.216059 0.140086
1 0.647141 0.94216 0.188594 0.103336
1 0.760959 0.87921 0.227777 0.149365
1 0.799865 0.955149 0.366158 0.0880013
1 0.85589 0.772591 0.088135 0.0629445
1 0.840698 0.772012 0.115443 0.0666449
1 0.798258 0.763271 0.108652 0.0687505
1 0.811612 0.769422 0.13724 0.0645693
1 0.776792 0.762152 0.0988765 0.0675621
1 0.727732 0.759942 0.106754 0.0577845
1 0.708478 0.75883 0.0749922 0.0622617
1 0.739279 0.761139 0.0800434 0.0609191
1 0.690962 0.756846 0.0973265 0.0614334
1 0.725667 0.759622 0.0728037 0.0652594
1 0.674225 0.794622 0.103748 0.0660585
1 0.748208 0.800186 0.102442 0.0767091
1 0.729025 0.796461 0.131365 0.0832865
1 0.648537 0.885487 0.247074 0.13898
1 0.65268 0.905124 0.268187 0.14867
1 0.947303 0.912635 0.102393 0.0900129
1 0.881504 0.912297 0.23003 0.144705
1 0.834878 0.900985 0.237307 0.134408
1 0.798104 0.892624 0.224319 0.138421
