0 0.815163 0.745235 0.0537304 0.0457667
0 0.600182 0.676338 0.0403114 0.0320554
0 0.805551 0.74286 0.0683163 0.0484512
0 0.201521 0.967782 0.16845 0.0644367
0 0.597099 0.617768 0.0313462 0.0262323
0 0.590294 0.676679 0.0601809 0.0341653
0 0.667391 0.629034 0.0447004 0.0453812
0 0.573902 0.678189 0.0553701 0.0355629
0 0.792994 0.740457 0.083062 0.050949
0 0.738654 0.73278 0.0374969 0.0332868
0 0.198197 0.963427 0.222259 0.067704
0 0.751958 0.737046 0.0679117 0.0379832
0 0.659187 0.627906 0.0579822 0.048071
