0 0.804409 0.938464 0.350911 0.123072
0 0.981549 0.648011 0.0350285 0.0377803
0 0.642739 0.71322 0.048204 0.043251
0 0.475097 0.623936 0.0571486 0.0435947
0 0.437067 0.675363 0.0434299 0.031326
0 0.957425 0.678875 0.0450436 0.0376925
0 0.415308 0.614441 0.0321827 0.0312841
0 0.584906 0.712812 0.0516697 0.0357643
0 0.448141 0.680398 0.0432797 0.0314869
0 0.664647 0.727333 0.0520016 0.0400042
0 0.440909 0.679741 0.059207 0.0351655
0 0.496365 0.629771 0.0487125 0.041994
0 0.808573 0.955711 0.364471 0.0885778
0 0.423037 0.680241 0.048596 0.0342092
0 0.974861 0.687825 0.0483822 0.0385602
0 0.965088 0.688991 0.0698244 0.0391894
0 0.382168 0.849684 0.127049 0.0703267
0 0.441556 0.590448 0.0369776 0.0302241
0 0.485166 0.610922 0.029159 0.0306492
0 0.505357 0.707711 0.051165 0.0375532
0 0.400669 0.84827 0.0898194 0.0728533
0 0.411763 0.679427 0.0856498 0.0568876
0 0.461897 0.765758 0.0927258 0.0557381
0 0.361646 0.724012 0.0989718 0.0816579
0 0.465515 0.704108 0.0397535 0.040153
0 0.406023 0.77559 0.0539598 0.0393443
0 0.459351 0.625645 0.0398201 0.0329371
0 0.474106 0.765203 0.0642908 0.0584195
0 0.445498 0.767677 0.134756 0.0583405
0 0.279515 0.980353 0.230072 0.0392934
0 0.413505 0.776846 0.0729387 0.0484881
0 0.439185 0.881426 0.191429 0.0924009
0 0.389914 0.807393 0.233479 0.137709
0 0.463082 0.764566 0.0581391 0.0545736
0 0.411421 0.61337 0.048444 0.0306269
0 0.399936 0.821594 0.270042 0.141563
0 0.438061 0.939238 0.212624 0.115517
0 0.689498 0.615675 0.0311708 0.0323606
0 0.376108 0.830868 0.211461 0.142371
0 0.403438 0.855831 0.275791 0.209341
0 0.309409 0.908645 0.357756 0.172557
0 0.678659 0.627553 0.0448481 0.0370937
0 0.514788 0.676778 0.0472311 0.0379786
0 0.722339 0.651532 0.0393314 0.041169
0 0.505749 0.725647 0.0504808 0.0497785
0 0.710446 0.648854 0.0579248 0.0379503
0 0.496876 0.723717 0.068728 0.050433
0 0.471725 0.722122 0.120028 0.0595955
0 0.439021 0.726488 0.105892 0.0586908
0 0.696357 0.647417 0.0577024 0.0344256
0 0.321538 0.662555 0.0383397 0.0327171
0 0.684764 0.647248 0.0449034 0.033432
0 0.340918 0.659157 0.0529844 0.0335835
0 0.35122 0.656652 0.048941 0.0321841
0 0.452989 0.751165 0.0817234 0.0612334
0 0.540036 0.754253 0.0588791 0.0563683
0 0.338399 0.675219 0.0412925 0.0336919
0 0.382958 0.665224 0.0484732 0.0375355
0 0.517388 0.753029 0.106599 0.0611842
0 0.776236 0.664182 0.0588977 0.0418935
0 0.505056 0.748654 0.164458 0.0694077
0 0.470593 0.751888 0.127153 0.0646038
0 0.38574 0.688765 0.0344438 0.0321821
0 0.484827 0.799723 0.201729 0.0889285
0 0.29416 0.70039 0.0401136 0.0331202
0 0.787821 0.6826 0.0819675 0.044342
0 0.301027 0.698696 0.059666 0.0383979
0 0.773622 0.687079 0.113975 0.0467738
0 0.314924 0.695969 0.080719 0.0427605
0 0.278335 0.75538 0.113369 0.0651077
0 0.841474 0.738658 0.126106 0.0641605
0 0.29477 0.75134 0.116277 0.0606875
0 0.432194 0.940409 0.353207 0.119183
0 0.866957 0.741609 0.117036 0.0560362
0 0.325213 0.745777 0.0625638 0.0449216
0 0.193226 0.775139 0.0389907 0.0385534
0 0.219443 0.769865 0.0864812 0.0556997
0 0.233541 0.764801 0.0834446 0.0560542
0 0.202071 0.774253 0.0550289 0.0416148
0 0.933972 0.823573 0.132056 0.0967923
0 0.164106 0.857729 0.260953 0.132084
0 0.208195 0.852269 0.17443 0.120736
1 0.801988 0.715366 0.0743988 0.049382
1 0.791065 0.715029 0.107086 0.052188
0 0.528148 0.980976 0.152494 0.0380472
0 0.525196 0.974884 0.171875 0.0502328
1 0.673033 0.699533 0.0659883 0.0472518
1 0.604164 0.697518 0.0604431 0.0501198
0 0.463385 0.974723 0.195622 0.0505548
0 0.459627 0.97926 0.145436 0.0414808
0 0.55862 0.986028 0.0830166 0.0279441
1 0.5719 0.694275 0.0600598 0.0484236
0 0.42779 0.974461 0.208175 0.0507147
0 0.414878 0.981525 0.13307 0.0368383
0 0.441162 0.979444 0.19541 0.0411111
1 0.559095 0.701862 0.0632103 0.0511429
1 0.607755 0.733929 0.0934092 0.0593679
1 0.597023 0.728316 0.0974985 0.0650355
1 0.639044 0.827627 0.129705 0.0870331
1 0.658706 0.824087 0.120832 0.0931503
1 0.58912 0.914417 0.197875 0.1471
0 0.760152 0.814943 0.174766 0.10053
0 0.932947 0.964908 0.134107 0.0701836
0 0.459111 0.804688 0.178845 0.0987598
0 0.656078 0.938996 0.229039 0.122007
0 0.729216 0.646515 0.0584181 0.0346286
0 0.385831 0.802833 0.0526953 0.0534615
0 0.571332 0.938504 0.228153 0.122992
0 0.379224 0.810874 0.172245 0.103427
0 0.61052 0.598861 0.0391811 0.0468669
0 0.701254 0.638971 0.0467876 0.0458663
0 0.354926 0.812011 0.174858 0.104037
0 0.545069 0.938188 0.224992 0.123625
0 0.283097 0.816861 0.0752906 0.0658611
0 0.678464 0.639511 0.0388041 0.0389654
1 0.725831 0.623977 0.0346489 0.0367432
0 0.417138 0.85431 0.204729 0.139386
0 0.788625 0.657718 0.0401789 0.0360517
0 0.907881 0.647693 0.0387056 0.0372261
0 0.681593 0.604387 0.0558575 0.0560524
0 0.356736 0.856436 0.0853456 0.0786532
0 0.6033 0.973781 0.240277 0.051206
0 0.611177 0.980154 0.185675 0.0396922
0 0.315077 0.855978 0.215232 0.142843
0 0.590712 0.603317 0.0429466 0.051457
0 0.795024 0.638031 0.0323288 0.0346074
0 0.261457 0.873169 0.103827 0.101516
0 0.682113 0.646 0.0448946 0.0480392
0 0.507753 0.971916 0.22435 0.056168
0 0.247412 0.862069 0.0761016 0.0735626
0 0.343804 0.940816 0.290831 0.118368
1 0.842509 0.652808 0.05355 0.0569725
0 0.792087 0.679062 0.0459664 0.0437075
0 0.949885 0.66338 0.0359791 0.0396791
0 0.943735 0.664724 0.0437866 0.0393789
0 0.374231 0.942502 0.229629 0.103707
0 0.724365 0.677273 0.0448955 0.0370162
0 0.736581 0.684168 0.0905214 0.0389982
0 0.766454 0.682139 0.0491608 0.0445605
1 0.819108 0.656177 0.0485871 0.0606166
0 0.924648 0.663112 0.0370192 0.0404625
0 0.328567 0.956637 0.246485 0.0778694
0 0.696572 0.679117 0.0477015 0.0360051
0 0.341304 0.951486 0.336305 0.0907356
0 0.91008 0.665794 0.0532467 0.0363749
0 0.861629 0.661175 0.0480984 0.0380117
0 0.724677 0.679872 0.0435425 0.0454103
0 0.660583 0.678129 0.0498643 0.0387255
1 0.780328 0.653154 0.0338297 0.0484332
0 0.279643 0.959084 0.218181 0.0736773
0 0.66898 0.683211 0.0762459 0.0424852
0 0.850915 0.660652 0.0577496 0.0394427
0 0.884393 0.773611 0.103724 0.0617963
0 0.623868 0.626729 0.0310147 0.03203
0 0.870995 0.772838 0.139975 0.0689048
0 0.902324 0.773849 0.0707689 0.0586623
0 0.849838 0.769624 0.199706 0.0735298
0 0.821199 0.77033 0.149198 0.0706201
0 0.780945 0.593915 0.0355902 0.030541
0 0.684589 0.665699 0.0442333 0.0313825
0 0.676175 0.666164 0.0356361 0.0304164
0 0.674518 0.681189 0.0390929 0.0309685
0 0.667459 0.680393 0.055179 0.0343864
0 0.871558 0.807495 0.248972 0.0940699
0 0.885388 0.811901 0.173438 0.0906316
0 0.825491 0.808069 0.15922 0.0786235
0 0.596124 0.633496 0.0300358 0.030328
0 0.672542 0.875723 0.283668 0.152134
0 0.818837 0.674223 0.0491203 0.0382502
0 0.634844 0.911802 0.301277 0.165073
0 0.733666 0.69829 0.101737 0.0518951
0 0.774429 0.680645 0.0589211 0.0448476
0 0.758041 0.685902 0.0959087 0.0512225
0 0.582584 0.938264 0.279949 0.122191
0 0.623563 0.940548 0.408327 0.118905
0 0.746792 0.69398 0.0925051 0.0540713
0 0.757205 0.690484 0.0695863 0.0485535
0 0.687397 0.703816 0.0686505 0.0507957
0 0.679004 0.708114 0.0877262 0.0612317
0 0.577814 0.734691 0.0461002 0.0389806
0 0.63886 0.783226 0.145495 0.0819298
0 0.574275 0.874137 0.195634 0.0859749
0 0.628666 0.784565 0.201105 0.0775594
0 0.662199 0.786503 0.0954658 0.075251
0 0.523915 0.863042 0.0906116 0.0733414
0 0.637296 0.788171 0.189491 0.08571
0 0.646896 0.793208 0.135897 0.0845935
0 0.586351 0.893853 0.20456 0.0813844
0 0.565214 0.886581 0.218011 0.0785174
0 0.546619 0.881852 0.155192 0.0803741
0 0.573459 0.892748 0.210722 0.110644
0 0.665697 0.919054 0.30238 0.156431
0 0.727398 0.955699 0.436658 0.0882179
1 0.0206323 0.812872 0.0393022 0.0498816
0 0.944265 0.75758 0.111471 0.0568212
0 0.928026 0.753323 0.123715 0.0555108
0 0.928916 0.759037 0.142169 0.0619957
0 0.906394 0.750536 0.13412 0.0579226
0 0.880786 0.745674 0.17197 0.0567206
0 0.840769 0.740184 0.124568 0.0566577
0 0.932897 0.751715 0.0764362 0.0583121
0 0.828667 0.736994 0.0862263 0.0538439
0 0.863856 0.740678 0.133662 0.0583295
0 0.845733 0.741113 0.112781 0.0562085
0 0.772052 0.734746 0.0989498 0.0530968
0 0.859317 0.741924 0.0803396 0.0544659
0 0.837233 0.740722 0.168509 0.0614408
0 0.787608 0.737445 0.13127 0.0525895
0 0.757295 0.733031 0.0680177 0.0491212
0 0.813574 0.736969 0.129609 0.054378
0 0.844271 0.737136 0.0675226 0.0519709
0 0.83214 0.739105 0.0958559 0.0548519
0 0.75681 0.733117 0.101503 0.0531485
0 0.820302 0.738261 0.136251 0.0574781
0 0.744522 0.73112 0.0727194 0.050975
0 0.77466 0.736768 0.138142 0.0509338
0 0.705683 0.906328 0.281573 0.134273
0 0.939431 0.863718 0.121139 0.0701935
0 0.918586 0.866103 0.132918 0.0615604
0 0.752478 0.830895 0.151913 0.0748825
0 0.563252 0.807394 0.106581 0.0708221
0 0.972588 0.895192 0.0548231 0.0900749
0 0.551515 0.811709 0.158454 0.0771619
0 0.973524 0.896972 0.0510666 0.121226
0 0.530065 0.817236 0.147007 0.0724992
0 0.582916 0.804967 0.0715176 0.0725358
0 0.480285 0.83273 0.0745816 0.0541237
0 0.871801 0.705599 0.043935 0.0402198
0 0.856793 0.886224 0.266906 0.126298
0 0.386709 0.808715 0.103861 0.0691629
0 0.764248 0.615838 0.0688417 0.0445694
0 0.357134 0.821896 0.1437 0.0714815
0 0.402964 0.805746 0.0751652 0.0728837
0 0.812388 0.698184 0.037034 0.0318799
0 0.746421 0.618372 0.103938 0.0470006
0 0.374955 0.812256 0.158023 0.0713557
0 0.692257 0.690713 0.0390896 0.0373555
0 0.666643 0.853771 0.237761 0.115808
0 0.19403 0.83873 0.186835 0.0776494
0 0.528985 0.646987 0.0552486 0.0337462
0 0.639409 0.688715 0.0342196 0.0315681
0 0.164472 0.849767 0.184429 0.0814659
0 0.202896 0.830701 0.13325 0.0717022
0 0.641617 0.850401 0.191167 0.0923508
0 0.561714 0.607159 0.0403129 0.0323302
0 0.661738 0.896606 0.254365 0.132909
0 0.686586 0.701814 0.0455618 0.0415076
0 0.122582 0.890275 0.199043 0.110735
0 0.628257 0.697913 0.0369283 0.0328603
0 0.591438 0.614539 0.0475358 0.0463516
0 0.574278 0.614643 0.080552 0.0440273
0 0.634499 0.699315 0.0523681 0.0351529
0 0.108526 0.90759 0.205896 0.130685
0 0.522392 0.656661 0.0435703 0.0341448
0 0.724392 0.721473 0.0500257 0.0413099
0 0.719885 0.940062 0.322116 0.119875
0 0.106139 0.936737 0.184233 0.10689
0 0.625096 0.62114 0.0426498 0.0434034
0 0.583103 0.618197 0.0749102 0.0457626
0 0.616244 0.622078 0.0602564 0.044997
0 0.709757 0.72147 0.080179 0.0438863
0 0.57618 0.6152 0.0590969 0.0376408
0 0.602752 0.621941 0.0816809 0.0458436
0 0.665024 0.715826 0.0396882 0.033033
0 0.537718 0.666306 0.0575389 0.0356491
0 0.520526 0.66547 0.0396987 0.0326706
0 0.0775074 0.940143 0.150873 0.10712
0 0.687179 0.7182 0.0495722 0.0466855
0 0.683011 0.939848 0.321158 0.120303
0 0.591825 0.620315 0.040617 0.0432752
0 0.632638 0.713754 0.0493861 0.0345899
0 0.551697 0.619008 0.0738521 0.0472421
0 0.542721 0.614081 0.0598025 0.0409317
0 0.675878 0.714581 0.0664876 0.0422348
0 0.485362 0.665158 0.0365812 0.0311497
0 0.500533 0.665386 0.0603395 0.0346481
0 0.789988 0.838236 0.154105 0.0735627
0 0.54264 0.727574 0.064156 0.0429883
0 0.523333 0.727598 0.0791307 0.0385713
0 0.812855 0.847269 0.119727 0.0802664
0 0.560799 0.640368 0.0377373 0.034952
0 0.512978 0.728833 0.0532114 0.0375601
0 0.830053 0.848896 0.0832542 0.0766462
0 0.52481 0.733618 0.0589779 0.0457163
0 0.799286 0.858219 0.126856 0.0813072
0 0.778347 0.85106 0.159459 0.0758715
0 0.743624 0.849672 0.133694 0.0649565
0 0.513544 0.733869 0.0806758 0.0480985
0 0.496736 0.73056 0.0633045 0.0385531
0 0.816604 0.858735 0.0907948 0.0793968
0 0.540752 0.641366 0.0376711 0.0364504
0 0.488639 0.732816 0.046482 0.0376134
0 0.823065 0.88145 0.16529 0.0934221
0 0.542965 0.745312 0.0593819 0.0456627
0 0.646077 0.66724 0.0470871 0.0497443
0 0.523987 0.745992 0.0933195 0.0441254
0 0.512465 0.745274 0.0672901 0.0391986
0 0.504301 0.745898 0.045816 0.0380829
0 0.636394 0.659301 0.0556362 0.064548
0 0.817644 0.890698 0.193616 0.117086
0 0.56921 0.870131 0.135168 0.0786054
0 0.715836 0.727465 0.0595081 0.0450137
0 0.698368 0.616635 0.026594 0.0288715
0 0.619988 0.689813 0.093855 0.0602954
0 0.460297 0.733374 0.102575 0.0800509
0 0.558735 0.785796 0.122448 0.0609965
0 0.558491 0.714424 0.0462028 0.0442338
0 0.574431 0.782157 0.0805131 0.0559886
0 0.479429 0.737886 0.143725 0.0844514
0 0.534776 0.609279 0.0401352 0.033704
0 0.893014 0.816262 0.142236 0.0719643
0 0.879749 0.710862 0.0669865 0.0518513
0 0.874662 0.815424 0.208645 0.0744446
0 0.866763 0.709261 0.0917025 0.0541021
0 0.793384 0.698692 0.0762364 0.0479462
0 0.861258 0.809143 0.13952 0.0673843
0 0.944959 0.708804 0.0431023 0.0338511
0 0.640435 0.695777 0.0418639 0.0428098
0 0.628753 0.789952 0.127347 0.0612511
0 0.605433 0.784929 0.11858 0.0562304
0 0.62038 0.792512 0.176017 0.0659121
0 0.651206 0.788951 0.0760347 0.0607763
0 0.736673 0.695993 0.0394551 0.0374598
0 0.978691 0.710469 0.0426186 0.0597674
0 0.439765 0.81132 0.107107 0.0629031
0 0.449538 0.698851 0.053088 0.0494162
0 0.405396 0.815941 0.128476 0.0640064
0 0.968435 0.709986 0.0631292 0.0566114
0 0.438704 0.702319 0.0714996 0.055901
0 0.454584 0.80865 0.0784609 0.0653117
0 0.698054 0.69701 0.0409006 0.0335869
0 0.400071 0.810025 0.104871 0.0605136
0 0.958465 0.704254 0.0830696 0.0449753
0 0.366166 0.698772 0.0561186 0.0472001
0 0.67507 0.695889 0.047053 0.0372813
0 0.361622 0.832429 0.165456 0.0758469
0 0.393335 0.707392 0.0451235 0.0432607
0 0.940061 0.710012 0.119877 0.0526039
0 0.33897 0.83209 0.137255 0.0664986
0 0.383417 0.710887 0.061352 0.0480554
0 0.666745 0.697263 0.0639505 0.0388311
0 0.644667 0.696592 0.0485975 0.0330788
0 0.918969 0.707492 0.106374 0.0560771
0 0.972659 0.708599 0.0541279 0.0560215
0 0.313156 0.713724 0.11174 0.0515249
0 0.634139 0.696018 0.0427425 0.0346581
0 0.315314 0.836176 0.173489 0.0778473
0 0.878426 0.710594 0.121833 0.0482063
0 0.947083 0.704298 0.0673039 0.0499148
0 0.341297 0.711826 0.0616204 0.0484035
0 0.627098 0.696266 0.0575085 0.0369644
0 0.323471 0.716149 0.0998302 0.0518237
0 0.602042 0.698431 0.0488207 0.0360461
0 0.256501 0.716263 0.0763771 0.0491716
0 0.351025 0.709571 0.043827 0.049423
0 0.898516 0.708216 0.145373 0.0522439
0 0.28923 0.835384 0.125519 0.0703125
0 0.673544 0.705659 0.0400146 0.038797
0 0.337477 0.857424 0.169206 0.0816068
0 0.370652 0.71489 0.0553194 0.0506086
0 0.628454 0.703802 0.0344062 0.0349482
0 0.357174 0.717841 0.0842957 0.0538012
0 0.310542 0.855624 0.137059 0.0768583
0 0.344423 0.721734 0.110393 0.0554874
0 0.942226 0.719136 0.115547 0.0537862
0 0.922293 0.719739 0.154895 0.0558357
0 0.291097 0.719335 0.107594 0.0647334
0 0.0893251 0.651396 0.0365223 0.0353031
0 0.366027 0.941524 0.21386 0.116952
0 0.776253 0.74576 0.0708846 0.0484505
0 0.0592112 0.651486 0.0322289 0.0319244
0 0.757607 0.747559 0.115687 0.0476685
0 0.381533 0.772384 0.191208 0.0808195
0 0.403192 0.756956 0.112156 0.0608386
0 0.324642 0.754052 0.0865207 0.0574646
0 0.333893 0.758706 0.109416 0.0588964
0 0.389127 0.762227 0.133136 0.06748
0 0.0794843 0.650904 0.0537199 0.0370925
0 0.709124 0.737204 0.0486737 0.0438616
0 0.953832 0.740822 0.0923366 0.0560232
0 0.321118 0.765473 0.174833 0.0715225
0 0.288622 0.942566 0.237217 0.104855
0 0.966641 0.740295 0.0667185 0.0622874
0 0.324145 0.759205 0.137551 0.0605385
0 0.691779 0.7378 0.0857092 0.0463468
0 0.661159 0.737911 0.047296 0.0373239
0 0.251126 0.764198 0.0929287 0.0578664
0 0.710617 0.749989 0.0631704 0.0497358
0 0.9595 0.746127 0.0810003 0.0515742
0 0.30934 0.779213 0.133385 0.0593117
0 0.225881 0.784419 0.0903495 0.0558416
0 0.697538 0.751062 0.0893255 0.0503426
0 0.305724 0.786599 0.176294 0.0653689
0 0.329318 0.772162 0.0998163 0.0621198
0 0.672375 0.746198 0.066981 0.0391556
0 0.300429 0.964789 0.205656 0.0689629
0 0.233788 0.78697 0.117463 0.0640831
0 0.181006 0.871399 0.267526 0.112164
0 0.720307 0.819468 0.146032 0.0609138
0 0.727513 0.816547 0.105242 0.0604321
0 0.215261 0.868906 0.227677 0.0965007
0 0.161558 0.888053 0.277098 0.121487
0 0.703265 0.822521 0.13832 0.0657155
0 0.727887 0.819386 0.0802124 0.0649587
0 0.788592 0.953241 0.20071 0.0907229
0 0.142601 0.970998 0.172351 0.0580034
0 0.0391617 0.981479 0.0783234 0.0370431
0 0.152996 0.973328 0.13668 0.0500689
0 0.806669 0.970693 0.213737 0.0582778
0 0.636115 0.898876 0.320504 0.166872
0 0.598496 0.885927 0.235158 0.138871
0 0.984867 0.753052 0.0285599 0.0436264
0 0.414314 0.89865 0.301379 0.166055
0 0.768505 0.734553 0.08543 0.0441634
0 0.920656 0.718215 0.0934708 0.0543215
0 0.907319 0.722968 0.126858 0.0573352
0 0.902273 0.724654 0.185863 0.0627982
0 0.76729 0.728417 0.0775331 0.0411004
0 0.932209 0.721039 0.0780426 0.0570943
0 0.884658 0.722613 0.162995 0.0531634
0 0.307915 0.907965 0.317674 0.15797
0 0.804057 0.709979 0.105062 0.0532457
0 0.818989 0.709159 0.0750782 0.0532045
0 0.796061 0.709697 0.148183 0.0578847
0 0.262732 0.908604 0.217444 0.146495
0 0.755457 0.709478 0.0984713 0.0621633
0 0.777747 0.705766 0.125615 0.0575363
0 0.173842 0.921953 0.328245 0.151237
0 0.697485 0.701022 0.0671654 0.0532435
0 0.675797 0.702059 0.114659 0.051917
0 0.612173 0.712816 0.0687044 0.0660436
0 0.654346 0.703715 0.134981 0.0473089
0 0.55807 0.722925 0.0753089 0.0421228
0 0.549309 0.717067 0.0517195 0.0388323
0 0.151463 0.923615 0.298438 0.149937
0 0.665463 0.699133 0.0621284 0.0535177
0 0.651901 0.699674 0.0902828 0.0507375
0 0.519106 0.721158 0.0522283 0.0379911
0 0.52605 0.722693 0.068161 0.0422595
0 0.668881 0.713553 0.0957997 0.0523937
0 0.142965 0.94051 0.285931 0.10629
0 0.140591 0.953725 0.281182 0.0902534
0 0.656889 0.717961 0.135448 0.0535311
0 0.533591 0.745653 0.0793808 0.051182
0 0.529384 0.741238 0.063463 0.0493571
0 0.63991 0.723261 0.145048 0.0627384
0 0.811606 0.802079 0.203453 0.0876401
0 0.64467 0.847586 0.119027 0.0853577
0 0.669186 0.850143 0.151467 0.0798551
0 0.691738 0.855186 0.205464 0.0680836
0 0.692192 0.860175 0.151734 0.0671305
0 0.89093 0.893277 0.218139 0.147908
0 0.744225 0.946374 0.191139 0.0995649
0 0.836152 0.879002 0.276078 0.133173
0 0.680803 0.942514 0.189657 0.104526
0 0.711031 0.944526 0.267102 0.105001
0 0.764761 0.862031 0.246177 0.126384
0 0.64244 0.946416 0.263813 0.101798
0 0.753119 0.883237 0.268269 0.136483
0 0.59098 0.952607 0.196909 0.092594
0 0.952226 0.778507 0.0955479 0.0703827
0 0.829171 0.759044 0.116794 0.0601512
0 0.751459 0.751684 0.102245 0.0583501
0 0.844185 0.760004 0.0794659 0.0601175
0 0.818353 0.758023 0.16279 0.063343
0 0.789606 0.755228 0.153119 0.0569014
0 0.759568 0.756037 0.134416 0.0624522
0 0.698869 0.746102 0.112538 0.0603048
0 0.757756 0.754988 0.134046 0.0643723
0 0.781745 0.752799 0.0794252 0.0611814
0 0.718594 0.750895 0.154911 0.0587634
0 0.743554 0.756262 0.191465 0.0656092
0 0.682465 0.743676 0.0764288 0.0569505
0 0.682213 0.744759 0.112537 0.058871
0 0.744171 0.750709 0.121927 0.0573392
0 0.767357 0.750044 0.0737686 0.0601855
0 0.703526 0.746848 0.158414 0.0595072
0 0.615342 0.881576 0.264722 0.131076
0 0.602202 0.925347 0.318147 0.140022
0 0.909884 0.919686 0.180232 0.0888275
0 0.664612 0.867818 0.1662 0.0990756
0 0.968059 0.936499 0.0638823 0.112775
0 0.484724 0.866044 0.177199 0.0995636
0 0.977248 0.730429 0.0455035 0.0373764
0 0.82312 0.617739 0.0318233 0.0257474
0 0.872295 0.930458 0.255411 0.133967
0 0.323599 0.88163 0.177997 0.1086
0 0.742056 0.622124 0.0369051 0.0408839
0 0.860991 0.719128 0.0520651 0.039106
0 0.654016 0.659721 0.0687404 0.0358671
0 0.298512 0.890759 0.229864 0.118234
0 0.852249 0.717467 0.0658138 0.0411346
0 0.670596 0.659182 0.0462875 0.0327489
0 0.79961 0.71196 0.052116 0.0367592
0 0.857429 0.931492 0.285143 0.136615
0 0.634748 0.663106 0.0436076 0.0306853
0 0.246717 0.910202 0.239495 0.127956
0 0.627056 0.662123 0.058355 0.0339027
0 0.826988 0.718343 0.0569976 0.0372159
0 0.707496 0.6218 0.040324 0.0415304
0 0.613457 0.662072 0.0467513 0.0341661
0 0.280773 0.905489 0.191 0.12324
0 0.768896 0.712905 0.0562115 0.0352384
0 0.652899 0.612478 0.0586859 0.0417252
0 0.759354 0.92027 0.2966 0.138881
0 0.723028 0.710073 0.0400005 0.0372798
0 0.605419 0.617678 0.0539903 0.0489777
0 0.138402 0.927438 0.254578 0.120664
0 0.168836 0.921337 0.190621 0.115106
0 0.597844 0.614749 0.0637923 0.0472519
0 0.535897 0.659475 0.060651 0.0338606
0 0.524916 0.660785 0.0539973 0.0350576
0 0.664216 0.705192 0.0385237 0.0328275
0 0.545234 0.658609 0.0450003 0.0329013
0 0.586209 0.616136 0.0830137 0.0459023
0 0.712117 0.707735 0.0572915 0.0427324
0 0.736958 0.91771 0.285958 0.135464
0 0.709164 0.707664 0.0412187 0.0355072
0 0.127429 0.929486 0.244161 0.120921
0 0.583459 0.615139 0.0622787 0.0466588
0 0.51152 0.660114 0.0566976 0.0349625
0 0.521865 0.659272 0.0580097 0.033578
0 0.155175 0.922728 0.193947 0.118834
0 0.69742 0.706768 0.06021 0.0414576
0 0.647448 0.70433 0.0372811 0.0331529
0 0.50281 0.660315 0.0363296 0.0329725
