0 0.794172 0.926045 0.31464 0.140957
0 0.943656 0.673781 0.0507164 0.0362645
0 0.951392 0.670799 0.0393585 0.0411125
0 0.485888 0.624245 0.0398149 0.0368998
0 0.64316 0.709266 0.0398914 0.0374324
0 0.904899 0.674098 0.0498812 0.0342626
0 0.977843 0.647345 0.0443135 0.0425967
0 0.438189 0.673172 0.0409634 0.0325277
0 0.915472 0.674601 0.0705967 0.0356258
0 0.418195 0.61332 0.0377323 0.0326745
0 0.189809 0.976287 0.169401 0.0474253
0 0.637486 0.708247 0.0559087 0.0430285
0 0.929138 0.674829 0.0743465 0.0363368
0 0.586499 0.708459 0.051145 0.0357544
0 0.81726 0.939052 0.365479 0.121896
0 0.43529 0.675293 0.0445429 0.0321255
0 0.645551 0.71641 0.045677 0.0394849
0 0.480155 0.628949 0.0476245 0.038303
0 0.984385 0.649998 0.031229 0.0353048
0 0.427632 0.675577 0.0602244 0.0339956
0 0.586833 0.714408 0.0463015 0.034745
0 0.962965 0.689262 0.0414677 0.0389371
0 0.636888 0.731961 0.0490636 0.0420097
0 0.981519 0.652904 0.0342094 0.0345467
0 0.385946 0.620243 0.0324429 0.029906
0 0.573617 0.730089 0.0529529 0.03685
0 0.410168 0.685549 0.0477985 0.0359879
0 0.391079 0.621722 0.0426205 0.0324729
0 0.377461 0.688412 0.0331465 0.0314593
0 0.909139 0.681421 0.042207 0.0333728
0 0.58044 0.733227 0.0704992 0.0406255
0 0.914723 0.685429 0.057399 0.0357107
0 0.56742 0.729607 0.0378132 0.0363312
0 0.468838 0.631959 0.0355557 0.0379809
0 0.6538 0.792505 0.145548 0.0647252
0 0.42106 0.723083 0.0475101 0.0372437
0 0.682214 0.799252 0.103217 0.0624326
0 0.489428 0.656339 0.0385311 0.0363701
0 0.697525 0.79892 0.068187 0.0623576
0 0.709483 0.938337 0.230061 0.123319
0 0.33948 0.804365 0.112337 0.0544689
0 0.357208 0.802869 0.0767826 0.0586898
0 0.316443 0.849096 0.127177 0.0666506
0 0.402453 0.590678 0.0360639 0.0304724
0 0.455665 0.707281 0.051177 0.0382777
0 0.330216 0.844355 0.101543 0.0659893
0 0.44463 0.611113 0.0305849 0.0307535
0 0.77308 0.977846 0.159417 0.0436757
0 0.363843 0.681533 0.0836778 0.0646126
0 0.295099 0.850886 0.0932945 0.0707158
0 0.342739 0.674057 0.037288 0.0414434
0 0.426997 0.746484 0.0683253 0.0489515
0 0.424802 0.693942 0.0431761 0.0405802
0 0.326182 0.716093 0.0905989 0.0762604
0 0.226028 0.964233 0.238895 0.0715343
0 0.408546 0.749399 0.114762 0.0509565
0 0.353507 0.755856 0.0538119 0.0456825
0 0.317575 0.867256 0.178329 0.0863038
0 0.425672 0.642029 0.0510597 0.0343166
0 0.324786 0.613554 0.0462767 0.030287
0 0.339395 0.758647 0.0890144 0.0502754
0 0.316366 0.614705 0.0448702 0.0310476
0 0.269838 0.805987 0.241087 0.146547
0 0.218454 0.845599 0.279246 0.149075
0 0.216375 0.872743 0.286748 0.221742
0 0.255119 0.949086 0.217864 0.0967257
0 0.940173 0.651914 0.0486542 0.0306414
0 0.154846 0.906103 0.309693 0.177601
0 0.392771 0.670941 0.0448001 0.0405515
0 0.550046 0.642632 0.033275 0.0347903
0 0.337761 0.718535 0.0607809 0.052918
0 0.325072 0.717416 0.0898899 0.0571101
0 0.262898 0.725475 0.0809107 0.0537257
0 0.27741 0.722023 0.102588 0.0530198
0 0.984 0.698055 0.0291908 0.0418775
0 0.566511 0.661201 0.0418429 0.039378
0 0.285263 0.761106 0.135062 0.0758753
0 0.221963 0.67473 0.0349382 0.0328824
0 0.299318 0.762267 0.101158 0.0704137
0 0.129068 0.691081 0.0394573 0.0331261
0 0.206024 0.675721 0.0617788 0.035821
0 0.275236 0.759275 0.188275 0.0764956
0 0.313296 0.763707 0.0743812 0.0676552
0 0.22488 0.771048 0.101684 0.0673698
0 0.562083 0.663846 0.0545561 0.0436153
0 0.137873 0.688979 0.0546809 0.0340281
0 0.194843 0.676928 0.0696773 0.0376672
0 0.583385 0.664801 0.0474216 0.0416758
0 0.23018 0.680059 0.033551 0.0309814
0 0.297585 0.771756 0.125145 0.0716709
0 0.152726 0.691579 0.0624507 0.0376681
0 0.244387 0.778139 0.145754 0.0805962
0 0.311847 0.774254 0.0931388 0.0686639
0 0.28251 0.770691 0.194336 0.0775187
0 0.142318 0.695249 0.0574019 0.0376706
0 0.196412 0.680543 0.0540846 0.0378565
0 0.227959 0.780799 0.103286 0.0787226
0 0.216852 0.68025 0.0594708 0.0361524
0 0.13231 0.908845 0.264621 0.166353
0 0.597924 0.709009 0.0692264 0.0592417
0 0.118196 0.733523 0.0649436 0.0472336
0 0.0333746 0.757684 0.0667492 0.0536352
0 0.0886851 0.737074 0.119096 0.055894
0 0.0534851 0.745749 0.10697 0.0560257
0 0.674064 0.770566 0.125065 0.0862185
0 0.0400478 0.79522 0.0800957 0.0697954
0 0.655603 0.771828 0.118447 0.069481
0 0.866888 0.836266 0.212392 0.114818
0 0.15172 0.804816 0.135415 0.0716347
0 0.144479 0.809389 0.174578 0.0856964
0 0.844789 0.834794 0.157203 0.0928579
0 0.081205 0.833573 0.154999 0.0686698
0 0.121097 0.8152 0.186844 0.0895322
0 0.176177 0.802403 0.0871511 0.0686124
0 0.918788 0.868408 0.15685 0.109178
0 0.183653 0.813197 0.14229 0.0841178
0 0.172501 0.818394 0.18696 0.0905987
0 0.126121 0.837141 0.173725 0.0781949
0 0.836899 0.81359 0.0472076 0.0392286
0 0.123423 0.921191 0.246847 0.139431
0 0.14557 0.919337 0.190308 0.126671
1 0.839851 0.724219 0.0621021 0.0477564
1 0.840693 0.726278 0.0953123 0.0514949
1 0.702736 0.708642 0.0715099 0.0525861
1 0.691407 0.711107 0.114945 0.0537895
1 0.611474 0.703758 0.0527382 0.0512756
1 0.587187 0.701825 0.0644394 0.0510447
1 0.580541 0.707052 0.0934401 0.0600611
1 0.556557 0.702175 0.0485951 0.0504827
1 0.545457 0.7542 0.0919024 0.0710004
1 0.563601 0.754146 0.0951186 0.0649053
1 0.604017 0.926458 0.202494 0.144768
1 0.0764437 0.848083 0.15245 0.301804
0 0.935913 0.846187 0.126767 0.094135
0 0.953313 0.84427 0.0933746 0.10869
0 0.927744 0.956795 0.135453 0.0864105
0 0.748752 0.810381 0.179512 0.0980085
0 0.726118 0.809241 0.139988 0.0899994
0 0.683924 0.800914 0.0925281 0.0663713
0 0.688316 0.820156 0.181005 0.104445
0 0.975344 0.665782 0.047887 0.0366079
0 0.879539 0.963952 0.176776 0.0720964
0 0.622707 0.810119 0.0841129 0.0672859
0 0.880237 0.961781 0.239527 0.0731578
0 0.576604 0.809255 0.167583 0.102847
0 0.904122 0.656652 0.0414455 0.0371011
0 0.789323 0.603292 0.0608033 0.0539093
0 0.805486 0.946807 0.308652 0.106213
1 0.960961 0.641303 0.0408577 0.0437513
0 0.461106 0.805595 0.178034 0.0995435
0 0.666967 0.938175 0.234873 0.12365
0 0.773475 0.646113 0.0414432 0.0396205
0 0.722861 0.646338 0.0568035 0.0355596
0 0.564298 0.934324 0.220652 0.131351
0 0.368129 0.810633 0.179065 0.104766
0 0.67961 0.640317 0.0400993 0.0362202
1 0.723341 0.621707 0.0421943 0.0493835
0 0.591019 0.594252 0.0396765 0.0466255
0 0.386002 0.852067 0.204778 0.137772
0 0.637431 0.602751 0.0462807 0.0502454
0 0.851378 0.641813 0.0355209 0.0362264
1 0.782871 0.629702 0.0448572 0.0529808
0 0.321228 0.851733 0.0777083 0.0735048
0 0.731451 0.648504 0.051708 0.0487874
0 0.627092 0.603786 0.0651133 0.0509468
0 0.580371 0.971401 0.247254 0.0571971
0 0.333887 0.875495 0.226901 0.14689
0 0.603059 0.602715 0.0465803 0.051031
1 0.74698 0.630852 0.0410597 0.0505925
0 0.814139 0.640863 0.0378486 0.0351283
0 0.697129 0.650395 0.0476974 0.0481664
0 0.269189 0.872704 0.0795486 0.0747409
0 0.550059 0.983526 0.175271 0.0329478
0 0.64614 0.652095 0.036579 0.0303881
0 0.803159 0.683295 0.0549648 0.0479612
0 0.968998 0.667861 0.0367916 0.0427692
0 0.380499 0.956709 0.242552 0.0778684
0 0.795177 0.685658 0.0785755 0.0478266
0 0.39202 0.952017 0.333817 0.0899504
0 0.930003 0.668401 0.0362621 0.0328672
0 0.957857 0.66912 0.0551716 0.0417062
0 0.736017 0.68105 0.0542393 0.0366918
0 0.905115 0.664697 0.0453018 0.0365768
1 0.808442 0.650616 0.0394616 0.048263
0 0.756447 0.679174 0.0488611 0.0462657
0 0.894822 0.66302 0.0604572 0.0363701
0 0.88452 0.662976 0.0518806 0.0346169
0 0.912194 0.664307 0.0346258 0.039019
0 0.331301 0.956858 0.224039 0.0762361
0 0.34418 0.951875 0.338417 0.0906259
0 0.688498 0.677546 0.0447607 0.0365415
0 0.876371 0.662982 0.0343918 0.0323812
0 0.745626 0.679211 0.0753641 0.0433128
0 0.692681 0.679167 0.0602348 0.0367022
0 0.879311 0.661772 0.046703 0.0380427
0 0.887041 0.661944 0.0341732 0.0378371
0 0.73761 0.678898 0.0428259 0.0451762
0 0.673182 0.677375 0.0501583 0.0384852
1 0.791832 0.653128 0.0371356 0.0484665
0 0.868154 0.66103 0.0649155 0.040169
0 0.308405 0.957581 0.205984 0.0725923
0 0.345749 0.95334 0.254527 0.0918018
0 0.845885 0.721925 0.0599947 0.0490967
0 0.627192 0.612381 0.0370052 0.0323925
0 0.977078 0.695041 0.0458441 0.0404841
0 0.828209 0.722459 0.0972687 0.0532682
0 0.812229 0.72298 0.142686 0.0587466
0 0.633808 0.611496 0.0477625 0.0336793
0 0.749613 0.709914 0.0482257 0.0389463
0 0.852137 0.723071 0.044912 0.0445894
0 0.922371 0.806215 0.155258 0.0817621
0 0.683158 0.631466 0.0339305 0.0327902
0 0.765895 0.676166 0.0468184 0.0339193
0 0.746591 0.67614 0.0634272 0.0342275
0 0.774399 0.676159 0.0323205 0.0336225
0 0.686124 0.632885 0.046612 0.0354703
0 0.739313 0.676611 0.0451949 0.0328571
0 0.922989 0.822553 0.154023 0.0846027
0 0.752265 0.68317 0.0457159 0.0331187
0 0.74396 0.683561 0.0522064 0.0343412
0 0.735193 0.683019 0.0420877 0.0323364
0 0.909275 0.826597 0.18145 0.0877948
0 0.727873 0.68366 0.0447359 0.0331487
0 0.709568 0.683675 0.0419643 0.0322433
0 0.71796 0.683925 0.053747 0.0348999
0 0.904333 0.825757 0.191333 0.115445
0 0.642609 0.635663 0.0337204 0.0301323
0 0.687931 0.681915 0.0289495 0.0301585
0 0.901297 0.813958 0.197407 0.0897967
0 0.850905 0.809843 0.174159 0.0826651
0 0.661314 0.679973 0.0447311 0.0328316
0 0.872063 0.811568 0.243904 0.107723
0 0.679438 0.6815 0.0455235 0.0315097
0 0.712502 0.689002 0.0289026 0.0340809
0 0.894966 0.835721 0.196732 0.112718
0 0.612296 0.63821 0.0320879 0.0337985
0 0.623075 0.636551 0.0513601 0.0345108
0 0.775177 0.750263 0.0566868 0.0457298
0 0.742593 0.673904 0.0315931 0.0314018
0 0.637301 0.664934 0.0407777 0.0368368
0 0.818791 0.61483 0.0380627 0.0308932
0 0.733695 0.744568 0.0549688 0.0403229
0 0.643878 0.668883 0.0606636 0.0409429
0 0.753459 0.749703 0.0958292 0.0464218
0 0.800566 0.822713 0.123761 0.0609599
0 0.81752 0.825148 0.105588 0.0589773
0 0.829459 0.625951 0.0385454 0.0317067
0 0.765186 0.706491 0.0452112 0.0360288
0 0.655144 0.698937 0.0910475 0.0523988
0 0.644504 0.696175 0.0658619 0.049011
0 0.795797 0.85054 0.130152 0.0705292
0 0.62989 0.708841 0.0950197 0.0553785
0 0.800562 0.629899 0.0374067 0.0318995
0 0.742914 0.71714 0.0445593 0.0362605
0 0.618756 0.704711 0.0704 0.0540909
0 0.814664 0.85296 0.0949377 0.0702906
0 0.738637 0.713725 0.0537869 0.0392345
0 0.645192 0.708333 0.118883 0.0502004
0 0.779635 0.845034 0.115816 0.0734848
0 0.609744 0.702852 0.0500975 0.051629
0 0.768486 0.840312 0.0918364 0.0654853
0 0.719627 0.709788 0.0795778 0.0419617
0 0.847223 0.929495 0.169846 0.0961194
0 0.815668 0.640688 0.0355993 0.0343193
0 0.635155 0.732866 0.105894 0.0685404
0 0.761161 0.743318 0.0412258 0.0382561
0 0.652097 0.733855 0.146767 0.0649676
0 0.723305 0.732569 0.107564 0.0539618
0 0.692454 0.732721 0.139903 0.0575952
0 0.925199 0.627523 0.0588858 0.0372476
0 0.443596 0.756589 0.135375 0.0763575
0 0.612435 0.637753 0.0437619 0.0337472
0 0.426751 0.754897 0.096431 0.0749636
0 0.64363 0.955853 0.224623 0.0882935
0 0.472052 0.755333 0.191204 0.0701443
0 0.531126 0.749983 0.128889 0.0570863
0 0.503821 0.749934 0.175009 0.0658063
0 0.557188 0.755138 0.0651167 0.0436261
0 0.546284 0.752756 0.0871075 0.050518
0 0.420864 0.869958 0.294992 0.150522
0 0.380017 0.867159 0.206399 0.145243
0 0.589959 0.660742 0.0553381 0.0409969
0 0.356564 0.919848 0.325293 0.153589
0 0.886623 0.646494 0.0500786 0.0364787
0 0.575705 0.673517 0.0547989 0.0396825
0 0.877014 0.646823 0.0588263 0.0379813
0 0.512664 0.696317 0.0750074 0.0497119
0 0.623857 0.697658 0.0593153 0.055085
0 0.980346 0.66907 0.0381454 0.0365117
0 0.510207 0.72918 0.0582236 0.0408147
0 0.603118 0.700403 0.106076 0.056028
0 0.517739 0.732208 0.0756357 0.0445947
0 0.595077 0.76507 0.143454 0.0755257
0 0.521149 0.836352 0.190783 0.0693148
0 0.590782 0.772012 0.195272 0.0884692
0 0.493198 0.835346 0.129971 0.068352
1 0.140442 0.703083 0.027947 0.0322845
0 0.604892 0.850564 0.244617 0.129981
0 0.583617 0.968735 0.256366 0.0625291
0 0.581934 0.971116 0.184862 0.0577684
0 0.625795 0.956729 0.401156 0.0820059
0 0.914384 0.762622 0.171233 0.0645882
0 0.907261 0.758097 0.144204 0.0586138
0 0.946066 0.764326 0.107869 0.0606225
0 0.797016 0.742859 0.0896655 0.0561829
0 0.784311 0.740737 0.132464 0.0582006
0 0.721137 0.737145 0.103691 0.0534444
0 0.706233 0.734981 0.0722549 0.0501144
0 0.764305 0.73761 0.141892 0.0568933
0 0.74155 0.739253 0.156264 0.0545682
0 0.778825 0.740281 0.189899 0.0608927
0 0.84119 0.768474 0.124458 0.0635147
0 0.868164 0.767984 0.0694082 0.0633184
0 0.813133 0.762996 0.175317 0.0633634
0 0.771862 0.760309 0.131642 0.0591536
0 0.764122 0.755874 0.103239 0.0578102
0 0.749719 0.752932 0.0694011 0.0591627
0 0.759565 0.954584 0.377816 0.0908326
0 0.937971 0.859296 0.124058 0.0714371
0 0.923369 0.862933 0.153262 0.0685037
0 0.89673 0.862461 0.127574 0.0583499
0 0.689745 0.808169 0.102696 0.0679204
0 0.704532 0.806532 0.0784148 0.07167
0 0.679082 0.811634 0.154365 0.0740615
0 0.656319 0.81575 0.147454 0.067748
0 0.613772 0.825485 0.0997244 0.0570956
0 0.931959 0.905492 0.136082 0.109014
0 0.488566 0.809999 0.124961 0.0701052
0 0.506331 0.806785 0.0915909 0.0710098
0 0.468295 0.819568 0.155799 0.0712284
0 0.974316 0.719792 0.0507645 0.035854
0 0.799791 0.661668 0.0559532 0.0357442
0 0.860847 0.893436 0.267256 0.129476
0 0.87754 0.710581 0.0443073 0.0391065
0 0.367598 0.822402 0.143254 0.075858
0 0.379933 0.814821 0.107143 0.0736579
0 0.764603 0.619034 0.0875789 0.0470876
0 0.73986 0.616171 0.0919275 0.0464746
0 0.346137 0.833291 0.144795 0.0739263
0 0.726683 0.612169 0.0542971 0.0386592
0 0.774111 0.61874 0.0637479 0.042584
0 0.765456 0.889567 0.256296 0.124336
0 0.785688 0.702863 0.04112 0.0396464
0 0.278685 0.836441 0.148029 0.077448
0 0.733293 0.697052 0.046068 0.0340712
0 0.692345 0.615833 0.0497765 0.0440339
0 0.287511 0.828678 0.11845 0.0698971
0 0.738809 0.88404 0.206629 0.0948536
0 0.672623 0.615505 0.0915714 0.0425068
0 0.674139 0.878727 0.24393 0.121624
0 0.185201 0.854119 0.184407 0.0794463
0 0.696666 0.695956 0.0465801 0.0397883
0 0.163054 0.861633 0.180022 0.0842458
0 0.188292 0.847044 0.148942 0.0780919
0 0.650383 0.873822 0.235861 0.0990835
0 0.650467 0.694762 0.0473342 0.0367474
0 0.61878 0.611706 0.0396137 0.0446473
0 0.626548 0.873252 0.237226 0.119519
0 0.660297 0.695434 0.0454092 0.0403224
0 0.122587 0.8696 0.197623 0.0961712
0 0.601613 0.870259 0.223239 0.09428
0 0.580546 0.611675 0.0416005 0.0431061
0 0.609448 0.692777 0.0443283 0.0342573
0 0.675638 0.928406 0.279723 0.137192
0 0.592961 0.616954 0.0683538 0.0448802
0 0.100929 0.915745 0.172342 0.108194
0 0.520127 0.658943 0.0548006 0.0340154
0 0.509914 0.660337 0.0612658 0.0349454
0 0.500673 0.661244 0.0426851 0.0340703
0 0.696542 0.70761 0.0499716 0.0461792
0 0.579813 0.619263 0.0916005 0.0456271
0 0.687694 0.70926 0.066689 0.0437963
0 0.69699 0.940227 0.320418 0.119546
0 0.0903349 0.936552 0.165346 0.103193
0 0.705109 0.718884 0.0569616 0.0443926
0 0.613071 0.620567 0.0443975 0.0432215
0 0.697594 0.720625 0.0770381 0.0452984
0 0.57898 0.620831 0.0791576 0.0453251
0 0.651363 0.715669 0.0407993 0.0325381
0 0.561034 0.613983 0.0498238 0.0360641
0 0.602514 0.621754 0.0659388 0.044422
0 0.508523 0.665723 0.0393562 0.0320166
0 0.524979 0.665959 0.0582125 0.0351523
0 0.695984 0.738883 0.0508198 0.0490785
0 0.586635 0.629372 0.0415573 0.0488688
0 0.68294 0.739626 0.0762747 0.0538294
0 0.500079 0.678716 0.0513391 0.0324362
0 0.0324646 0.976494 0.0649292 0.0451497
0 0.523759 0.61894 0.0368423 0.0281844
0 0.484091 0.679131 0.0631088 0.0357058
0 0.0415501 0.977939 0.0831002 0.0441212
0 0.508014 0.679032 0.0367702 0.0315455
0 0.628048 0.73245 0.0384489 0.0340126
0 0.665368 0.737437 0.114982 0.0529457
0 0.642676 0.736187 0.0722584 0.0406873
0 0.80179 0.836423 0.15547 0.0774623
0 0.572088 0.722528 0.045931 0.0401498
0 0.555542 0.724235 0.0788906 0.0426977
0 0.774354 0.83185 0.127016 0.0657405
0 0.52908 0.7238 0.0403951 0.0369615
0 0.536309 0.724275 0.0556306 0.0385036
0 0.77553 0.848122 0.150316 0.0818883
0 0.526036 0.72978 0.0522663 0.0437007
0 0.802817 0.852225 0.0934183 0.0746787
0 0.748443 0.843378 0.151816 0.0659434
0 0.485214 0.731415 0.0388365 0.0346574
0 0.541669 0.641118 0.0347966 0.0351641
0 0.49246 0.730403 0.0586411 0.0364382
0 0.548463 0.642183 0.0472513 0.0386962
0 0.445211 0.810341 0.114736 0.059628
0 0.462462 0.810596 0.0785639 0.0650663
0 0.59523 0.694197 0.046042 0.0495613
0 0.452589 0.956763 0.219119 0.0855058
0 0.64767 0.700338 0.0396263 0.0405588
0 0.552941 0.713545 0.0899179 0.07858
0 0.645038 0.758438 0.0858677 0.0532223
0 0.305943 0.718368 0.0440793 0.0420413
0 0.301051 0.785674 0.0728775 0.0577118
0 0.185935 0.74893 0.109539 0.0882083
0 0.288302 0.789059 0.107164 0.0603345
0 0.205026 0.746626 0.143481 0.0947576
0 0.868199 0.830176 0.166902 0.0766151
0 0.887778 0.716506 0.0625376 0.0441455
0 0.463724 0.610396 0.0439897 0.0336107
0 0.844495 0.716205 0.175203 0.0512154
1 0.536075 0.613664 0.0286137 0.0364049
0 0.860078 0.720529 0.125995 0.0534907
0 0.857272 0.707957 0.0396275 0.0350372
0 0.556121 0.697188 0.040357 0.0425771
0 0.529593 0.80529 0.116883 0.0596121
0 0.543377 0.803101 0.0836464 0.0612064
0 0.127773 0.626441 0.0539576 0.0327576
0 0.505885 0.805934 0.130591 0.0621682
0 0.548415 0.698916 0.0546171 0.0482089
0 0.810119 0.707328 0.0398453 0.0324141
0 0.118657 0.627483 0.0525456 0.0334432
0 0.84614 0.708877 0.0594591 0.0363157
0 0.492635 0.798931 0.0921879 0.0573997
0 0.439152 0.810828 0.102914 0.0647065
0 0.46061 0.698786 0.0506279 0.0484257
0 0.404195 0.816606 0.12715 0.0655515
0 0.972593 0.708614 0.0538349 0.0415044
0 0.711173 0.698486 0.0361022 0.0312368
0 0.752665 0.700302 0.0374084 0.0341278
0 0.45306 0.808168 0.0779554 0.0683266
0 0.398803 0.809726 0.102528 0.0599561
0 0.451178 0.70267 0.0683604 0.0553279
1 0.0338548 0.639692 0.0335656 0.0323825
0 0.377346 0.700206 0.0574159 0.0458974
0 0.744335 0.698795 0.0508801 0.0361491
0 0.327146 0.706464 0.036892 0.0407771
0 0.278056 0.828861 0.147624 0.0739056
0 0.9135 0.701137 0.0622522 0.0519267
0 0.256959 0.834188 0.146455 0.0688595
0 0.605197 0.692442 0.0494783 0.0354719
0 0.31895 0.709015 0.0519231 0.0443914
0 0.571878 0.694857 0.0429628 0.0353413
0 0.29985 0.712353 0.0858165 0.0469686
0 0.576293 0.697711 0.0533339 0.0371112
0 0.593504 0.693565 0.0738853 0.0372739
0 0.889129 0.702411 0.123958 0.0506401
0 0.843683 0.704221 0.0941063 0.0498492
0 0.317685 0.836471 0.143732 0.0793953
0 0.0511214 0.639828 0.0350077 0.0337584
0 0.659002 0.700979 0.0380069 0.0380812
0 0.295672 0.839711 0.134513 0.0757576
0 0.368701 0.709521 0.0433426 0.0409238
0 0.615175 0.70089 0.0323576 0.0304714
0 0.357577 0.712818 0.0614408 0.0483971
0 0.927275 0.718745 0.131174 0.0558015
0 0.337202 0.719179 0.106857 0.0527285
0 0.279683 0.719838 0.086516 0.0479754
0 0.269973 0.834987 0.0791 0.0615182
0 0.613705 0.697766 0.0372455 0.0374975
0 0.253226 0.84924 0.15897 0.0778348
0 0.319151 0.712047 0.0521795 0.04587
0 0.575215 0.699066 0.0348564 0.0306185
0 0.925298 0.709843 0.0836769 0.0494118
0 0.270608 0.843257 0.14417 0.079923
0 0.857209 0.708472 0.106014 0.0521166
0 0.936979 0.70756 0.0541636 0.0460111
0 0.310045 0.715701 0.0706772 0.05009
0 0.297572 0.719041 0.0935251 0.0516623
0 0.908497 0.709688 0.138225 0.0530635
0 0.872417 0.704725 0.101719 0.0607175
0 0.287841 0.838455 0.104464 0.0771408
0 0.286506 0.722822 0.123739 0.0538329
0 0.273543 0.879227 0.169947 0.0923917
0 0.0153089 0.649229 0.0265876 0.0404892
0 0.649174 0.713802 0.0491569 0.0440239
0 0.928736 0.727862 0.142528 0.0601077
0 0.337669 0.723698 0.0581772 0.0558256
0 0.322216 0.726716 0.0847734 0.0529318
0 0.636945 0.714107 0.0749823 0.0443152
0 0.619541 0.712757 0.065383 0.0372594
0 0.611962 0.713551 0.0467607 0.0370094
0 0.955026 0.72326 0.0899487 0.0588826
0 0.906118 0.727448 0.146455 0.0561996
0 0.765875 0.749786 0.0578093 0.0485654
0 0.318096 0.942038 0.227536 0.107271
0 0.0843323 0.649888 0.0365659 0.0357248
0 0.755616 0.74758 0.0789528 0.0460449
0 0.358316 0.772227 0.187493 0.0782633
0 0.722534 0.746587 0.0611503 0.0375342
0 0.742001 0.751105 0.115184 0.0461417
0 0.685604 0.740458 0.0468397 0.0446472
0 0.677822 0.742431 0.0621937 0.0453479
0 0.942611 0.755441 0.114778 0.0762225
0 0.22634 0.95087 0.257271 0.0897868
0 0.288975 0.771598 0.162849 0.0849325
0 0.214168 0.767456 0.0841838 0.0555936
0 0.666128 0.742563 0.0910741 0.048749
0 0.325501 0.753328 0.0681144 0.0601822
0 0.643733 0.740416 0.0641603 0.0422764
0 0.648599 0.736656 0.0509692 0.0449443
0 0.946859 0.751968 0.106281 0.0670307
0 0.28933 0.755164 0.0689783 0.0598368
0 0.183592 0.952197 0.264648 0.0896894
0 0.26641 0.761943 0.107536 0.0593792
0 0.602676 0.738611 0.0489566 0.0382543
0 0.919052 0.75347 0.161897 0.0683965
0 0.263178 0.768151 0.128967 0.0661509
0 0.173299 0.77478 0.0864963 0.0563797
0 0.673795 0.770962 0.0576099 0.0506343
0 0.950991 0.773879 0.0980184 0.0609464
0 0.662183 0.772689 0.081229 0.051889
0 0.647845 0.7727 0.117132 0.0550687
0 0.252169 0.798279 0.102683 0.073747
0 0.131301 0.818934 0.114104 0.0650487
0 0.275417 0.791339 0.0570867 0.0614878
0 0.619261 0.77241 0.0509329 0.0413183
0 0.231857 0.804979 0.145191 0.0696007
0 0.1897 0.817985 0.176576 0.0644679
0 0.630024 0.777094 0.0804404 0.0503171
0 0.741443 0.827688 0.141054 0.0683535
0 0.206093 0.869624 0.264166 0.112154
0 0.761279 0.827073 0.0921966 0.0668507
0 0.729039 0.823415 0.105872 0.062384
0 0.231268 0.866033 0.228104 0.0921173
0 0.703651 0.823225 0.136656 0.0624161
0 0.158534 0.871755 0.27796 0.112242
0 0.726116 0.822765 0.0818244 0.0609924
0 0.191281 0.868825 0.243121 0.0949245
0 0.130942 0.884795 0.257815 0.125047
0 0.670591 0.821267 0.117468 0.0628955
0 0.978133 0.794671 0.0437338 0.0579506
0 0.690778 0.820487 0.0792106 0.0654037
0 0.131213 0.892749 0.260937 0.124345
0 0.677567 0.826513 0.125695 0.0657018
0 0.985209 0.80038 0.029581 0.0484156
0 0.699681 0.826337 0.0788805 0.0668992
0 0.656595 0.821982 0.0936136 0.0606649
0 0.739085 0.954241 0.200597 0.091519
0 0.0907223 0.971519 0.152717 0.056963
0 0.632368 0.92029 0.332206 0.153513
0 0.311555 0.913956 0.332796 0.157417
0 0.823132 0.710651 0.0806804 0.0504654
0 0.809421 0.710499 0.119384 0.0514013
0 0.675657 0.726954 0.0649785 0.0429202
0 0.265343 0.918635 0.229582 0.149637
0 0.678786 0.731338 0.0804445 0.0443888
0 0.754272 0.710725 0.0772108 0.0652102
0 0.73572 0.718845 0.0723173 0.0721564
0 0.229601 0.92085 0.342043 0.151977
0 0.746344 0.701848 0.0701439 0.0514531
0 0.730747 0.705036 0.103175 0.0541812
0 0.72148 0.706062 0.14459 0.0582521
0 0.662473 0.723661 0.069356 0.0537099
0 0.693225 0.710509 0.113332 0.0572533
0 0.603828 0.723335 0.0690899 0.0439226
0 0.598487 0.718668 0.0525898 0.0421571
0 0.166886 0.925836 0.309952 0.146222
0 0.676149 0.700049 0.0615819 0.0539609
0 0.662869 0.700885 0.0903208 0.052239
0 0.650505 0.701977 0.127533 0.0519984
0 0.531631 0.722129 0.0564502 0.0390933
0 0.207662 0.939093 0.324489 0.121814
0 0.728594 0.71661 0.113714 0.0525631
0 0.712723 0.722224 0.156079 0.0573009
0 0.870664 0.802638 0.208539 0.0874449
0 0.716767 0.848304 0.130376 0.0830442
0 0.743653 0.852955 0.154213 0.0729446
0 0.764794 0.860802 0.21899 0.0708852
0 0.701017 0.841592 0.0982185 0.0747785
0 0.766827 0.861628 0.13698 0.0644663
0 0.884229 0.8064 0.145512 0.0871358
0 0.786452 0.779312 0.079173 0.0629711
0 0.887458 0.8677 0.225085 0.126067
0 0.896323 0.860367 0.207355 0.10305
0 0.802062 0.932571 0.257083 0.118869
1 0.451502 0.688963 0.0311493 0.0330808
0 0.824337 0.850062 0.279361 0.120442
0 0.855226 0.852402 0.207866 0.110193
0 0.723105 0.932103 0.238874 0.117533
0 0.671786 0.925056 0.122724 0.108875
0 0.807761 0.851646 0.26595 0.125364
0 0.707083 0.93237 0.227755 0.118233
0 0.839899 0.852867 0.203329 0.112331
1 0.253052 0.772078 0.0321348 0.0352386
0 0.930757 0.765085 0.133294 0.0606074
0 0.95005 0.768496 0.0998991 0.0650279
0 0.7788 0.741916 0.121327 0.0572927
0 0.80363 0.745463 0.166983 0.0587847
0 0.843353 0.749833 0.122553 0.0568114
0 0.867548 0.750213 0.0725138 0.0596418
0 0.766138 0.73804 0.0874106 0.0559519
0 0.795762 0.742781 0.0864322 0.0567271
0 0.784172 0.740885 0.125541 0.0583448
0 0.720535 0.737334 0.104844 0.0529691
0 0.705287 0.735238 0.0732011 0.0499692
0 0.777635 0.740356 0.182773 0.0610512
0 0.741715 0.739257 0.157025 0.0542341
0 0.783271 0.742904 0.0903137 0.0594663
0 0.769149 0.741167 0.135475 0.0614061
0 0.709678 0.73658 0.104192 0.0528356
0 0.69842 0.731529 0.0767901 0.0488462
0 0.741102 0.739273 0.158761 0.0555084
0 0.764444 0.74094 0.193711 0.0635579
0 0.698132 0.811035 0.135544 0.082296
0 0.621835 0.805667 0.130454 0.0767072
0 0.674285 0.809298 0.190861 0.0801509
0 0.606137 0.802753 0.0941451 0.0731611
0 0.724706 0.809766 0.0832781 0.0834841
0 0.598145 0.882301 0.259543 0.131777
0 0.8683 0.888775 0.192467 0.107195
0 0.933745 0.920457 0.13251 0.10824
0 0.438006 0.87004 0.174943 0.106683
0 0.954769 0.723761 0.0593479 0.0416173
0 0.723866 0.662174 0.0497322 0.0348509
0 0.74005 0.661486 0.0582712 0.0338323
0 0.946737 0.72239 0.0804184 0.0434706
0 0.878701 0.914181 0.242598 0.128504
0 0.857735 0.710222 0.0428402 0.0377752
0 0.346994 0.874696 0.180058 0.117905
0 0.714345 0.61666 0.060137 0.0469424
0 0.853025 0.905677 0.196239 0.101092
0 0.851172 0.70888 0.0578533 0.0431042
0 0.659598 0.65799 0.052634 0.0335757
0 0.69644 0.617659 0.0954181 0.048068
0 0.787723 0.704744 0.0378246 0.0323519
0 0.841983 0.895714 0.286337 0.127415
0 0.785449 0.704038 0.0450348 0.0381154
0 0.287841 0.887026 0.185726 0.115351
0 0.66592 0.618284 0.0542629 0.0467721
0 0.263362 0.896837 0.241744 0.121227
0 0.732508 0.698169 0.0397349 0.032251
0 0.80009 0.888889 0.23241 0.104444
0 0.651744 0.616715 0.0792614 0.0465088
0 0.783971 0.891617 0.26684 0.128138
0 0.209577 0.899826 0.243791 0.127351
0 0.622483 0.612834 0.0449764 0.0455788
0 0.735769 0.697151 0.0449272 0.0385897
0 0.684054 0.696547 0.0395779 0.0351131
0 0.242476 0.892331 0.188895 0.123917
0 0.564072 0.656836 0.0474637 0.031854
