0 0.328370 0.123434 0.108046 0.052308
0 0.280351 0.162364 0.098441 0.040145
0 0.196312 0.293751 0.156070 0.066913
0 0.231136 0.391073 0.081636 0.030412
0 0.318765 0.501171 0.108046 0.055957
0 0.472437 0.451902 0.103249 0.042581
0 0.753359 0.409930 0.093633 0.036502
0 0.752157 0.284625 0.120055 0.051096
0 0.954111 0.254213 0.091778 0.058393
0 0.713738 0.118568 0.134457 0.057180
0 0.890214 0.464068 0.074435 0.037714
0 0.189111 0.714066 0.117651 0.065695
0 0.287558 0.752386 0.108046 0.049878
0 0.569676 0.888640 0.100845 0.062041
0 0.910626 0.884989 0.139254 0.069344
0 0.813381 0.781585 0.112843 0.059611
0 0.850598 0.561390 0.100845 0.042581
0 0.885417 0.616135 0.122448 0.088810
