0 0.279781 0.934157 0.315325 0.131686
0 0.506705 0.657548 0.0476374 0.0356402
0 0.229459 0.726373 0.0456881 0.0387778
0 0.155716 0.733244 0.0356324 0.0344905
0 0.0167806 0.643926 0.0315168 0.04173
0 0.216969 0.727449 0.075278 0.0425591
0 0.079803 0.643467 0.0446756 0.0448978
0 0.528797 0.661358 0.0530695 0.0403722
0 0.240748 0.731185 0.0523204 0.0488178
0 0.0115218 0.71501 0.0230435 0.0385989
0 0.826953 0.660259 0.0614742 0.0368696
0 0.297061 0.946818 0.341873 0.0936731
0 0.0186434 0.64315 0.0331906 0.0424957
0 0.092265 0.644301 0.0483352 0.0444663
0 0.171598 0.74051 0.0529607 0.039445
0 0.233624 0.727904 0.0587874 0.0505446
0 0.103679 0.711641 0.0414953 0.0337418
0 0.976795 0.682668 0.0426641 0.0318331
0 0.653633 0.674908 0.0515239 0.0351204
0 0.33215 0.746506 0.0487585 0.0421267
0 0.632438 0.676003 0.0659905 0.0382327
0 0.196013 0.639822 0.0430343 0.0494624
0 0.108334 0.639818 0.0352965 0.032622
0 0.0497647 0.720413 0.0366967 0.031134
0 0.311219 0.74641 0.0953552 0.0420727
0 0.716163 0.678049 0.0514427 0.0389992
0 0.392965 0.740986 0.0503869 0.0421079
0 0.17668 0.705737 0.0387029 0.0357557
0 0.25969 0.636596 0.0466831 0.048283
0 0.705575 0.678476 0.0715162 0.0410801
0 0.385972 0.741145 0.0650991 0.0472984
0 0.250147 0.637825 0.0656769 0.0498749
0 0.182726 0.632881 0.0407451 0.0327586
0 0.17658 0.633073 0.0326039 0.031058
0 0.698446 0.682568 0.0855581 0.0442469
0 0.68817 0.678165 0.0521575 0.039002
1 0.456336 0.697785 0.0366434 0.0431923
0 0.331221 0.744577 0.0661595 0.0377961
0 0.405338 0.737546 0.0506347 0.0484446
0 0.276618 0.636278 0.0443665 0.0468554
0 0.399043 0.740355 0.06572 0.0488116
0 0.72843 0.679477 0.0603579 0.0402728
0 0.189019 0.703097 0.0453938 0.0370903
0 0.71722 0.678584 0.0787861 0.0408506
0 0.19825 0.631345 0.0408805 0.0340172
0 0.267519 0.637598 0.0618775 0.0481069
0 0.73715 0.679201 0.0398477 0.0395664
0 0.701791 0.678221 0.0517284 0.0394569
0 0.20291 0.633109 0.0535106 0.0402557
0 0.334802 0.83223 0.154293 0.0767493
0 0.23348 0.65207 0.0399278 0.0491235
0 0.909616 0.675744 0.0353168 0.0346135
0 0.0912553 0.761496 0.0626597 0.0436244
0 0.793062 0.72645 0.0508154 0.0418278
0 0.742567 0.717156 0.0533174 0.0413962
0 0.90457 0.676377 0.0478863 0.0371404
0 0.0983905 0.759262 0.0475116 0.043944
0 0.0387709 0.76694 0.0563929 0.0402065
0 0.18866 0.663187 0.0891916 0.0616319
0 0.0741056 0.763544 0.0989607 0.0456308
0 0.776081 0.725302 0.0864839 0.046912
0 0.146118 0.658994 0.0651724 0.0421524
0 0.747163 0.721169 0.0657876 0.0456136
0 0.891386 0.678755 0.0716949 0.039399
0 0.139614 0.658048 0.0483819 0.0379476
0 0.960398 0.813174 0.0792034 0.0764015
0 0.0813294 0.827664 0.117996 0.0606036
0 0.314767 0.663763 0.0290784 0.0329631
0 0.0948266 0.823952 0.0870178 0.062763
0 0.348298 0.954717 0.316656 0.0869553
0 0.0407486 0.83984 0.0756816 0.0588236
0 0.0508591 0.901159 0.101277 0.0830658
0 0.332065 0.678496 0.0333264 0.0347434
0 0.977343 0.631526 0.0333282 0.0390863
0 0.22336 0.692965 0.0726397 0.0622485
0 0.304013 0.723495 0.06178 0.0424243
0 0.22891 0.704422 0.0798204 0.0847051
0 0.344152 0.596753 0.028676 0.0300479
0 0.333652 0.69538 0.0376571 0.0375112
0 0.221492 0.719152 0.0877497 0.0762844
0 0.2989 0.751027 0.0712247 0.0533536
0 0.0166924 0.963505 0.0321509 0.0729897
0 0.0170824 0.945391 0.0341649 0.109217
0 0.593181 0.598292 0.0263906 0.0279344
0 0.286355 0.753973 0.0969963 0.0509682
0 0.606735 0.609884 0.0368778 0.0335509
0 0.274084 0.755562 0.0588502 0.0487703
0 0.152064 0.785924 0.187391 0.100579
0 0.188531 0.867432 0.159513 0.0840881
0 0.898396 0.649001 0.033975 0.0307241
0 0.955106 0.655751 0.0309921 0.0314934
0 0.341307 0.61273 0.0419608 0.0341393
0 0.261766 0.758471 0.0871884 0.0491272
0 0.102377 0.888637 0.0847422 0.0577745
0 0.412426 0.641864 0.0538899 0.0351222
0 0.203357 0.862531 0.106328 0.082383
0 0.368848 0.648369 0.0634757 0.042718
0 0.245902 0.759104 0.144224 0.055346
0 0.159995 0.801268 0.20719 0.147213
0 0.159573 0.844487 0.299901 0.133884
0 0.665186 0.622486 0.0339071 0.0302589
0 0.447476 0.658285 0.0528226 0.0412711
0 0.15535 0.964849 0.184709 0.0703012
0 0.153285 0.967261 0.250049 0.0654789
0 0.124345 0.863784 0.228836 0.166792
0 0.0335807 0.984759 0.0671614 0.0304817
0 0.214694 0.855268 0.298108 0.149645
0 0.73306 0.626114 0.0333178 0.0361766
0 0.227965 0.969307 0.119282 0.0604782
0 0.222486 0.970998 0.204911 0.0571404
0 0.450612 0.664495 0.0459476 0.0381432
0 0.514887 0.706389 0.116204 0.0565109
0 0.530044 0.706852 0.0813558 0.0538841
0 0.453443 0.642763 0.0475725 0.0333862
1 0.757706 0.649731 0.0316607 0.0346074
0 0.509859 0.706488 0.16919 0.0597366
1 0.682413 0.663388 0.0387964 0.0530841
0 0.46114 0.642546 0.0364989 0.0309703
0 0.441499 0.64341 0.0587927 0.0347412
0 0.540816 0.764951 0.161736 0.0786196
0 0.862519 0.685834 0.062694 0.0469766
0 0.415171 0.675025 0.055064 0.0362839
0 0.56265 0.770658 0.0980446 0.0654884
0 0.501733 0.765568 0.115169 0.0758926
0 0.576224 0.773134 0.0740799 0.0644335
0 0.402444 0.677987 0.0340522 0.0321812
0 0.424662 0.672601 0.0569246 0.0365265
0 0.486229 0.671482 0.0296412 0.0314194
0 0.601958 0.877182 0.248816 0.150174
0 0.532683 0.707108 0.0444859 0.0357468
0 0.525648 0.706515 0.0592188 0.0385246
0 0.436578 0.718476 0.0440357 0.0329854
0 0.441788 0.718132 0.0592046 0.0378897
0 0.977355 0.730801 0.0452904 0.0397967
0 0.488023 0.709427 0.101009 0.0485649
0 0.454904 0.716547 0.0801502 0.0416846
0 0.514263 0.706989 0.0802478 0.0437289
0 0.466232 0.713925 0.102844 0.044239
0 0.430747 0.716666 0.0359917 0.0341288
0 0.51023 0.772378 0.12793 0.0769737
0 0.526821 0.769186 0.11699 0.0656728
0 0.492129 0.777037 0.136714 0.0789441
0 0.542395 0.768011 0.0853572 0.0568095
0 0.439579 0.784755 0.0881456 0.0553686
0 0.457479 0.782916 0.122985 0.0661385
0 0.517755 0.794073 0.145174 0.084301
0 0.492052 0.797313 0.147965 0.0893478
0 0.530688 0.791924 0.117354 0.0640795
0 0.42118 0.812084 0.0756728 0.0535515
0 0.510436 0.883621 0.263082 0.145398
0 0.548365 0.885642 0.181 0.143871
0 0.85507 0.935439 0.28986 0.123317
1 0.922999 0.659384 0.0643358 0.0425763
0 0.757338 0.937124 0.437031 0.125753
0 0.706248 0.929224 0.351615 0.128969
1 0.755538 0.657037 0.0609207 0.0472761
1 0.747206 0.809074 0.0712688 0.0493233
1 0.735284 0.811039 0.110235 0.0508939
1 0.76904 0.518037 0.10234 0.0577084
1 0.607782 0.888173 0.0800158 0.076254
1 0.594825 0.887 0.10937 0.0799674
1 0.588172 0.815561 0.126026 0.0908262
1 0.610676 0.811187 0.107034 0.09148
1 0.576691 0.829399 0.131199 0.0967644
1 0.557113 0.927403 0.205398 0.145194
0 0.941415 0.815904 0.117169 0.0804723
0 0.640628 0.768508 0.142704 0.0785548
0 0.785987 0.900299 0.204007 0.115303
0 0.976648 0.662846 0.0457832 0.0388557
0 0.769396 0.898327 0.155686 0.0991891
0 0.797716 0.841356 0.193764 0.112449
0 0.735165 0.839631 0.108133 0.0906273
0 0.946239 0.928229 0.107521 0.12913
0 0.941444 0.911537 0.100697 0.105048
0 0.793765 0.886933 0.247806 0.150302
0 0.658515 0.874866 0.223058 0.142743
0 0.592633 0.856082 0.0811732 0.0757189
0 0.944526 0.619415 0.0496868 0.0582919
0 0.544865 0.865119 0.216112 0.143239
0 0.940195 0.665444 0.0493065 0.0576399
0 0.482731 0.856028 0.0834665 0.0808039
0 0.862659 0.665193 0.033012 0.0322311
1 0.884076 0.585875 0.0278915 0.0248366
1 0.888821 0.586249 0.0230955 0.0253372
0 0.817717 0.607792 0.0491165 0.0544163
0 0.434298 0.865822 0.219023 0.151976
0 0.707882 0.601467 0.0397762 0.0501228
0 0.8089 0.661789 0.0535839 0.043439
0 0.381101 0.869502 0.0930386 0.0931511
0 0.371922 0.86085 0.0784708 0.0758049
0 0.942804 0.650073 0.0437775 0.0378353
0 0.375911 0.872071 0.220212 0.148322
0 0.869615 0.64628 0.0393353 0.0347046
0 0.753738 0.65709 0.0412933 0.037306
0 0.652739 0.604335 0.0519178 0.0544573
0 0.30841 0.868624 0.0795581 0.0802106
0 0.691121 0.654951 0.0375504 0.032901
0 0.322567 0.881685 0.231477 0.14635
0 0.609932 0.602707 0.0503344 0.0514572
0 0.646467 0.653531 0.0358778 0.0319956
0 0.705586 0.654106 0.0455269 0.0476125
1 0.754845 0.628373 0.0418641 0.0511223
0 0.818768 0.642752 0.0413647 0.0395407
0 0.942029 0.667821 0.0402317 0.0407585
0 0.90746 0.667562 0.0339449 0.0317833
0 0.785521 0.683642 0.051697 0.048691
0 0.342803 0.958385 0.218568 0.0743684
0 0.918614 0.668262 0.0534336 0.0363214
0 0.933152 0.668501 0.0558975 0.0420436
0 0.348871 0.952699 0.332252 0.0913724
0 0.712593 0.679948 0.0426102 0.0355765
0 0.72899 0.686448 0.0967925 0.0392949
0 0.888542 0.664856 0.043371 0.0354828
1 0.794353 0.65029 0.041338 0.0489302
0 0.744067 0.68056 0.0464989 0.0450399
0 0.881214 0.663489 0.0568306 0.0365789
0 0.304548 0.958768 0.218889 0.0740958
0 0.674267 0.677988 0.0439861 0.0357101
0 0.864844 0.662922 0.0351017 0.0328105
0 0.319858 0.953406 0.338787 0.0895954
0 0.67853 0.679545 0.0584203 0.0355362
0 0.830555 0.708931 0.0543102 0.0442146
0 0.975293 0.68575 0.0470139 0.0332759
0 0.823933 0.707899 0.0711983 0.0485734
0 0.810204 0.707876 0.103055 0.0522634
0 0.683569 0.631137 0.0416858 0.0476008
0 0.679492 0.618089 0.0455851 0.0592573
1 0.87273 0.664952 0.0498232 0.0550599
0 0.804848 0.707814 0.13509 0.0570989
0 0.964764 0.685704 0.0434303 0.0330778
1 0.669278 0.8261 0.0227726 0.0325757
1 0.879362 0.669384 0.0526548 0.0538256
0 0.743705 0.69695 0.0454 0.040656
0 0.750093 0.701054 0.0629059 0.0460073
0 0.901196 0.816367 0.187433 0.0937248
0 0.709311 0.680903 0.0501293 0.0328857
0 0.721838 0.682839 0.0411796 0.0313339
0 0.701726 0.681005 0.0352169 0.0314512
0 0.715264 0.683549 0.0537537 0.0340738
0 0.640098 0.634337 0.0360248 0.0302153
0 0.685978 0.6812 0.0398558 0.0311282
0 0.678519 0.680437 0.0561991 0.0343571
0 0.913213 0.811972 0.172126 0.0921149
0 0.603963 0.63253 0.0343426 0.0311083
0 0.857615 0.809847 0.183102 0.0828334
0 0.887659 0.806836 0.224681 0.0924063
0 0.920406 0.852897 0.159188 0.10832
0 0.72693 0.693766 0.0418032 0.0406377
0 0.715577 0.641656 0.0309889 0.0385778
0 0.631697 0.639502 0.0369947 0.0333824
0 0.715645 0.695146 0.0626381 0.0428797
0 0.683524 0.834993 0.121967 0.0653013
0 0.634393 0.707591 0.043647 0.0361925
0 0.516825 0.704045 0.0666894 0.0518265
0 0.528325 0.707971 0.0927012 0.0538811
0 0.690069 0.625238 0.0361423 0.0313914
0 0.702633 0.833735 0.0821546 0.0681897
0 0.661224 0.932258 0.166624 0.100773
0 0.469375 0.743199 0.104449 0.0677755
0 0.456272 0.739296 0.0779149 0.0670985
0 0.593132 0.742013 0.0419834 0.0369601
0 0.552889 0.732512 0.0887463 0.0511313
0 0.642846 0.634387 0.0404796 0.0350474
0 0.485366 0.744644 0.145508 0.0595072
0 0.586977 0.74052 0.0565623 0.0400201
0 0.533101 0.736156 0.118863 0.0568436
0 0.945358 0.625736 0.0558355 0.0343285
0 0.574856 0.737972 0.0802813 0.04742
0 0.481984 0.846022 0.274604 0.133356
0 0.646721 0.65776 0.0452597 0.0365473
0 0.440465 0.841519 0.196836 0.111758
0 0.58102 0.671044 0.0893061 0.0524996
0 0.449723 0.916662 0.33037 0.159638
0 0.638813 0.673345 0.0510675 0.0387648
0 0.401145 0.914573 0.218182 0.15913
0 0.967488 0.650825 0.0471447 0.0354355
0 0.975634 0.661907 0.0461809 0.040546
0 0.622978 0.68737 0.0700409 0.0468484
0 0.425883 0.947609 0.409498 0.102585
0 0.613354 0.691312 0.095166 0.0545714
0 0.966794 0.664312 0.0664116 0.0420497
0 0.624046 0.752159 0.124706 0.0754705
0 0.514069 0.802033 0.0863158 0.0538928
0 0.639345 0.748863 0.0891909 0.0723906
0 0.544931 0.738491 0.0503273 0.0479421
0 0.526746 0.808793 0.12784 0.0562525
0 0.618485 0.834877 0.202986 0.102154
0 0.534541 0.948167 0.270909 0.0942917
0 0.594888 0.826723 0.244442 0.111285
0 0.626781 0.940282 0.373078 0.119436
0 0.631529 0.955272 0.439314 0.0894562
0 0.600808 0.955886 0.422765 0.0856761
0 0.906163 0.746675 0.173518 0.0571384
0 0.87963 0.742046 0.134499 0.0567515
0 0.94006 0.753614 0.119879 0.058061
0 0.869493 0.739183 0.100936 0.0582007
0 0.868709 0.741858 0.0910414 0.0551916
0 0.859205 0.740474 0.130139 0.0583237
0 0.785212 0.733327 0.0913308 0.0510417
0 0.841513 0.736682 0.134004 0.0553408
0 0.775899 0.727426 0.0713213 0.0476728
0 0.854521 0.740188 0.187133 0.0620872
0 0.812025 0.737861 0.133015 0.0515121
0 0.879791 0.740336 0.0659489 0.0545347
0 0.821463 0.735365 0.0683403 0.0594668
0 0.794799 0.735446 0.123682 0.0588926
0 0.733408 0.727089 0.103694 0.0555382
0 0.723255 0.722623 0.0744913 0.0545414
0 0.753495 0.730803 0.158086 0.0545389
0 0.238964 0.977354 0.217871 0.0452911
0 0.665084 0.853316 0.254309 0.116606
1 0.826522 0.981881 0.0399666 0.0357287
0 0.63768 0.850769 0.212262 0.0940306
0 0.625398 0.88671 0.264626 0.133088
0 0.600408 0.887021 0.201974 0.104835
0 0.933822 0.864091 0.132355 0.0741793
0 0.912572 0.866967 0.174857 0.0682256
0 0.846083 0.865719 0.133716 0.056133
0 0.89421 0.867215 0.172208 0.0615954
0 0.49724 0.827604 0.130729 0.0731135
0 0.951394 0.945911 0.0972124 0.1067
0 0.494445 0.832932 0.177561 0.0735514
0 0.404403 0.853722 0.0793828 0.0538246
0 0.472645 0.836648 0.155543 0.0667875
0 0.963041 0.639113 0.0739174 0.0519402
0 0.847198 0.929057 0.301715 0.137866
0 0.330057 0.836738 0.138886 0.0753243
0 0.900779 0.729348 0.0516445 0.0452335
0 0.712105 0.663279 0.0536897 0.032584
0 0.316758 0.844056 0.176453 0.0796598
0 0.699044 0.662123 0.0554633 0.035069
0 0.799887 0.624345 0.0712334 0.0493914
0 0.807364 0.62512 0.0560311 0.0438491
0 0.698496 0.918566 0.268733 0.135191
0 0.677606 0.617311 0.0597587 0.0432304
0 0.183642 0.862681 0.181737 0.085363
0 0.756325 0.7131 0.049353 0.0413948
0 0.586492 0.65835 0.0642412 0.0363869
0 0.661162 0.619284 0.0984018 0.0471542
0 0.643761 0.61695 0.10102 0.0450733
0 0.685738 0.617723 0.041733 0.0427264
0 0.635229 0.612642 0.0653464 0.0391383
0 0.743895 0.712332 0.0770889 0.0408628
0 0.190594 0.853252 0.144511 0.0774122
0 0.593407 0.910726 0.258642 0.132911
0 0.661351 0.70435 0.0503954 0.0437195
0 0.0769898 0.882078 0.151503 0.0965179
0 0.603328 0.703071 0.0366444 0.0329208
0 0.583773 0.616619 0.0608542 0.0455274
0 0.500241 0.657808 0.0587885 0.0343815
0 0.486675 0.658285 0.0490983 0.0322802
0 0.560754 0.619167 0.102435 0.0429454
0 0.651676 0.703643 0.0602844 0.0441305
0 0.542513 0.612804 0.0418808 0.0357618
0 0.610055 0.703625 0.0511441 0.0352083
0 0.549336 0.613885 0.0597412 0.0380651
0 0.543621 0.905223 0.260378 0.134893
0 0.612009 0.702157 0.0475718 0.044267
0 0.0453414 0.883072 0.0906829 0.0897972
0 0.543807 0.615253 0.0507975 0.0470886
0 0.45953 0.658015 0.0504869 0.0339102
0 0.559063 0.700196 0.0349893 0.0310407
0 0.973921 0.695604 0.0502626 0.0452905
0 0.436797 0.659 0.0381274 0.0322885
0 0.501573 0.613926 0.052171 0.0373797
0 0.44777 0.658931 0.0617009 0.0343773
1 0.688792 0.667311 0.0365561 0.0467822
0 0.523805 0.616248 0.0911907 0.0433736
0 0.560309 0.702484 0.0440226 0.0331984
0 0.966289 0.696585 0.0674212 0.0454547
0 0.603079 0.701298 0.058713 0.043004
1 0.723719 0.611257 0.0389606 0.0461708
0 0.695941 0.735515 0.0598731 0.0491458
0 0.0362663 0.94856 0.0709401 0.0871452
0 0.682587 0.736064 0.0824451 0.0524178
0 0.521992 0.675931 0.0425132 0.0314631
0 0.551867 0.618985 0.0369829 0.0291885
0 0.635738 0.730048 0.0512911 0.0376109
0 0.665773 0.734437 0.111883 0.0499499
0 0.644529 0.734798 0.0712254 0.0419189
0 0.607411 0.627357 0.0551492 0.0465023
0 0.649726 0.734184 0.0580795 0.0502032
0 0.476359 0.675544 0.0506842 0.032192
0 0.512975 0.619234 0.0365925 0.029022
0 0.635839 0.734497 0.0787832 0.0503359
0 0.595175 0.730251 0.0530939 0.0362188
0 0.565251 0.625367 0.0590676 0.0455369
0 0.465629 0.67599 0.0686346 0.0348452
0 0.604166 0.734635 0.0748804 0.040755
0 0.462896 0.675702 0.0425489 0.0315442
0 0.634292 0.734413 0.0566601 0.0498847
0 0.454345 0.675852 0.0601452 0.0340739
0 0.497541 0.620154 0.0388525 0.0307075
0 0.443779 0.676637 0.071823 0.0353491
0 0.578446 0.729781 0.0589846 0.0362297
0 0.550648 0.625631 0.0567686 0.0452073
0 0.437204 0.677701 0.0525808 0.0352147
0 0.67178 0.785245 0.122131 0.059256
0 0.486605 0.697541 0.0533844 0.0348269
0 0.695786 0.785059 0.0755375 0.0612424
0 0.586622 0.637546 0.0593208 0.0531484
0 0.575074 0.639156 0.0864835 0.0530576
0 0.460331 0.698824 0.0447934 0.0331103
0 0.469119 0.696717 0.0663202 0.0355239
0 0.670011 0.783512 0.166939 0.0602013
0 0.770173 0.870583 0.16846 0.0931582
0 0.526964 0.733967 0.0724609 0.0467194
0 0.63468 0.660565 0.0821533 0.0546143
0 0.747402 0.866345 0.152643 0.0734263
0 0.51855 0.737113 0.0927435 0.0494367
0 0.57714 0.644412 0.0545191 0.0419688
0 0.536628 0.736432 0.0556065 0.0490018
0 0.498342 0.734497 0.0506189 0.0372421
0 0.510136 0.732651 0.0755811 0.0414005
0 0.493292 0.737799 0.0427951 0.0365929
0 0.712992 0.868818 0.167362 0.090567
0 0.48414 0.738454 0.0487442 0.044099
0 0.441077 0.7411 0.0432555 0.0381767
0 0.526851 0.644903 0.0551992 0.0421323
0 0.583708 0.660327 0.0808247 0.0515279
0 0.469607 0.740815 0.0805853 0.0494481
0 0.685664 0.864785 0.142751 0.0743205
0 0.5193 0.643931 0.04005 0.0380305
0 0.362687 0.804567 0.113278 0.055688
0 0.380595 0.802857 0.0797114 0.0606796
0 0.445243 0.664973 0.0599625 0.0510545
0 0.34724 0.80844 0.0859323 0.0577788
0 0.522913 0.693696 0.0567042 0.044396
0 0.561581 0.698014 0.0399048 0.0411677
0 0.314739 0.959078 0.250394 0.0802527
0 0.550035 0.756657 0.083112 0.0544024
0 0.461483 0.707542 0.0799343 0.0682363
0 0.559606 0.755763 0.059857 0.0531654
0 0.595855 0.712989 0.0451916 0.0439356
0 0.587739 0.782526 0.0866359 0.054642
0 0.494231 0.73207 0.0967497 0.0843274
0 0.573355 0.781818 0.122025 0.0563915
0 0.534679 0.786125 0.0800716 0.050838
0 0.375063 0.716627 0.0450999 0.0422014
0 0.259318 0.742304 0.0984264 0.0903557
0 0.360945 0.785188 0.0787645 0.0577413
0 0.348804 0.788152 0.109637 0.0615537
0 0.280656 0.744028 0.136256 0.0904316
0 0.898393 0.871847 0.196008 0.089535
0 0.948732 0.737369 0.0567356 0.0481977
0 0.887534 0.866801 0.152264 0.0842725
0 0.938676 0.739314 0.0785103 0.0499733
0 0.0171065 0.655692 0.034213 0.0409833
0 0.926853 0.739301 0.0969675 0.0557992
0 0.836793 0.722121 0.0801521 0.0549422
0 0.904013 0.874178 0.17172 0.115442
0 0.849986 0.726752 0.123663 0.0581498
0 0.229887 0.607845 0.0290991 0.0328084
0 0.937954 0.726953 0.0419968 0.0384436
0 0.570885 0.831136 0.163817 0.0751053
0 0.605153 0.706494 0.0507641 0.0509453
0 0.592552 0.708116 0.0746902 0.0525792
0 0.57713 0.827472 0.125642 0.069916
0 0.552147 0.825644 0.120833 0.0691897
0 0.883193 0.722717 0.0401356 0.0331098
0 0.51816 0.701031 0.0581049 0.0514858
0 0.611416 0.696215 0.0423784 0.03725
0 0.272114 0.837149 0.154502 0.0799141
0 0.323741 0.711403 0.0449094 0.0429363
0 0.868124 0.709628 0.121397 0.0518271
0 0.604184 0.696822 0.059182 0.0380903
0 0.246277 0.839539 0.131498 0.0733312
0 0.933274 0.705124 0.0499521 0.0427658
0 0.580879 0.696555 0.0499228 0.0330154
0 0.232348 0.714325 0.081323 0.0567602
0 0.925897 0.705426 0.067141 0.0458728
0 0.314086 0.714285 0.0631742 0.0477637
0 0.298962 0.717589 0.0931546 0.0502065
0 0.844445 0.708577 0.112137 0.0509829
0 0.593797 0.699171 0.0722236 0.0379466
0 0.0153478 0.649611 0.0270233 0.0399979
0 0.654962 0.714784 0.0496983 0.0410229
0 0.271372 0.88786 0.176168 0.0984451
0 0.932103 0.729956 0.135793 0.0637586
0 0.344393 0.726575 0.0475843 0.0538715
0 0.617794 0.713604 0.0497954 0.0360966
0 0.911503 0.732425 0.161876 0.0652345
0 0.644865 0.713901 0.0675932 0.0416987
0 0.63028 0.712761 0.0735992 0.0389826
0 0.245708 0.737396 0.0904966 0.0528191
0 0.246727 0.887878 0.136086 0.0895303
0 0.322024 0.728395 0.0893354 0.0506597
0 0.813251 0.757674 0.0557518 0.0474787
0 0.122206 0.643037 0.0465909 0.0385358
0 0.804039 0.758888 0.0772278 0.0481152
0 0.0759634 0.647255 0.0305273 0.0327639
0 0.354331 0.941433 0.22899 0.105138
0 0.404744 0.763243 0.157857 0.0670161
0 0.337495 0.760278 0.0865799 0.0595375
0 0.0807258 0.647282 0.0421941 0.0339444
0 0.430207 0.754864 0.0906965 0.0601529
0 0.415576 0.758019 0.117449 0.0592397
0 0.789315 0.758759 0.118557 0.0503442
0 0.941934 0.763727 0.116132 0.0739263
0 0.64369 0.745854 0.0944273 0.0461311
0 0.657562 0.744204 0.0660245 0.0475713
0 0.274797 0.767123 0.119367 0.0656918
0 0.63902 0.750785 0.114164 0.0443944
0 0.263203 0.772031 0.17142 0.0695608
0 0.952703 0.760718 0.0945936 0.0673551
0 0.163465 0.782166 0.0941624 0.0575436
0 0.270428 0.767501 0.0946782 0.0624162
0 0.641648 0.745149 0.0687122 0.047273
0 0.254429 0.770099 0.127101 0.0634392
0 0.931407 0.7565 0.137185 0.0750576
0 0.622779 0.747334 0.111652 0.0475985
0 0.914872 0.749254 0.157428 0.0710348
0 0.610719 0.744273 0.0781948 0.0399333
0 0.283655 0.762961 0.0713822 0.0579253
0 0.233829 0.78001 0.168208 0.0639036
0 0.177521 0.781715 0.129357 0.0599497
0 0.739873 0.797835 0.0674873 0.0598328
0 0.72156 0.800035 0.110015 0.0558718
0 0.70379 0.798008 0.104473 0.0544236
0 0.203751 0.834459 0.209921 0.0757716
0 0.222506 0.834466 0.251615 0.10414
0 0.2196 0.869214 0.262521 0.108921
0 0.768809 0.83468 0.125022 0.0647171
0 0.790443 0.832627 0.0809656 0.0686231
0 0.243268 0.866653 0.235543 0.0909571
0 0.200409 0.86797 0.240987 0.0861092
0 0.7672 0.836803 0.162732 0.0717798
0 0.71497 0.826902 0.134805 0.066275
0 0.738619 0.826631 0.0833536 0.0655411
0 0.166902 0.876771 0.285954 0.121727
0 0.13493 0.919219 0.266918 0.132001
0 0.721284 0.857492 0.127481 0.0691836
0 0.701834 0.855221 0.113019 0.0662849
0 0.738313 0.855431 0.0939484 0.0745459
0 0.487283 0.921926 0.326313 0.151011
0 0.961332 0.746054 0.0773364 0.076931
0 0.877262 0.761347 0.099316 0.0506714
0 0.288472 0.925498 0.341819 0.144588
0 0.670091 0.731928 0.0643593 0.0439796
0 0.677552 0.737447 0.0780182 0.0505318
0 0.805113 0.719932 0.120273 0.0552093
0 0.797058 0.723918 0.164611 0.0628148
0 0.203041 0.928999 0.309569 0.140357
0 0.720622 0.709161 0.0837724 0.0533274
0 0.705873 0.709395 0.124654 0.054379
0 0.581895 0.735114 0.0751085 0.0415576
0 0.666148 0.709772 0.0934118 0.063854
0 0.680743 0.710064 0.138187 0.059506
0 0.577555 0.729408 0.0608258 0.0400429
0 0.163964 0.938298 0.310275 0.123403
0 0.676353 0.706509 0.103595 0.0545423
0 0.692371 0.706149 0.0748948 0.0528979
0 0.669145 0.708263 0.171981 0.0622496
0 0.552908 0.734466 0.0798347 0.0418012
0 0.644315 0.707404 0.108917 0.0556655
0 0.546868 0.729416 0.0640465 0.0389315
0 0.184738 0.938954 0.319949 0.122091
0 0.707234 0.713216 0.112048 0.0511635
0 0.577894 0.735937 0.0650877 0.0474768
0 0.726245 0.713168 0.0678657 0.0577774
0 0.588907 0.737918 0.0876154 0.0537425
0 0.849922 0.869714 0.274947 0.125063
0 0.735115 0.932781 0.228387 0.118856
0 0.890949 0.870344 0.201508 0.116778
0 0.864415 0.890534 0.259457 0.144931
0 0.702949 0.951545 0.198035 0.094562
0 0.73321 0.95196 0.284511 0.0937286
0 0.822769 0.885233 0.285732 0.139318
0 0.663806 0.951396 0.20748 0.0936625
0 0.790479 0.883307 0.276446 0.137598
0 0.638827 0.951721 0.215746 0.0927032
0 0.861 0.938025 0.270058 0.123949
0 0.947814 0.772233 0.104373 0.0563143
0 0.912175 0.768047 0.121518 0.0595345
0 0.93285 0.770799 0.1343 0.0573128
0 0.846381 0.758765 0.114178 0.0670623
0 0.77611 0.747203 0.118843 0.0581732
0 0.840402 0.755659 0.158768 0.0645484
0 0.866747 0.756869 0.0758757 0.062796
0 0.817625 0.753623 0.156406 0.0564176
0 0.756985 0.74532 0.117313 0.0548093
0 0.742266 0.743898 0.165363 0.058785
0 0.778446 0.747091 0.0681368 0.0599536
0 0.713618 0.742047 0.15238 0.0557137
0 0.68857 0.73828 0.0944906 0.0565083
0 0.674868 0.736516 0.0647871 0.0551459
0 0.801805 0.799253 0.11929 0.0762581
0 0.702893 0.787246 0.0959568 0.0697371
0 0.71804 0.792375 0.143289 0.07271
0 0.785652 0.796182 0.177328 0.0776754
0 0.82295 0.800373 0.0727697 0.0741161
0 0.750644 0.79494 0.182401 0.0744308
0 0.635999 0.877901 0.268594 0.130083
0 0.63345 0.897222 0.279504 0.138796
0 0.574883 0.873542 0.18152 0.111893
0 0.952341 0.635229 0.0847765 0.0491633
0 0.896612 0.675229 0.053904 0.033341
0 0.931267 0.921209 0.137466 0.107292
0 0.422405 0.875844 0.179253 0.122909
0 0.709645 0.661965 0.0522886 0.0343274
0 0.725532 0.660977 0.0543467 0.0328196
0 0.938765 0.723337 0.0536507 0.0377785
0 0.873092 0.713494 0.0495754 0.034844
0 0.701457 0.662186 0.0344587 0.0321981
