1 0.758826 0.927761 0.300319 0.144479
1 0.758134 0.938533 0.2891 0.118278
1 0.647664 0.822669 0.120356 0.0663246
1 0.336544 0.824618 0.096623 0.0637375
1 0.700754 0.96271 0.263805 0.067864
1 0.731679 0.966917 0.225198 0.0661663
1 0.334058 0.835495 0.214411 0.198785
1 0.343227 0.869561 0.245863 0.243331
1 0.687994 0.637772 0.078749 0.0723254
1 0.268275 0.915388 0.355644 0.167746
1 0.481747 0.733447 0.0950009 0.0568695
1 0.507736 0.73301 0.0382565 0.0492772
1 0.49883 0.732123 0.059908 0.0546825
1 0.45566 0.755754 0.0930788 0.0700401
1 0.475115 0.757627 0.112204 0.0657796
1 0.44595 0.809448 0.160813 0.093441
1 0.475059 0.817897 0.130289 0.0796546
1 0.270619 0.760912 0.104678 0.0683722
1 0.835187 0.748575 0.131706 0.0737981
1 0.25225 0.763105 0.129634 0.0721901
1 0.369909 0.96202 0.245277 0.0759608
1 0.456333 0.968811 0.244169 0.0623784
1 0.856832 0.749938 0.115181 0.0694827
1 0.230363 0.800934 0.143581 0.090996
1 0.885308 0.778674 0.122399 0.0806347
1 0.240689 0.795302 0.116634 0.077888
1 0.864347 0.77763 0.138105 0.0773327
1 0.121979 0.889605 0.236784 0.163097
1 0.920438 0.836198 0.153476 0.100704
1 0.879751 0.727359 0.0859087 0.0541478
1 0.776959 0.733729 0.08592 0.0489349
1 0.714294 0.72447 0.0658146 0.0564298
1 0.667831 0.723661 0.0660652 0.0496667
1 0.670166 0.729274 0.0793381 0.054098
1 0.650394 0.813613 0.126416 0.0805944
1 0.675013 0.80881 0.107461 0.0779044
1 0.627105 0.907703 0.183739 0.149612
1 0.771066 0.82088 0.150746 0.10341
1 0.951446 0.971799 0.0971075 0.0560496
1 0.751113 0.8202 0.116191 0.0914698
1 0.593644 0.807319 0.139927 0.095889
1 0.923063 0.602081 0.0277235 0.0332378
1 0.832534 0.939953 0.295436 0.120094
1 0.821316 0.597859 0.0433693 0.0483
1 0.576258 0.806858 0.1123 0.0862948
1 0.484286 0.804493 0.130089 0.0937925
1 0.689053 0.937661 0.209971 0.124678
1 0.860633 0.631867 0.0479298 0.0586688
1 0.715236 0.590747 0.0291107 0.0341947
1 0.931405 0.641579 0.0387453 0.0464127
1 0.563318 0.934992 0.199321 0.130015
1 0.36598 0.809109 0.143929 0.0995054
1 0.60034 0.590019 0.0348373 0.0333473
1 0.350231 0.812209 0.13445 0.0998271
1 0.549013 0.933328 0.191264 0.133343
1 0.588555 0.590558 0.0373951 0.0353889
1 0.436105 0.859165 0.169065 0.134458
1 0.784085 0.59876 0.0316951 0.0447417
1 0.858783 0.642246 0.0365898 0.0432569
1 0.690259 0.599444 0.0484327 0.0516228
1 0.697225 0.594572 0.0472107 0.0423579
1 0.360271 0.860973 0.171537 0.136827
1 0.770958 0.631249 0.0481015 0.0626691
1 0.32656 0.870384 0.180936 0.143958
1 0.740019 0.633136 0.0504475 0.0549093
1 0.646418 0.603265 0.0458595 0.0523816
1 0.745713 0.605251 0.0342106 0.0457523
1 0.325587 0.956932 0.218387 0.0861361
1 0.640048 0.607693 0.0494939 0.05283
1 0.63189 0.607245 0.0518978 0.0490789
1 0.742394 0.610504 0.0368559 0.0501822
1 0.835448 0.659332 0.0441452 0.061954
1 0.622443 0.600973 0.0407123 0.0426795
1 0.72281 0.606314 0.0339455 0.0449051
1 0.329902 0.978263 0.0767453 0.0434731
1 0.61622 0.605532 0.0483285 0.0433922
1 0.815303 0.662581 0.0442928 0.0567039
1 0.735674 0.692497 0.0524887 0.0516647
1 0.308163 0.976931 0.126277 0.0461372
1 0.833332 0.760359 0.101942 0.0725108
1 0.711779 0.624429 0.0347771 0.0391877
1 0.768209 0.607358 0.0261118 0.0309611
1 0.934652 0.830031 0.129894 0.10217
1 0.688897 0.839246 0.0984703 0.0656771
1 0.665516 0.633813 0.0421431 0.0432767
1 0.764315 0.928044 0.13337 0.0844952
1 0.59207 0.737365 0.122758 0.0660675
1 0.748075 0.917988 0.104461 0.0819211
1 0.615186 0.734049 0.108043 0.0616659
1 0.627779 0.77285 0.190549 0.0762655
1 0.591877 0.774929 0.140247 0.0882998
1 0.667983 0.700199 0.192215 0.0748698
1 0.495489 0.930333 0.263477 0.134007
1 0.564075 0.937872 0.49113 0.124257
1 0.664076 0.693855 0.140921 0.0673159
1 0.739584 0.927005 0.144532 0.078938
1 0.776551 0.811211 0.14941 0.0937829
1 0.838852 0.927989 0.315091 0.144023
1 0.818251 0.954253 0.363498 0.0841469
1 0.0186593 0.850793 0.0356779 0.0480891
1 0.797524 0.953984 0.381163 0.0914873
1 0.0497288 0.820963 0.0351655 0.046585
1 0.630274 0.941991 0.391155 0.114117
1 0.969216 0.73455 0.0489477 0.0545821
1 0.477203 0.94253 0.401375 0.114941
1 0.83635 0.727081 0.0512463 0.0457191
1 0.828378 0.72486 0.0684799 0.055547
1 0.787739 0.721149 0.09498 0.052668
1 0.300412 0.953603 0.354043 0.0907475
1 0.781262 0.720902 0.0877569 0.0531076
1 0.799093 0.721234 0.0887089 0.054098
1 0.819073 0.724479 0.0765331 0.0548295
1 0.792687 0.723203 0.125735 0.055793
1 0.338602 0.957671 0.314874 0.0825158
1 0.688845 0.7728 0.126935 0.0657555
1 0.737102 0.777497 0.1116 0.0673177
1 0.666193 0.855235 0.164025 0.100682
1 0.659504 0.887997 0.244658 0.144116
1 0.728874 0.812826 0.0791294 0.0662387
1 0.929235 0.891076 0.132079 0.11435
1 0.492385 0.798736 0.0679951 0.065568
1 0.793251 0.877 0.215942 0.132181
1 0.339674 0.808504 0.0790737 0.0698382
1 0.69091 0.857993 0.185008 0.0974431
1 0.852918 0.856905 0.107779 0.0676112
1 0.840381 0.870553 0.109977 0.069268
1 0.809076 0.866719 0.099213 0.0637465
1 0.803063 0.866093 0.138608 0.0698942
1 0.773583 0.863281 0.105277 0.0613967
1 0.192461 0.775556 0.204353 0.132281
1 0.840059 0.811898 0.0763582 0.057797
1 0.609287 0.788356 0.0639751 0.0549608
1 0.501756 0.791149 0.0690847 0.0576225
1 0.436368 0.789322 0.0661203 0.0568611
1 0.624318 0.748691 0.0304806 0.0398623
1 0.664333 0.749843 0.0332103 0.0434095
1 0.393899 0.789726 0.0698192 0.0574526
1 0.360453 0.791625 0.0692964 0.0584452
1 0.653812 0.707404 0.0260753 0.0368668
1 0.400094 0.804656 0.0663457 0.0614
1 0.511655 0.836123 0.0922764 0.0702769
1 0.486343 0.837603 0.138662 0.0743687
1 0.481774 0.830427 0.114641 0.0642237
1 0.431168 0.83827 0.0778465 0.071107
1 0.727631 0.705197 0.0326588 0.0337484
1 0.969637 0.717647 0.0607252 0.0465546
1 0.32354 0.844391 0.116179 0.0733803
1 0.302227 0.851933 0.132005 0.0768216
1 0.342558 0.839753 0.0825506 0.0708946
1 0.307615 0.957688 0.200469 0.0846246
1 0.976413 0.740391 0.0395361 0.0384696
1 0.734174 0.744968 0.0376525 0.0410851
1 0.334926 0.774779 0.123332 0.0968016
1 0.0493835 0.695594 0.0294152 0.0379677
1 0.765554 0.711138 0.0241671 0.0379445
1 0.271459 0.959732 0.21957 0.0805361
1 0.952589 0.743685 0.0948215 0.0561638
1 0.683531 0.742654 0.0683924 0.0449802
1 0.282771 0.955866 0.287801 0.0848771
1 0.252686 0.959763 0.263817 0.0786156
1 0.677998 0.741741 0.0449476 0.0418593
1 0.668575 0.742408 0.0679368 0.0454684
1 0.944503 0.747108 0.110994 0.06947
1 0.746357 0.784317 0.0429428 0.0529427
1 0.729154 0.78624 0.0841907 0.0531972
1 0.327466 0.804453 0.0558722 0.0627794
1 0.259508 0.87694 0.228789 0.142336
1 0.803451 0.825836 0.0739036 0.0613008
1 0.822085 0.827934 0.0385918 0.0563522
1 0.196288 0.882128 0.223404 0.13557
1 0.738484 0.816456 0.0700405 0.06228
1 0.223299 0.877862 0.17023 0.12278
1 0.746295 0.816786 0.0507942 0.0569626
1 0.177951 0.890686 0.238206 0.141706
1 0.21331 0.883474 0.180736 0.115688
1 0.72095 0.822063 0.095296 0.0610001
1 0.838156 0.956912 0.148381 0.0849879
1 0.839861 0.963966 0.246331 0.0720675
1 0.66221 0.902619 0.297615 0.171439
1 0.390485 0.898725 0.271067 0.167151
1 0.857272 0.722843 0.17641 0.0653336
1 0.622868 0.830247 0.0246202 0.0323359
1 0.754371 0.730425 0.0504503 0.0438273
1 0.863801 0.720247 0.131419 0.0602089
1 0.749101 0.727955 0.0379045 0.0401343
1 0.481774 0.917588 0.306436 0.16044
1 0.955755 0.750156 0.0884903 0.0848523
1 0.279313 0.922855 0.309841 0.15429
1 0.764703 0.721001 0.145651 0.066154
1 0.66184 0.731474 0.0366407 0.0413892
1 0.785872 0.718904 0.0944057 0.0612394
1 0.243902 0.931087 0.285933 0.132401
1 0.535968 0.853118 0.0266098 0.0331649
1 0.772255 0.715432 0.109908 0.061983
1 0.667017 0.707432 0.142915 0.0657349
1 0.185148 0.92832 0.29622 0.141647
1 0.687748 0.705709 0.0888669 0.0618277
1 0.56857 0.728282 0.0314299 0.0382357
1 0.439484 0.853025 0.0269941 0.0320897
1 0.152487 0.934331 0.279307 0.131339
1 0.634883 0.705616 0.128055 0.0622882
1 0.633291 0.711461 0.160001 0.0703518
1 0.403721 0.85444 0.0260509 0.0318745
1 0.533231 0.727292 0.0320352 0.0376455
1 0.659423 0.703346 0.0931725 0.0601893
1 0.189942 0.938391 0.31295 0.123217
1 0.696652 0.719319 0.126803 0.063682
1 0.46002 0.871764 0.0261518 0.0331678
1 0.243531 0.938735 0.215894 0.116135
1 0.694768 0.722777 0.164436 0.0729347
1 0.594855 0.735224 0.0395173 0.0456535
1 0.719359 0.71752 0.0995543 0.0588056
1 0.640547 0.716124 0.167096 0.0705697
1 0.402892 0.872951 0.0262817 0.0329371
1 0.14873 0.941087 0.29746 0.117825
1 0.53917 0.73371 0.0374627 0.0415838
1 0.648856 0.709409 0.10853 0.0627131
1 0.178979 0.945098 0.245421 0.106683
1 0.649181 0.718572 0.109274 0.0623656
1 0.403042 0.880524 0.0260301 0.0321358
1 0.641121 0.7208 0.160429 0.0711347
1 0.163544 0.947478 0.255216 0.0987836
1 0.543122 0.738308 0.0381281 0.0423108
1 0.672926 0.717573 0.0845411 0.0603544
1 0.657322 0.715118 0.0818578 0.0610605
1 0.747834 0.78826 0.167012 0.0864193
1 0.727227 0.800073 0.1878 0.12789
1 0.629978 0.842803 0.113651 0.0666279
1 0.648163 0.84724 0.112572 0.0597738
1 0.873212 0.880694 0.23536 0.149555
1 0.732533 0.942936 0.179249 0.10385
1 0.815575 0.869191 0.232371 0.143272
1 0.828483 0.866238 0.194544 0.11487
1 0.769894 0.861569 0.206584 0.14046
1 0.646109 0.944543 0.203783 0.0980104
1 0.76785 0.85963 0.174289 0.113873
1 0.647912 0.934264 0.186485 0.131472
1 0.76723 0.864076 0.207704 0.140446
1 0.641813 0.94536 0.208087 0.0973028
1 0.858788 0.761939 0.107928 0.0638026
1 0.915389 0.770558 0.097567 0.0575864
1 0.711827 0.744546 0.107822 0.0582703
1 0.764176 0.750021 0.0778032 0.0593119
1 0.774388 0.756708 0.113254 0.0638011
1 0.752715 0.755093 0.119535 0.0613991
1 0.732269 0.753195 0.0996616 0.0573106
1 0.8601 0.889588 0.232602 0.14794
1 0.831259 0.885722 0.217535 0.154157
