0 0.814142 0.939224 0.35202 0.121552
0 0.497099 0.622724 0.0525889 0.0429512
0 0.77296 0.936794 0.246752 0.122654
0 0.934138 0.677637 0.0525742 0.0373945
0 0.650925 0.711871 0.0563328 0.0432111
0 0.452546 0.674409 0.0444468 0.0323853
0 0.599966 0.71309 0.0487702 0.0366938
0 0.447408 0.67785 0.0443836 0.0327611
0 0.664237 0.723391 0.0484445 0.0406685
0 0.439218 0.678319 0.0624081 0.0362117
0 0.424003 0.680094 0.0520109 0.0357265
0 0.499648 0.629282 0.0435123 0.039815
0 0.976578 0.686237 0.0441902 0.0371015
0 0.600056 0.719147 0.0392036 0.0348287
0 0.804596 0.950978 0.367903 0.098045
0 0.946088 0.681416 0.046143 0.0347504
0 0.429894 0.617346 0.0368021 0.0298002
0 0.430801 0.682335 0.0670592 0.0377603
0 0.956518 0.685996 0.0719666 0.0378573
0 0.675136 0.732236 0.0405182 0.0395668
0 0.448613 0.683124 0.0425144 0.03399
0 0.501933 0.63198 0.0431198 0.0427183
0 0.966466 0.692601 0.0670673 0.0401156
0 0.665533 0.731277 0.0618755 0.0430901
0 0.603447 0.728869 0.0418316 0.0367139
1 0.720252 0.696053 0.0384069 0.0451398
0 0.440377 0.682768 0.0607185 0.0366877
0 0.430054 0.619534 0.0410202 0.0295169
0 0.415945 0.683415 0.0349636 0.0328504
0 0.973975 0.691622 0.0490803 0.0403269
0 0.71583 0.827566 0.18569 0.0759627
0 0.450834 0.737206 0.0477206 0.0425087
0 0.699296 0.822769 0.144864 0.0633715
0 0.512185 0.657297 0.0476398 0.0464572
0 0.403588 0.736907 0.0389706 0.0376246
0 0.442958 0.737247 0.0651924 0.0456243
0 0.410105 0.820352 0.120938 0.0595965
0 0.790188 0.957669 0.250763 0.0820909
0 0.814116 0.953819 0.324463 0.0923611
0 0.521102 0.695557 0.0544693 0.0466048
0 0.407703 0.846598 0.12643 0.0679881
0 0.530234 0.707541 0.0505573 0.0369504
0 0.437029 0.680837 0.0915601 0.0649572
0 0.846929 0.983546 0.168521 0.032908
0 0.509093 0.610748 0.0294609 0.0307528
0 0.509654 0.699797 0.0406059 0.0411151
0 0.525874 0.758146 0.0595883 0.0515358
0 0.514098 0.758533 0.091083 0.0519456
0 0.413862 0.713918 0.0922306 0.0653018
0 0.365824 0.968953 0.262917 0.0620944
0 0.470661 0.765226 0.0781003 0.0471199
0 0.499309 0.878861 0.190259 0.0919739
0 0.454317 0.800996 0.256475 0.137019
0 0.514477 0.763458 0.0580267 0.0544345
0 0.451126 0.61216 0.0493504 0.0312673
0 0.417277 0.826467 0.274916 0.139341
0 0.693425 0.615569 0.0351208 0.0313953
0 0.459529 0.94107 0.221117 0.115454
0 0.368774 0.905028 0.343818 0.182569
0 0.54979 0.675723 0.0471478 0.0379333
0 0.713501 0.626964 0.0457905 0.035199
0 0.322918 0.90898 0.227529 0.165692
0 0.429294 0.62985 0.0431427 0.0305473
0 0.552218 0.719284 0.147776 0.0621348
0 0.804103 0.655221 0.0627474 0.0399784
0 0.526371 0.721226 0.103941 0.0584484
0 0.567941 0.721422 0.101604 0.0607197
0 0.549409 0.784118 0.192071 0.0870692
0 0.492737 0.787307 0.0853134 0.0763167
0 0.403493 0.680961 0.0658541 0.0383783
0 0.356493 0.692224 0.0437407 0.036912
0 0.438413 0.681009 0.0372064 0.0306157
0 0.56967 0.790723 0.130195 0.0708865
0 0.843923 0.682738 0.0720596 0.0425439
0 0.821717 0.684422 0.117025 0.0427756
0 0.54088 0.934567 0.318442 0.12705
0 0.350427 0.74645 0.101917 0.0652068
0 0.914131 0.736813 0.106465 0.06206
0 0.394279 0.739833 0.0569804 0.0402328
0 0.892838 0.736093 0.113671 0.0586918
0 0.383707 0.740953 0.0804967 0.0439632
0 0.279283 0.763674 0.058889 0.040851
0 0.328353 0.749289 0.115535 0.0658353
0 0.927667 0.74197 0.109417 0.0531542
0 0.288248 0.762383 0.0784531 0.0490623
0 0.299411 0.759659 0.0948534 0.0531559
0 0.364547 0.744253 0.116603 0.0544683
0 0.949542 0.78534 0.100917 0.0727673
0 0.318174 0.807728 0.162212 0.0970347
0 0.292767 0.808242 0.172471 0.102952
0 0.942212 0.778351 0.115577 0.0664146
0 0.952844 0.796874 0.094312 0.0655956
0 0.306864 0.825541 0.184839 0.107141
0 0.26999 0.828659 0.245301 0.114056
0 0.927954 0.796843 0.144092 0.0620936
0 0.115378 0.974423 0.0928809 0.0511534
0 0.114034 0.976291 0.156554 0.0469442
0 0.743068 0.972863 0.195132 0.0542741
0 0.697178 0.98463 0.119055 0.0307409
0 0.569927 0.970311 0.158998 0.0586047
0 0.581241 0.969937 0.222201 0.0600051
0 0.69002 0.984298 0.174305 0.0314049
0 0.468022 0.970025 0.18509 0.059339
0 0.607424 0.977925 0.190329 0.0441504
0 0.581378 0.975456 0.186558 0.0472102
0 0.980561 0.747126 0.0388786 0.0450307
0 0.404998 0.970083 0.18689 0.0577807
0 0.545218 0.976285 0.210486 0.0474298
1 0.548186 0.694001 0.0925096 0.0496404
1 0.522201 0.703464 0.0551605 0.0532692
1 0.512024 0.704707 0.0745953 0.0561353
0 0.969068 0.763727 0.0618643 0.051901
0 0.983566 0.707651 0.0309803 0.0485542
0 0.967112 0.77133 0.0657761 0.0570775
1 0.500102 0.707394 0.094981 0.0598699
0 0.979807 0.712778 0.0403852 0.0500235
1 0.542595 0.786344 0.112986 0.0784948
1 0.504849 0.779997 0.0615285 0.0612193
1 0.513876 0.896694 0.191414 0.146301
1 0.474234 0.926749 0.200268 0.146503
0 0.961019 0.864694 0.0779615 0.0813365
0 0.771102 0.836408 0.188291 0.10627
0 0.710602 0.8296 0.10713 0.0892867
0 0.697117 0.819233 0.0801489 0.0686815
0 0.926993 0.975782 0.146015 0.0478832
0 0.544309 0.815254 0.171148 0.104234
0 0.785729 0.605514 0.0507224 0.0561049
0 0.759507 0.95296 0.327845 0.0906003
0 0.483316 0.813094 0.0851208 0.0728477
0 0.716792 0.954201 0.192264 0.0900703
0 0.396315 0.814842 0.173839 0.103244
0 0.5931 0.940309 0.247734 0.119381
0 0.333326 0.818467 0.0796809 0.0715017
0 0.729958 0.64602 0.0487186 0.043276
0 0.682963 0.646022 0.0565065 0.0346822
0 0.337845 0.818661 0.180784 0.104376
0 0.529127 0.940798 0.231831 0.118404
0 0.588978 0.598937 0.0405058 0.0496649
0 0.27021 0.821689 0.0748747 0.0622452
0 0.283301 0.830912 0.102413 0.0865705
0 0.401431 0.877873 0.221807 0.146753
0 0.688604 0.602197 0.0406297 0.0510345
0 0.788571 0.662609 0.0493294 0.0454459
1 0.775768 0.597739 0.0341342 0.0485041
0 0.352944 0.884909 0.227405 0.147775
0 0.74787 0.659652 0.0438704 0.0413422
0 0.866863 0.646701 0.0386229 0.0364031
0 0.28271 0.882379 0.0776855 0.0826317
0 0.650363 0.605098 0.0473701 0.057829
0 0.738532 0.661123 0.0633978 0.0428027
0 0.286311 0.889947 0.240632 0.164378
0 0.590796 0.603501 0.0515651 0.052194
0 0.686679 0.655537 0.0423896 0.043277
0 0.797973 0.64292 0.0399144 0.0402814
1 0.734671 0.626773 0.0351195 0.0483697
0 0.626967 0.653339 0.0383703 0.0316512
0 0.281412 0.90952 0.250854 0.166604
0 0.816895 0.647253 0.0398149 0.0348406
0 0.698162 0.66083 0.0524117 0.0445836
1 0.685565 0.595422 0.0341154 0.0547284
0 0.980855 0.606028 0.0279379 0.0304614
0 0.602501 0.603729 0.0435471 0.0548832
0 0.760386 0.682729 0.0309084 0.031853
0 0.978141 0.677585 0.0436783 0.0378156
0 0.841662 0.694059 0.0586187 0.0494761
0 0.713767 0.625602 0.0354 0.0447895
0 0.832453 0.692615 0.082118 0.0506991
0 0.374482 0.958912 0.243327 0.0780557
0 0.850472 0.69638 0.0438965 0.0506349
0 0.711492 0.617061 0.0412127 0.0645509
0 0.881253 0.665293 0.0505451 0.0359762
0 0.732969 0.68208 0.055916 0.0450953
0 0.890326 0.664759 0.035445 0.0347254
0 0.304662 0.963394 0.126426 0.0725878
0 0.872351 0.666495 0.0492474 0.0340622
0 0.270055 0.961978 0.236386 0.0760436
0 0.674235 0.680979 0.053133 0.0372784
1 0.76582 0.651727 0.0444122 0.0540983
0 0.855765 0.664305 0.0543316 0.0368604
0 0.716489 0.682607 0.0475851 0.0427377
0 0.863399 0.665464 0.0416912 0.034898
0 0.280083 0.963134 0.130654 0.0727722
0 0.649257 0.679288 0.0436092 0.0356509
0 0.25505 0.969228 0.17375 0.0583501
0 0.250046 0.962646 0.217143 0.0747078
0 0.840494 0.663224 0.0352633 0.0326738
0 0.663736 0.685568 0.0915609 0.0375352
0 0.945424 0.703586 0.044318 0.0408304
0 0.708029 0.732081 0.150382 0.0644803
0 0.766976 0.732711 0.0454782 0.0526245
0 0.894129 0.697327 0.0459331 0.0346212
0 0.758144 0.731002 0.0632803 0.0532478
1 0.794953 0.663763 0.0356469 0.0462837
0 0.938259 0.701361 0.0577221 0.0419993
0 0.549646 0.617402 0.0289394 0.0305112
0 0.742044 0.730728 0.0966499 0.0573527
0 0.689206 0.724624 0.0962832 0.0555545
0 0.671131 0.71748 0.0550489 0.046499
1 0.608246 0.622266 0.0363447 0.0589823
0 0.591363 0.632514 0.0349792 0.0333252
0 0.821436 0.80449 0.208985 0.0920235
0 0.662208 0.676463 0.0415237 0.0325867
0 0.783088 0.805363 0.143938 0.0789663
0 0.642685 0.676171 0.0690791 0.0353236
0 0.633648 0.680175 0.0559888 0.0336525
0 0.814173 0.814317 0.232463 0.110279
0 0.624358 0.680429 0.0400757 0.032844
0 0.833442 0.814382 0.18477 0.0957667
0 0.648124 0.682112 0.0382679 0.0308525
0 0.822192 0.832286 0.225387 0.110735
0 0.650703 0.683848 0.0404641 0.0332628
0 0.57312 0.637835 0.0302626 0.0314245
0 0.633933 0.683969 0.0452635 0.0332924
0 0.642269 0.683498 0.0543432 0.0356923
0 0.625916 0.684388 0.034587 0.031366
0 0.622381 0.665148 0.0352863 0.0334264
0 0.742145 0.745486 0.0466683 0.0449064
0 0.945652 0.965013 0.108696 0.0699737
0 0.729995 0.673627 0.0293951 0.0315697
0 0.732644 0.744879 0.0659895 0.0447553
0 0.702812 0.742745 0.0650746 0.0413904
0 0.821452 0.615474 0.0376575 0.0307816
0 0.627222 0.664782 0.0502815 0.0355779
0 0.769496 0.615045 0.0400749 0.0315113
0 0.694565 0.741627 0.0436807 0.0385137
0 0.715621 0.746245 0.0953208 0.0482419
0 0.744991 0.819158 0.118876 0.0620368
0 0.738348 0.7058 0.0356977 0.0355033
0 0.768573 0.81909 0.0733492 0.0629004
0 0.823349 0.62544 0.0335583 0.030523
0 0.61609 0.694723 0.0616055 0.0465024
0 0.817522 0.625665 0.0415787 0.0322077
0 0.60641 0.692255 0.0376808 0.0428482
0 0.754703 0.832119 0.124091 0.0674587
0 0.73791 0.708424 0.0383033 0.0353376
0 0.82557 0.630413 0.0329563 0.0315605
0 0.72957 0.823385 0.0825347 0.0649432
0 0.631734 0.702362 0.0963196 0.053502
0 0.622425 0.69785 0.0713296 0.050013
0 0.778989 0.832682 0.0755127 0.067008
0 0.730428 0.706379 0.0529116 0.0386968
0 0.610007 0.699919 0.0446938 0.045762
0 0.819968 0.630144 0.043932 0.0338397
0 0.870585 0.656557 0.0410858 0.0345449
0 0.671749 0.772139 0.143213 0.0741814
0 0.755537 0.769557 0.159074 0.0645424
0 0.693615 0.770526 0.213633 0.0782524
0 0.731055 0.768734 0.218278 0.0714531
0 0.651868 0.768696 0.100292 0.0736056
0 0.840434 0.986813 0.0839848 0.0263748
0 0.808111 0.785323 0.057482 0.0473825
0 0.897723 0.986414 0.0856308 0.0271721
0 0.64085 0.827635 0.246673 0.12485
0 0.791999 0.664302 0.0572268 0.0451955
0 0.616071 0.823886 0.205296 0.105509
0 0.769814 0.843482 0.0524287 0.0504214
0 0.586275 0.898112 0.297166 0.168114
0 0.54864 0.894398 0.213884 0.166248
0 0.740009 0.673424 0.0518656 0.039355
0 0.557342 0.911483 0.298306 0.167986
0 0.716592 0.675061 0.0502907 0.038855
0 0.611525 0.695591 0.0422387 0.0388116
0 0.770989 0.727984 0.0876143 0.0595451
0 0.759362 0.730307 0.1188 0.0702756
0 0.748839 0.738325 0.152411 0.0919853
0 0.732366 0.730463 0.13158 0.0764094
0 0.780869 0.783576 0.16223 0.0811938
0 0.80306 0.78674 0.102047 0.0740407
0 0.735739 0.868247 0.207091 0.0788504
0 0.674124 0.852154 0.101878 0.067588
0 0.696176 0.865213 0.162566 0.0748924
0 0.702888 0.774716 0.0975464 0.0574182
0 0.740129 0.867908 0.137648 0.0763072
0 0.800891 0.807717 0.245103 0.0848721
0 0.810355 0.813479 0.182465 0.0895449
0 0.753213 0.915269 0.237283 0.0907463
0 0.687305 0.89108 0.088763 0.0803271
0 0.710942 0.901534 0.145852 0.0762979
0 0.70024 0.895756 0.11193 0.0760684
0 0.843918 0.904427 0.300075 0.15504
0 0.761494 0.955716 0.435119 0.0885678
0 0.617461 0.946001 0.411418 0.107998
0 0.507338 0.940008 0.381383 0.119983
0 0.961836 0.732213 0.0763281 0.0529821
0 0.943428 0.730741 0.113144 0.0532651
0 0.922552 0.723259 0.0697414 0.0499939
0 0.933912 0.727644 0.100903 0.0528619
0 0.399054 0.940679 0.360661 0.118641
0 0.918849 0.719969 0.0627495 0.0473704
0 0.821705 0.709448 0.0733044 0.0437299
0 0.907542 0.718482 0.0867605 0.04824
0 0.835082 0.715784 0.11352 0.0456069
0 0.857296 0.719369 0.163647 0.0468058
0 0.892725 0.721329 0.120118 0.0501989
0 0.345451 0.940647 0.344313 0.118706
0 0.841688 0.712766 0.0694267 0.0487165
0 0.822128 0.712156 0.116085 0.0478976
0 0.747288 0.700662 0.047135 0.0419886
0 0.75189 0.704417 0.0581514 0.0437648
0 0.763638 0.705839 0.0825417 0.0498899
0 0.706975 0.763625 0.0926447 0.0623619
0 0.69031 0.763096 0.134597 0.0641682
0 0.625565 0.760818 0.105299 0.0606199
0 0.66425 0.762414 0.170661 0.0616941
0 0.639602 0.760542 0.144543 0.0563829
0 0.722897 0.763884 0.0597054 0.0632584
0 0.617971 0.848115 0.240296 0.116693
0 0.607629 0.848125 0.207538 0.0927826
0 0.572359 0.843222 0.137414 0.0930341
0 0.592898 0.877919 0.260266 0.131928
0 0.73818 0.830355 0.146494 0.0729563
0 0.756013 0.828497 0.103384 0.0714591
0 0.933158 0.91725 0.133683 0.107994
0 0.502078 0.808541 0.103742 0.0683585
0 0.516248 0.80593 0.0804961 0.072875
0 0.490467 0.814132 0.161929 0.0729885
0 0.468656 0.82011 0.142626 0.0676523
0 0.863339 0.616468 0.0379526 0.0328888
0 0.412506 0.838665 0.0779503 0.058522
0 0.97854 0.596194 0.0350918 0.0315465
0 0.930041 0.905293 0.116929 0.0995027
0 0.843853 0.892947 0.27154 0.126101
0 0.874341 0.71136 0.0427969 0.0389478
0 0.362188 0.815485 0.120806 0.0692449
0 0.352772 0.823282 0.157842 0.071654
0 0.380512 0.809485 0.0883251 0.0704737
0 0.74976 0.616135 0.102474 0.0464438
0 0.331702 0.829015 0.145987 0.0721664
0 0.763268 0.618381 0.0976322 0.0463079
0 0.786341 0.620155 0.0451532 0.0427844
0 0.801535 0.886824 0.211045 0.0995082
0 0.732444 0.61199 0.0702543 0.040694
0 0.73867 0.881366 0.252017 0.125995
0 0.779055 0.702281 0.0489574 0.0425023
0 0.263221 0.829559 0.145216 0.0719002
0 0.275715 0.823564 0.113936 0.0676674
0 0.723483 0.696406 0.0518736 0.0366464
0 0.686521 0.61295 0.0556677 0.0419263
0 0.249374 0.836774 0.14996 0.0741384
0 0.715448 0.875558 0.215847 0.100371
0 0.728173 0.699867 0.0658419 0.0382894
0 0.675009 0.613209 0.0782131 0.0420296
0 0.666273 0.873027 0.240941 0.120438
0 0.194915 0.838373 0.183808 0.074519
0 0.703799 0.695155 0.0524924 0.0390055
0 0.547499 0.649989 0.0594503 0.0351321
0 0.635693 0.611437 0.041449 0.044268
0 0.649101 0.870354 0.241515 0.0953892
0 0.203894 0.830349 0.129692 0.0694187
0 0.164015 0.850012 0.191027 0.0792168
0 0.539806 0.647367 0.0464169 0.0352996
0 0.659604 0.693962 0.0474195 0.0354884
0 0.611295 0.870551 0.234639 0.11694
0 0.985796 0.684149 0.0272547 0.0398509
0 0.659226 0.693996 0.0483935 0.039991
0 0.127839 0.855597 0.191601 0.0802011
0 0.499059 0.650659 0.0576906 0.034182
0 0.589406 0.61187 0.0354396 0.0418532
0 0.135456 0.844033 0.151089 0.0731628
0 0.591045 0.866807 0.205325 0.0894971
0 0.106224 0.864297 0.171482 0.0849805
0 0.490607 0.647762 0.0426491 0.0343653
0 0.595228 0.870675 0.239082 0.117973
0 0.641781 0.692878 0.0426323 0.0379298
0 0.102661 0.862438 0.167422 0.0851039
0 0.972996 0.68325 0.0529251 0.0371058
0 0.575717 0.866828 0.224665 0.0901994
0 0.483088 0.649737 0.0584515 0.0358279
0 0.0854692 0.937925 0.166183 0.10478
0 0.627732 0.624228 0.0491672 0.0471977
0 0.723115 0.727967 0.0643841 0.0466348
0 0.69803 0.949111 0.350135 0.0981377
0 0.547834 0.671333 0.0375206 0.0323975
0 0.573204 0.614882 0.0433557 0.03371
0 0.608282 0.623518 0.0884314 0.0517906
0 0.0699466 0.944578 0.13355 0.10235
0 0.699605 0.728587 0.0569113 0.0445422
0 0.605508 0.624002 0.0464027 0.0455259
0 0.524699 0.672093 0.0379581 0.0318119
0 0.593479 0.624594 0.0720245 0.0457026
0 0.550017 0.614857 0.0387497 0.033122
0 0.672606 0.948144 0.344815 0.100583
0 0.556339 0.617751 0.0489437 0.0363481
0 0.495745 0.670549 0.0330363 0.0311785
0 0.643395 0.723773 0.0534452 0.0364302
0 0.569373 0.619973 0.0770043 0.0455505
0 0.0506843 0.945608 0.0988852 0.102092
0 0.678279 0.724713 0.0463428 0.0426898
0 0.582518 0.62236 0.047187 0.045517
0 0.640371 0.946807 0.338759 0.0982274
0 0.557471 0.622284 0.0913781 0.0495356
0 0.673018 0.72533 0.0621689 0.0457003
0 0.537019 0.617531 0.0582163 0.0374118
0 0.527116 0.616525 0.0413233 0.0293498
0 0.614984 0.71815 0.0407609 0.0350479
0 0.57485 0.623844 0.0668295 0.0447996
0 0.726323 0.759446 0.110727 0.0563446
0 0.714106 0.759731 0.161446 0.0593079
0 0.74336 0.758807 0.0750345 0.0555302
0 0.593001 0.630866 0.102719 0.0505787
0 0.587201 0.62592 0.082193 0.0440097
0 0.629185 0.63224 0.0531042 0.0529545
0 0.538353 0.683816 0.0593 0.0356298
0 0.610926 0.631212 0.0887534 0.049749
0 0.708432 0.754928 0.128102 0.0515076
0 0.578291 0.6252 0.0600434 0.0396699
0 0.0473816 0.984508 0.0947632 0.0309846
0 0.787617 0.840867 0.152665 0.0777501
0 0.540847 0.726727 0.0695457 0.0433383
0 0.550399 0.725264 0.0500196 0.0438903
0 0.525577 0.726635 0.0809892 0.039957
0 0.815288 0.848401 0.104088 0.0806844
0 0.514722 0.727815 0.0547461 0.0390043
0 0.565523 0.639473 0.0347578 0.0351882
0 0.791186 0.85745 0.143898 0.0863534
0 0.532789 0.732292 0.0619364 0.0500089
0 0.745514 0.84882 0.125984 0.0661573
0 0.771804 0.850877 0.17189 0.0702986
0 0.812906 0.86143 0.112034 0.0807861
0 0.51858 0.733619 0.0892696 0.0469297
0 0.499595 0.731569 0.0498455 0.0373717
0 0.751707 0.847909 0.169591 0.07938
0 0.511614 0.73128 0.0587391 0.0460395
0 0.77183 0.85196 0.127629 0.079916
0 0.72308 0.844778 0.132251 0.0655426
0 0.790286 0.85411 0.0884425 0.0757355
0 0.496757 0.729132 0.0886383 0.0422422
0 0.485043 0.730105 0.0672037 0.0373889
0 0.539414 0.642048 0.0472961 0.0394792
0 0.474845 0.731787 0.04231 0.0354069
0 0.537923 0.784292 0.114746 0.0563595
0 0.865443 0.957575 0.246512 0.0819813
0 0.55496 0.783381 0.0804194 0.0581617
0 0.596058 0.928037 0.163539 0.0973691
0 0.749502 0.747845 0.0713018 0.0501358
0 0.735452 0.749699 0.111014 0.0506699
0 0.651796 0.705406 0.100246 0.0721695
0 0.730562 0.749556 0.157622 0.0512024
0 0.740562 0.695873 0.0425869 0.0390406
0 0.544409 0.735006 0.113986 0.0798459
0 0.641891 0.716371 0.0444071 0.0441031
0 0.647176 0.787044 0.106347 0.0586871
0 0.660949 0.784483 0.0746224 0.056996
0 0.638961 0.786645 0.143337 0.0624184
0 0.62612 0.631861 0.0400859 0.0327618
0 0.567151 0.738243 0.147256 0.0831749
0 0.473974 0.783222 0.0890152 0.0566668
0 0.360656 0.734956 0.10153 0.08119
0 0.459726 0.784026 0.126283 0.0608852
0 0.466609 0.713299 0.0418455 0.0415413
0 0.461069 0.632178 0.0545349 0.0374596
0 0.408058 0.792552 0.0490291 0.0409494
0 0.0250315 0.840551 0.050063 0.0719697
0 0.934356 0.830619 0.131287 0.0723216
0 0.0149236 0.761328 0.0286669 0.0470875
0 0.514479 0.611484 0.047705 0.0358401
0 0.600657 0.611828 0.0446246 0.0347187
0 0.961069 0.721286 0.0778629 0.047493
0 0.67585 0.691672 0.0458059 0.0401451
0 0.659721 0.788877 0.145014 0.0642003
0 0.352746 0.613578 0.0331466 0.0338084
0 0.98173 0.712161 0.0334133 0.0360792
0 0.669843 0.787341 0.101451 0.06073
0 0.512522 0.686213 0.0454365 0.0411527
0 0.789248 0.691632 0.0374616 0.0320353
0 0.491065 0.778502 0.121458 0.0607343
0 0.783023 0.690982 0.0472675 0.0341342
0 0.090593 0.626331 0.0485998 0.0323152
0 0.512814 0.777265 0.0766591 0.0594968
0 0.0804011 0.627298 0.0526673 0.0330584
0 0.475374 0.7744 0.109799 0.0596581
0 0.748022 0.688986 0.0346497 0.0304756
0 0.403898 0.688903 0.0462027 0.0422084
0 0.371685 0.790952 0.157216 0.064522
0 0.971341 0.697213 0.0530098 0.0491189
0 0.381338 0.787464 0.113127 0.0607494
0 0.353641 0.783899 0.110093 0.0556836
0 0.667998 0.682994 0.0387136 0.0301343
0 0.852661 0.681062 0.0401119 0.0338407
0 0.394543 0.783039 0.0840634 0.0611797
0 0.362916 0.691969 0.0376911 0.0377452
0 0.325678 0.790957 0.137979 0.0632577
0 0.618811 0.68188 0.0491138 0.0322863
0 0.342632 0.788172 0.0916608 0.0624268
0 0.855816 0.694062 0.168573 0.0555234
0 0.606997 0.680332 0.059164 0.0338687
0 0.625529 0.682522 0.033173 0.0297633
0 0.357143 0.787773 0.0667247 0.0599227
0 0.841993 0.691858 0.126641 0.0502021
0 0.917227 0.689611 0.0574204 0.040398
0 0.303404 0.789305 0.1034 0.057158
1 0.578178 0.750342 0.0278481 0.0384679
0 0.271466 0.699545 0.0590734 0.0399587
0 0.711414 0.695893 0.0418325 0.0380709
0 0.966489 0.715805 0.0670225 0.0583921
0 0.422947 0.700301 0.0539122 0.0481677
0 0.391579 0.816476 0.142494 0.0706574
1 0.134838 0.630521 0.0285028 0.0429844
0 0.413968 0.700041 0.0683886 0.0533699
0 0.403944 0.811539 0.109702 0.0671069
0 0.369617 0.812794 0.118239 0.0656548
0 0.431199 0.699774 0.0393957 0.0456749
0 0.674196 0.696743 0.0402298 0.0331212
0 0.680457 0.696089 0.0573053 0.0340082
0 0.404624 0.703723 0.0893137 0.0572728
0 0.384335 0.701845 0.0450858 0.0440014
0 0.663253 0.694027 0.050237 0.0344302
0 0.33344 0.82176 0.144948 0.0685481
0 0.350827 0.817164 0.133299 0.0716858
0 0.918891 0.709213 0.112834 0.0513028
0 0.97591 0.707912 0.0465706 0.0497749
0 0.366591 0.812612 0.0980799 0.0689631
1 0.0820622 0.638738 0.0288375 0.0373782
0 0.320087 0.817193 0.107876 0.0644012
0 0.953882 0.707673 0.0922351 0.0476433
0 0.336619 0.704978 0.0408513 0.0451996
0 0.620967 0.691288 0.0385165 0.0333079
0 0.297209 0.828829 0.169972 0.0723447
0 0.330965 0.706715 0.0531713 0.0496817
0 0.921599 0.699827 0.0675613 0.0502608
0 0.301065 0.823297 0.130264 0.0677574
0 0.271099 0.824956 0.122842 0.0638808
0 0.802247 0.684301 0.0353172 0.0328078
0 0.321284 0.709797 0.0705714 0.0499755
0 0.582896 0.692868 0.0420664 0.0342317
0 0.803713 0.687594 0.0421074 0.033493
0 0.255408 0.820129 0.0879179 0.0574262
0 0.901554 0.700805 0.115694 0.0501467
0 0.353421 0.72111 0.0471753 0.050856
0 0.29552 0.8719 0.169952 0.0913544
0 0.0206681 0.644602 0.0413362 0.0410896
0 0.653311 0.711471 0.0593807 0.0417966
0 0.945792 0.724396 0.108416 0.0570847
0 0.344928 0.724116 0.0627342 0.0542871
0 0.93257 0.726621 0.13486 0.0602812
0 0.271372 0.872501 0.134324 0.0810739
0 0.958917 0.721787 0.0821666 0.0606327
0 0.636292 0.715458 0.0939492 0.0450067
0 0.254178 0.733136 0.0761094 0.0463033
0 0.304562 0.93846 0.206574 0.123081
0 0.731965 0.737627 0.048105 0.0413266
0 0.0508547 0.653193 0.0359105 0.0370125
0 0.973737 0.737956 0.0525255 0.0414302
0 0.353967 0.754321 0.118859 0.0580994
0 0.285034 0.753135 0.102161 0.06076
0 0.68084 0.737335 0.0427576 0.0363469
0 0.718579 0.7389 0.0776621 0.0450022
0 0.34479 0.764839 0.146415 0.0756221
0 0.690691 0.73833 0.0657751 0.0406228
0 0.659749 0.733145 0.0551509 0.0450951
0 0.228087 0.941421 0.216914 0.117157
0 0.943978 0.752475 0.112043 0.0643415
0 0.278137 0.769025 0.177144 0.0746735
0 0.925615 0.752138 0.14877 0.0662951
0 0.200392 0.765391 0.0836424 0.0534391
0 0.643209 0.733993 0.092109 0.0454089
0 0.621024 0.73071 0.054682 0.0363931
0 0.775498 0.804164 0.0677723 0.0619797
0 0.754961 0.804982 0.110303 0.0595431
0 0.738422 0.804699 0.108793 0.0530108
0 0.25104 0.834574 0.246649 0.103892
0 0.748148 0.809116 0.148112 0.0633483
0 0.24042 0.83406 0.216535 0.0762414
0 0.67808 0.808109 0.103802 0.0608978
0 0.973776 0.782997 0.0524475 0.0558462
0 0.671621 0.809443 0.13779 0.0672057
0 0.138065 0.867879 0.2757 0.106127
0 0.693045 0.807891 0.074662 0.0640156
0 0.170444 0.863871 0.207158 0.0904833
0 0.105309 0.871558 0.2007 0.0847914
0 0.65657 0.808671 0.0946249 0.0625889
0 0.12154 0.929951 0.239287 0.13213
0 0.710359 0.866708 0.150204 0.078437
0 0.690579 0.864981 0.11462 0.0735044
0 0.0328509 0.985042 0.0657017 0.0299154
0 0.140929 0.977104 0.190593 0.0457921
0 0.813074 0.965928 0.232594 0.068144
0 0.117265 0.974176 0.188177 0.0516476
0 0.777816 0.970607 0.245612 0.0574847
1 0.0379592 0.901692 0.0249466 0.029685
0 0.862329 0.926261 0.275343 0.146013
0 0.635046 0.910699 0.3244 0.159517
0 0.51001 0.911048 0.320179 0.157564
0 0.892316 0.751791 0.073386 0.0479373
0 0.899359 0.756912 0.0835545 0.0524914
0 0.971707 0.746823 0.0565851 0.0865813
0 0.475275 0.909356 0.239439 0.147026
0 0.972 0.732539 0.0560001 0.0609568
0 0.22402 0.921865 0.333432 0.151439
0 0.759345 0.709819 0.0858833 0.0521876
0 0.744674 0.709512 0.129949 0.0541807
0 0.70346 0.707659 0.0894951 0.0579567
0 0.618979 0.732542 0.0783438 0.0443095
0 0.716377 0.708352 0.135988 0.055588
0 0.693812 0.700761 0.0723519 0.0510495
0 0.617818 0.726574 0.0718148 0.0412163
0 0.743963 0.70995 0.187284 0.0592461
0 0.167785 0.925318 0.311496 0.14758
0 0.696547 0.701069 0.0689477 0.0513774
0 0.683296 0.704106 0.0967342 0.0538213
0 0.67349 0.705204 0.132488 0.0569106
0 0.551648 0.724343 0.0590513 0.0438938
0 0.64381 0.709661 0.1057 0.0551356
0 0.55576 0.728831 0.0741749 0.0474454
0 0.611617 0.722868 0.0686757 0.0574267
0 0.666505 0.707515 0.176165 0.0576118
0 0.544987 0.723432 0.0429699 0.0398576
0 0.143772 0.926891 0.277899 0.146218
0 0.662905 0.701346 0.0616414 0.0549174
0 0.572685 0.724419 0.0627563 0.0504068
0 0.638279 0.702141 0.119447 0.0527128
0 0.747777 0.726313 0.148866 0.0600716
0 0.748815 0.727349 0.206728 0.0656075
0 0.622755 0.753688 0.0941367 0.0482986
0 0.201127 0.941134 0.334127 0.104668
0 0.763191 0.725817 0.0999053 0.0573364
0 0.721515 0.726172 0.131474 0.0605916
0 0.627224 0.758193 0.123193 0.0571851
0 0.692809 0.72777 0.176509 0.0709559
0 0.698004 0.724294 0.132132 0.0642712
0 0.574321 0.752302 0.0915187 0.0498231
0 0.157843 0.954154 0.315686 0.0913115
0 0.581934 0.758187 0.126146 0.0596486
0 0.717905 0.722655 0.088814 0.062811
0 0.649015 0.730914 0.178427 0.0743415
0 0.534421 0.752726 0.0958784 0.0494273
0 0.65416 0.722997 0.126958 0.0620659
0 0.531424 0.746702 0.0836024 0.0476418
0 0.146995 0.962248 0.260044 0.0755046
0 0.110905 0.964868 0.22181 0.0689906
0 0.695352 0.731418 0.100436 0.0576543
0 0.550836 0.764804 0.0931308 0.0555466
0 0.547961 0.758812 0.0799288 0.055021
0 0.681559 0.732926 0.168877 0.0610875
0 0.0397708 0.983969 0.0795415 0.0315397
0 0.843871 0.832787 0.198841 0.101027
0 0.819477 0.834986 0.233737 0.116577
0 0.712508 0.898664 0.216953 0.0841787
0 0.69615 0.888926 0.184183 0.0921056
0 0.660455 0.882896 0.113291 0.0961093
0 0.901668 0.909952 0.192832 0.145875
0 0.746615 0.95759 0.155981 0.0845034
0 0.752594 0.957118 0.226003 0.0830434
0 0.849762 0.891944 0.280046 0.145615
0 0.676975 0.952376 0.211427 0.092378
0 0.787193 0.883084 0.269834 0.137833
0 0.626723 0.951043 0.209622 0.0939264
0 0.657199 0.953085 0.300402 0.0921337
1 0.146607 0.982894 0.0272993 0.0264198
0 0.831026 0.972841 0.204942 0.0525693
0 0.96951 0.774475 0.0609795 0.06505
0 0.775544 0.751147 0.114252 0.0588198
0 0.853296 0.758707 0.110234 0.059461
0 0.841722 0.757206 0.153472 0.0620046
0 0.867025 0.759207 0.0777456 0.059469
0 0.815932 0.75478 0.151984 0.057922
0 0.838643 0.757853 0.207691 0.0660899
0 0.784278 0.756265 0.15342 0.063467
0 0.757069 0.745116 0.0767109 0.0572926
0 0.719577 0.743741 0.117267 0.0592078
0 0.780885 0.750524 0.125606 0.0574259
0 0.740292 0.745954 0.161386 0.0594111
0 0.805236 0.750211 0.0733902 0.0596258
0 0.766108 0.748798 0.177881 0.0581996
0 0.799675 0.758173 0.106508 0.0637211
0 0.726838 0.750337 0.107698 0.0591003
0 0.785844 0.757225 0.154184 0.0653114
0 0.815874 0.758132 0.0759533 0.062557
0 0.757976 0.755055 0.166211 0.0570076
0 0.786796 0.758535 0.21167 0.0689384
0 0.736981 0.756237 0.148792 0.0645225
0 0.819765 0.841476 0.233193 0.0927284
0 0.745234 0.839275 0.167916 0.0820178
0 0.773198 0.839206 0.264639 0.082867
0 0.830348 0.846835 0.150042 0.090919
0 0.724622 0.834395 0.112529 0.081569
0 0.665863 0.889869 0.269604 0.130315
0 0.637532 0.888715 0.213184 0.107087
0 0.73193 0.954484 0.392166 0.0910314
0 0.914072 0.878424 0.171856 0.0942863
0 0.688457 0.847044 0.169128 0.0930265
0 0.974933 0.681489 0.0501342 0.0332509
0 0.536845 0.848493 0.165929 0.0977531
0 0.980069 0.718197 0.0394695 0.0368212
0 0.981295 0.894983 0.0374094 0.0874264
0 0.981578 0.892564 0.0366375 0.153927
0 0.826351 0.663404 0.0554226 0.0351987
0 0.893952 0.627318 0.0648783 0.0491142
0 0.922893 0.906174 0.154213 0.106648
0 0.437813 0.855819 0.157157 0.102851
0 0.92717 0.713968 0.0540306 0.0355914
0 0.788901 0.621658 0.0571543 0.0446794
0 0.881306 0.910514 0.232762 0.129327
0 0.851454 0.709154 0.0433609 0.0382008
0 0.35984 0.875482 0.186554 0.118717
0 0.707826 0.61405 0.0665252 0.0483864
0 0.716801 0.618265 0.0571762 0.048637
0 0.8572 0.901429 0.169256 0.0918704
0 0.844968 0.706902 0.0546972 0.0431379
0 0.788958 0.700454 0.0325869 0.0323135
0 0.694053 0.616691 0.102533 0.0495729
0 0.834168 0.890535 0.27683 0.128097
0 0.287936 0.885515 0.179315 0.116796
0 0.655364 0.615134 0.0474444 0.0460195
0 0.786909 0.700903 0.0450295 0.0416847
0 0.264177 0.894257 0.239058 0.123588
0 0.723814 0.696918 0.0418182 0.0341517
0 0.727094 0.699599 0.0522577 0.035482
0 0.798369 0.885923 0.221371 0.102195
0 0.644688 0.613628 0.0627466 0.0462229
0 0.599438 0.65677 0.0472047 0.0321617
