1 0.800012 0.923536 0.277175 0.152928
1 0.698628 0.694662 0.0392583 0.0411631
1 0.808837 0.93557 0.346589 0.128861
1 0.273571 0.826945 0.101414 0.0615166
1 0.655769 0.955232 0.21311 0.0877256
1 0.204003 0.874928 0.250298 0.229426
1 0.153738 0.915543 0.297515 0.163933
1 0.193631 0.917604 0.302268 0.15629
1 0.164137 0.739888 0.107135 0.060797
1 0.688573 0.726938 0.114183 0.05204
1 0.744955 0.777276 0.124018 0.0815828
1 0.100267 0.802319 0.142097 0.0904306
1 0.105946 0.795858 0.112746 0.0787331
1 0.762054 0.775886 0.095134 0.0875354
1 0.792958 0.792427 0.147825 0.0871279
1 0.112821 0.808426 0.222545 0.101648
1 0.0760217 0.896454 0.146103 0.166331
1 0.903081 0.887985 0.178341 0.157099
1 0.966856 0.969029 0.0662878 0.0556424
1 0.817052 0.729608 0.076544 0.0511594
1 0.805454 0.729045 0.0587391 0.0497281
1 0.70563 0.717106 0.0891922 0.0534391
1 0.61434 0.714911 0.0788149 0.0504011
1 0.619373 0.753029 0.103554 0.064193
1 0.685615 0.856889 0.161418 0.0975989
1 0.695969 0.853625 0.118511 0.0925234
1 0.658457 0.857407 0.132048 0.092322
1 0.683874 0.921729 0.205529 0.145215
1 0.723665 0.957725 0.223041 0.0845502
1 0.931431 0.829507 0.137139 0.0990201
1 0.858026 0.930741 0.221443 0.133396
1 0.638704 0.789812 0.135852 0.0862185
1 0.650216 0.786924 0.0995462 0.0880801
1 0.497239 0.788634 0.129854 0.0896337
1 0.692486 0.913772 0.182698 0.111696
1 0.718956 0.589751 0.0320055 0.0328451
1 0.47012 0.79846 0.130177 0.0967237
1 0.671196 0.931654 0.190601 0.135665
1 0.69521 0.589697 0.0321571 0.0324364
1 0.906276 0.638687 0.0331425 0.0488391
1 0.569842 0.932642 0.186995 0.134716
1 0.373549 0.806692 0.141735 0.0970069
1 0.600188 0.59042 0.0383043 0.0358205
1 0.375307 0.853833 0.159408 0.128761
1 0.776407 0.631185 0.0513279 0.0611978
1 0.548192 0.973249 0.190368 0.0535022
1 0.347469 0.854873 0.163102 0.129867
1 0.555959 0.574238 0.0278841 0.0338621
1 0.607576 0.5908 0.0295146 0.0336624
1 0.523951 0.972757 0.203528 0.0544856
1 0.741533 0.633072 0.0683203 0.0591866
1 0.354528 0.937744 0.277991 0.124512
1 0.851214 0.650418 0.0461151 0.0522831
1 0.773771 0.680436 0.0414394 0.0436597
1 0.769154 0.609927 0.0357752 0.0499891
1 0.391617 0.936538 0.213235 0.115643
1 0.666483 0.598902 0.0350632 0.0465716
1 0.684807 0.600418 0.036788 0.0439255
1 0.38916 0.954911 0.217135 0.0882444
1 0.78325 0.606719 0.0353631 0.0449659
1 0.8787 0.661937 0.0408295 0.0499243
1 0.67727 0.605144 0.0442986 0.0456126
1 0.668603 0.606962 0.0468317 0.0450531
1 0.797164 0.688832 0.0435505 0.0422918
1 0.372259 0.95781 0.165998 0.0782616
1 0.794383 0.650755 0.0475941 0.0525439
1 0.315986 0.955671 0.194773 0.08769
1 0.715587 0.610715 0.0387838 0.0494843
1 0.616714 0.596631 0.0361496 0.0415484
1 0.604232 0.601451 0.0432514 0.0393021
1 0.605072 0.607064 0.0486683 0.0489738
1 0.612037 0.604692 0.0488683 0.056945
1 0.709349 0.609479 0.0357922 0.0497882
1 0.594729 0.605897 0.0410751 0.043795
1 0.794412 0.655792 0.0495796 0.0629433
1 0.305856 0.964655 0.181551 0.0706896
1 0.303142 0.961148 0.248852 0.073719
1 0.31128 0.964485 0.124751 0.0708829
1 0.611394 0.618137 0.0476605 0.0455285
1 0.607082 0.623902 0.0498419 0.0426023
1 0.795609 0.747607 0.0838897 0.0701125
1 0.868461 0.6781 0.0456432 0.0625099
1 0.863429 0.674239 0.0382515 0.0596107
1 0.773461 0.74575 0.132727 0.0621585
1 0.884363 0.811735 0.132131 0.0919824
1 0.662252 0.615724 0.0281681 0.0311239
1 0.855383 0.813426 0.15945 0.0927212
1 0.931245 0.913748 0.136734 0.125968
1 0.808534 0.633526 0.0295126 0.0407466
1 0.69359 0.786915 0.0640478 0.0500797
1 0.790216 0.651984 0.0270027 0.0426051
1 0.728494 0.832611 0.0971309 0.0596212
1 0.727379 0.633385 0.0407019 0.0451862
1 0.835335 0.935064 0.132381 0.085401
1 0.68587 0.737031 0.12852 0.0630324
1 0.819328 0.928296 0.119676 0.077607
1 0.659181 0.739611 0.109574 0.066067
1 0.683684 0.801664 0.198122 0.0860502
1 0.653436 0.803278 0.154989 0.0956217
1 0.798677 0.665046 0.098398 0.0507865
1 0.722996 0.800555 0.183357 0.076799
1 0.572041 0.855166 0.287261 0.147279
1 0.6593 0.676624 0.149086 0.0611777
1 0.66713 0.66958 0.117567 0.0546149
1 0.519829 0.922316 0.346795 0.155368
1 0.646967 0.692548 0.129968 0.0682729
1 0.470276 0.918258 0.223965 0.150305
1 0.622986 0.699815 0.154499 0.0763744
1 0.511485 0.938535 0.46819 0.122931
1 0.489983 0.934195 0.344438 0.127361
1 0.425701 0.933413 0.209616 0.127898
1 0.654443 0.766825 0.156927 0.124899
1 0.66962 0.910106 0.178504 0.0819021
1 0.725875 0.806934 0.147714 0.0955449
1 0.71124 0.811381 0.159546 0.0951192
1 0.661422 0.930062 0.1629 0.0859703
1 0.608557 0.916384 0.0968648 0.0785413
1 0.736982 0.934211 0.321571 0.131577
1 0.0194752 0.813237 0.0389504 0.0466891
1 0.753003 0.971024 0.294472 0.057952
1 0.404502 0.954338 0.387701 0.0860622
1 0.397901 0.95567 0.276103 0.0886603
1 0.86528 0.733394 0.0599922 0.0547309
1 0.876179 0.734028 0.0580147 0.0553825
1 0.364451 0.96152 0.312707 0.0753502
1 0.893478 0.737474 0.0916283 0.0576425
1 0.301723 0.968593 0.24884 0.0593885
1 0.300194 0.964022 0.304348 0.0701782
1 0.840684 0.732545 0.0613781 0.0511442
1 0.754268 0.734 0.0596064 0.0539902
1 0.76645 0.734508 0.0570587 0.0555514
1 0.730626 0.811115 0.116793 0.082913
1 0.68083 0.806691 0.116346 0.0754611
1 0.701059 0.806721 0.134219 0.0844116
1 0.663628 0.890033 0.255774 0.138826
1 0.594639 0.799199 0.0572135 0.0612597
1 0.859988 0.911223 0.241302 0.149893
1 0.387477 0.810996 0.0720991 0.0686157
1 0.77895 0.901181 0.240395 0.13393
1 0.662504 0.887241 0.217994 0.139721
1 0.613875 0.876247 0.174631 0.120734
1 0.63329 0.912376 0.230158 0.145931
1 0.818118 0.833339 0.142797 0.0644506
1 0.790608 0.853244 0.104087 0.0674221
1 0.773458 0.84874 0.105072 0.0628886
1 0.538378 0.732408 0.0655554 0.0470606
1 0.731315 0.850534 0.116926 0.062219
1 0.488177 0.736855 0.0651217 0.0472148
1 0.749937 0.85141 0.113485 0.0746267
1 0.712993 0.845929 0.095612 0.0599964
1 0.536554 0.838764 0.0953427 0.0633872
1 0.746691 0.80335 0.0678192 0.0530052
1 0.569832 0.802197 0.0617794 0.0535357
1 0.984525 0.703545 0.0309505 0.0454956
1 0.459692 0.800095 0.0656914 0.0586057
1 0.368828 0.802785 0.0685219 0.0580622
1 0.645632 0.688465 0.0333561 0.0315898
1 0.319599 0.80368 0.072418 0.0610995
1 0.335035 0.818901 0.0792577 0.0651367
1 0.373521 0.842756 0.0997854 0.072625
1 0.359314 0.846145 0.132921 0.0779757
1 0.387815 0.839427 0.0755487 0.0730104
1 0.95214 0.727698 0.09572 0.0587852
1 0.316849 0.852991 0.121607 0.0718107
1 0.33097 0.846704 0.0954978 0.0711088
1 0.298311 0.854461 0.130198 0.0772821
1 0.934082 0.719802 0.129166 0.0613342
1 0.29398 0.855659 0.0930279 0.0769384
1 0.249614 0.855911 0.105851 0.0688349
1 0.305837 0.875814 0.129899 0.0880219
1 0.282476 0.880575 0.124583 0.0908766
1 0.919358 0.729301 0.161283 0.0694867
1 0.329589 0.871131 0.0772234 0.082811
1 0.359823 0.948201 0.172982 0.101804
1 0.777927 0.750039 0.0719126 0.0465925
1 0.785984 0.748272 0.0501831 0.044308
1 0.337159 0.944545 0.124554 0.0957738
1 0.303253 0.94976 0.20376 0.0995215
1 0.979189 0.74249 0.040361 0.0427938
1 0.733147 0.74514 0.036769 0.0415756
1 0.282636 0.953316 0.150389 0.0933683
1 0.024039 0.658529 0.0369983 0.0384827
1 0.335529 0.782647 0.125983 0.1083
1 0.251114 0.956077 0.212664 0.0878461
1 0.680227 0.742698 0.057225 0.0449526
1 0.672435 0.745648 0.0838165 0.0461978
1 0.961897 0.750205 0.0762051 0.0601438
1 0.204853 0.957876 0.225612 0.0842486
1 0.640527 0.738161 0.0576814 0.0466703
1 0.924083 0.752728 0.151833 0.0806177
1 0.257064 0.788909 0.132636 0.114372
1 0.669587 0.767679 0.0441991 0.0489061
1 0.953347 0.767695 0.0933067 0.0593483
1 0.227441 0.811962 0.143325 0.0922251
1 0.657644 0.768578 0.0744289 0.0518228
1 0.277976 0.786293 0.0428665 0.0537994
1 0.777744 0.826081 0.0759667 0.0624405
1 0.796331 0.827709 0.0386927 0.057222
1 0.2354 0.876217 0.217831 0.135086
1 0.788973 0.82641 0.051956 0.062144
1 0.322725 0.833446 0.0444858 0.0550517
1 0.762959 0.827462 0.0937675 0.0611478
1 0.162023 0.880769 0.235257 0.141115
1 0.703705 0.820349 0.0841797 0.0607674
1 0.714406 0.818959 0.0583965 0.0615829
1 0.188481 0.880596 0.179033 0.125856
1 0.690217 0.820243 0.0869422 0.0595685
1 0.703075 0.818775 0.0570692 0.0600297
1 0.150515 0.882079 0.236167 0.137308
1 0.17467 0.874844 0.176225 0.11688
1 0.242377 0.842273 0.0494855 0.053907
1 0.792505 0.971077 0.249162 0.0575628
1 0.86101 0.923055 0.27798 0.15389
1 0.522092 0.903199 0.281208 0.162378
1 0.177095 0.920927 0.317532 0.158106
1 0.662177 0.705431 0.138068 0.0581842
1 0.662863 0.709698 0.18119 0.0637858
1 0.436675 0.836706 0.027143 0.034643
1 0.151746 0.923446 0.285898 0.153108
1 0.624453 0.704556 0.122027 0.0575409
1 0.398184 0.83913 0.0273539 0.0348208
1 0.623494 0.708314 0.1722 0.0636834
1 0.64987 0.701784 0.0930883 0.0549291
1 0.695417 0.731327 0.166772 0.0797244
1 0.698074 0.726217 0.132174 0.0710391
1 0.447655 0.887106 0.0262834 0.0319977
1 0.593059 0.746796 0.045526 0.0429644
1 0.211242 0.946127 0.26322 0.0990163
1 0.719781 0.721727 0.09676 0.0633959
1 0.649808 0.721688 0.108452 0.0655256
1 0.641046 0.724893 0.14973 0.0730827
1 0.396678 0.887058 0.0257635 0.0314618
1 0.670806 0.7198 0.0943544 0.0600424
1 0.155628 0.95049 0.261839 0.0925336
1 0.541994 0.74169 0.038119 0.0390427
1 0.551521 0.745824 0.0587811 0.042497
1 0.566605 0.749002 0.0814355 0.0431735
1 0.846308 0.87442 0.222886 0.141472
1 0.706003 0.94354 0.195905 0.0991961
1 0.759147 0.872498 0.21709 0.145498
1 0.623963 0.947866 0.198042 0.0970819
1 0.848259 0.922849 0.279366 0.154302
1 0.838197 0.755109 0.0879351 0.0608068
1 0.821513 0.754364 0.105584 0.0605418
1 0.798393 0.753987 0.132102 0.0611998
1 0.740442 0.743589 0.0712131 0.060612
1 0.754055 0.74486 0.0685327 0.0630661
1 0.722502 0.742015 0.108992 0.0586887
1 0.757315 0.747753 0.0593018 0.0580714
1 0.702321 0.739474 0.091188 0.0542842
1 0.98442 0.756912 0.0240952 0.0483868
1 0.733737 0.806027 0.127836 0.0849192
1 0.687384 0.799215 0.106709 0.0702766
1 0.701648 0.801458 0.136296 0.0793732
1 0.749775 0.807125 0.0908255 0.0804962
1 0.953544 0.937518 0.092911 0.104575
1 0.898753 0.933277 0.193402 0.133275
