1 0.8201 0.926363 0.321387 0.147273
1 0.801695 0.939343 0.334747 0.114064
1 0.655257 0.829846 0.0970665 0.0688449
1 0.275072 0.838448 0.10636 0.0603989
1 0.654433 0.961955 0.248986 0.0706683
1 0.186006 0.859484 0.23168 0.226065
1 0.170335 0.875667 0.260507 0.228216
1 0.0800634 0.925586 0.160127 0.148828
1 0.29695 0.686491 0.0964241 0.0551819
1 0.290015 0.732934 0.117962 0.0657977
1 0.470865 0.66651 0.0389881 0.0511728
1 0.304397 0.730269 0.0804213 0.0639165
1 0.259987 0.797087 0.184907 0.0881404
1 0.24697 0.799643 0.129445 0.0840398
1 0.26792 0.795198 0.127153 0.0915827
1 0.116459 0.923295 0.231696 0.152147
1 0.763172 0.797653 0.149929 0.0932447
1 0.0963515 0.804591 0.151742 0.0935806
1 0.880616 0.834911 0.182931 0.104467
1 0.195167 0.839271 0.223494 0.107397
1 0.213379 0.92815 0.274976 0.129845
1 0.795254 0.70376 0.0605729 0.0472519
1 0.621973 0.972736 0.163235 0.0531457
1 0.705507 0.69787 0.0780022 0.0493126
1 0.611367 0.692355 0.0620948 0.0483925
1 0.647171 0.709757 0.0733401 0.051034
1 0.635128 0.712703 0.105108 0.0511051
1 0.608242 0.860902 0.151109 0.111671
1 0.590991 0.885302 0.184845 0.135902
1 0.89436 0.824371 0.170626 0.101289
1 0.603885 0.806956 0.138471 0.0967539
1 0.832531 0.939574 0.334939 0.120853
1 0.428007 0.807488 0.141034 0.0942697
1 0.61858 0.935954 0.189307 0.128092
1 0.679824 0.589602 0.030352 0.0324908
1 0.824487 0.623305 0.0318691 0.0350726
1 0.881889 0.637183 0.0309629 0.0462877
1 0.55128 0.937202 0.189939 0.125595
1 0.364883 0.808785 0.142057 0.0987286
1 0.70308 0.610659 0.0407509 0.0724866
1 0.40748 0.854209 0.162109 0.134695
1 0.772897 0.599214 0.0332087 0.0462128
1 0.679447 0.599639 0.0468687 0.0518364
1 0.336223 0.859844 0.171408 0.13423
1 0.764876 0.630202 0.0459756 0.0590368
1 0.542591 0.593523 0.0418498 0.0445152
1 0.831973 0.641779 0.0421196 0.0531144
1 0.309929 0.86284 0.172623 0.133832
1 0.803528 0.640424 0.0397749 0.0483248
1 0.739342 0.631243 0.0468241 0.0565585
1 0.671657 0.65491 0.0382643 0.039694
1 0.549517 0.573662 0.0288648 0.0323044
1 0.825689 0.65203 0.050259 0.0552333
1 0.322025 0.944865 0.242696 0.102827
1 0.282069 0.941274 0.301883 0.117452
1 0.749674 0.610735 0.0369795 0.0470665
1 0.652037 0.595583 0.0324659 0.0395045
1 0.658672 0.602245 0.042619 0.0484492
1 0.318597 0.957365 0.20679 0.084215
1 0.757926 0.605056 0.0348207 0.0442554
1 0.651355 0.607574 0.0460949 0.04855
1 0.754545 0.611184 0.0374135 0.0506587
1 0.835913 0.652808 0.0486267 0.0628824
1 0.773457 0.653617 0.048506 0.0587245
1 0.699483 0.610632 0.0364345 0.048688
1 0.254154 0.958976 0.204482 0.0820162
1 0.604478 0.596459 0.0356104 0.0410548
1 0.598458 0.599064 0.0420329 0.0432905
1 0.70567 0.684604 0.0454202 0.0438077
1 0.590084 0.601185 0.0426399 0.0403735
1 0.788901 0.75645 0.0854861 0.0678102
1 0.761697 0.756296 0.137587 0.0727567
1 0.604568 0.6232 0.0540674 0.0411817
1 0.876303 0.699359 0.0277391 0.0380501
1 0.701345 0.617552 0.0316646 0.0317022
1 0.890653 0.815191 0.176817 0.0993741
1 0.850321 0.810765 0.148705 0.0953944
1 0.662498 0.615331 0.026897 0.0307218
1 0.916285 0.891214 0.161195 0.15589
1 0.699587 0.628192 0.0376095 0.0408197
1 0.839259 0.781038 0.0717609 0.0469466
1 0.96366 0.663402 0.0271881 0.0422821
1 0.851492 0.782978 0.0596287 0.0450052
1 0.759817 0.953799 0.146709 0.0891182
1 0.586336 0.748802 0.140183 0.0716451
1 0.556314 0.752651 0.118428 0.0762324
1 0.588437 0.842426 0.274885 0.144874
1 0.490249 0.915715 0.337001 0.16857
1 0.446215 0.909417 0.227949 0.165695
1 0.612491 0.685247 0.104722 0.0599279
1 0.626258 0.755732 0.149999 0.111314
1 0.612206 0.889377 0.116105 0.0674585
1 0.647507 0.784588 0.13243 0.0858714
1 0.609055 0.890371 0.0829554 0.0695272
1 0.642608 0.804599 0.147394 0.0934644
1 0.586979 0.913932 0.168714 0.0868354
1 0.666525 0.92578 0.301107 0.148439
1 0.701362 0.95478 0.355933 0.0873416
1 0.654855 0.953289 0.35266 0.0916252
1 0.363355 0.960895 0.314022 0.0722371
1 0.376781 0.965164 0.245387 0.0674833
1 0.812923 0.733763 0.0657452 0.0560875
1 0.252452 0.972068 0.244089 0.0518481
1 0.793 0.733231 0.0886259 0.0554226
1 0.284003 0.973935 0.190386 0.0521294
1 0.825298 0.735355 0.0735601 0.0556216
1 0.769841 0.732323 0.0497827 0.0502177
1 0.987543 0.75047 0.021991 0.0430739
1 0.731761 0.735416 0.0903353 0.0612395
1 0.749691 0.736039 0.0790426 0.0597262
1 0.764902 0.737498 0.0875252 0.0577477
1 0.721153 0.731706 0.0866581 0.0543245
1 0.698006 0.809761 0.144121 0.0840767
1 0.661997 0.806987 0.131719 0.084724
1 0.699152 0.80688 0.195354 0.0845734
1 0.562268 0.88965 0.248394 0.144002
1 0.471357 0.913265 0.0378742 0.0462636
1 0.583122 0.920868 0.287856 0.152398
1 0.86975 0.904401 0.2454 0.183945
1 0.74331 0.909557 0.243608 0.149742
1 0.633467 0.908969 0.220147 0.144828
1 0.580442 0.902116 0.216355 0.137914
1 0.626143 0.922611 0.23293 0.147921
1 0.738137 0.869655 0.118069 0.0773425
1 0.75614 0.872401 0.0932749 0.0855469
1 0.150343 0.792676 0.217052 0.153693
1 0.936415 0.855204 0.105753 0.0702647
1 0.674307 0.814888 0.0801922 0.0601451
1 0.544891 0.803149 0.0663135 0.0537122
1 0.349549 0.807609 0.0710221 0.0563834
1 0.343785 0.809241 0.0747817 0.0630395
1 0.355231 0.818497 0.0764992 0.0651059
1 0.343728 0.821348 0.0792124 0.0634534
1 0.845231 0.697524 0.104953 0.049343
1 0.380007 0.895058 0.1563 0.0937314
1 0.735439 0.722998 0.0384502 0.0391689
1 0.410745 0.734955 0.0529468 0.0625117
1 0.727252 0.723454 0.0594836 0.0400279
1 0.717604 0.72255 0.0464297 0.0356377
1 0.392279 0.886719 0.112665 0.083608
1 0.974341 0.727747 0.0513189 0.0492499
1 0.367708 0.935443 0.178167 0.107932
1 0.982146 0.729752 0.029277 0.0427287
1 0.337099 0.927934 0.123756 0.0911413
1 0.2843 0.942085 0.179006 0.108951
1 0.932241 0.734704 0.135518 0.0607135
1 0.265498 0.941446 0.190227 0.112339
1 0.921589 0.73814 0.156822 0.0670111
1 0.654288 0.72984 0.0494011 0.0432107
1 0.934303 0.738083 0.131393 0.0654526
1 0.246417 0.940594 0.137353 0.0978573
1 0.712399 0.791731 0.0802147 0.0535221
1 0.723293 0.790557 0.05604 0.0575653
1 0.234782 0.845981 0.139354 0.104822
1 0.134972 0.938355 0.258301 0.12329
1 0.769628 0.888 0.111912 0.0709836
1 0.794611 0.888147 0.0714247 0.0746442
1 0.754438 0.88663 0.0861121 0.0663113
1 0.804391 0.956522 0.139651 0.0823939
1 0.788725 0.953814 0.141599 0.081915
1 0.937482 0.925933 0.125036 0.14297
1 0.756588 0.909413 0.308394 0.167567
1 0.525583 0.900234 0.276239 0.167984
1 0.919129 0.75424 0.0455467 0.0476293
1 0.279365 0.93106 0.30897 0.13788
1 0.792151 0.732969 0.19695 0.0741901
1 0.544305 0.871456 0.0249784 0.0320171
1 0.680147 0.742688 0.040083 0.0383216
1 0.794254 0.727229 0.159582 0.0684376
1 0.68971 0.747278 0.0602081 0.0425929
1 0.226917 0.938074 0.282471 0.118239
1 0.190437 0.937208 0.30793 0.125584
1 0.702832 0.722016 0.135223 0.0665625
1 0.459609 0.871728 0.0263292 0.0337306
1 0.706166 0.723713 0.182386 0.0718789
1 0.24092 0.936028 0.229031 0.116189
1 0.39555 0.874001 0.0258721 0.0331838
1 0.641051 0.717124 0.180639 0.0696025
1 0.139475 0.941373 0.27895 0.117255
1 0.538596 0.734198 0.0407227 0.0445662
1 0.493969 0.766042 0.0351178 0.0475367
1 0.832443 0.883759 0.236224 0.15204
1 0.695738 0.947922 0.226455 0.0942665
1 0.757508 0.868713 0.206342 0.144237
1 0.62891 0.944332 0.201338 0.095019
1 0.768738 0.869404 0.170769 0.121264
1 0.750241 0.870874 0.211595 0.136044
1 0.610539 0.946196 0.180037 0.0994443
1 0.952651 0.780701 0.0946972 0.0697726
1 0.859743 0.761577 0.0849861 0.0624265
1 0.877672 0.763607 0.081599 0.0650378
1 0.892527 0.766543 0.0885334 0.0670692
1 0.866063 0.760981 0.0579187 0.0610591
1 0.803034 0.756842 0.110479 0.0637624
1 0.779922 0.754862 0.127657 0.0618164
1 0.765923 0.754955 0.0759455 0.0585843
1 0.704664 0.749204 0.100465 0.0552083
1 0.752524 0.756582 0.11073 0.0645844
1 0.726815 0.753502 0.12868 0.0608635
1 0.767909 0.756581 0.0787261 0.0660639
1 0.715181 0.749791 0.0991074 0.0575088
1 0.755684 0.941735 0.384735 0.113874
1 0.873543 0.900212 0.242286 0.135452
1 0.837738 0.900353 0.229772 0.139072
1 0.762478 0.666845 0.0297787 0.0466647
