0 0.758937 0.92727 0.318358 0.143577
0 0.983613 0.648602 0.0315243 0.0340551
0 0.626509 0.712617 0.0444218 0.0328836
0 0.943499 0.678277 0.0470596 0.0380447
0 0.478667 0.621389 0.0479549 0.0433521
0 0.428694 0.673522 0.0442503 0.0327061
0 0.617804 0.711187 0.0603353 0.0377691
0 0.948569 0.676398 0.0353443 0.0406237
0 0.416669 0.613773 0.0380574 0.0323121
0 0.633566 0.714277 0.0364243 0.0316284
0 0.137621 0.978105 0.155692 0.0437899
0 0.668516 0.731856 0.0464247 0.0431778
0 0.448421 0.682809 0.0402752 0.0334661
0 0.502626 0.631211 0.0463108 0.0440168
0 0.974322 0.694868 0.0483418 0.0406012
0 0.440231 0.682597 0.0583584 0.0362673
0 0.967155 0.694757 0.0656891 0.0420069
0 0.601227 0.729815 0.0502151 0.0378944
0 0.41479 0.682532 0.0341224 0.0323151
0 0.607169 0.733833 0.068953 0.040684
0 0.704147 0.810149 0.174162 0.0683334
0 0.731923 0.817634 0.0950562 0.0684949
0 0.452432 0.729137 0.0550129 0.0424634
0 0.700424 0.806911 0.132015 0.0634833
0 0.524737 0.656355 0.0425133 0.0376067
0 0.437544 0.730683 0.0839753 0.0451639
0 0.748259 0.819576 0.0612049 0.0665059
0 0.435182 0.639333 0.0359332 0.0336946
0 0.40725 0.806032 0.120764 0.0577568
0 0.802695 0.950752 0.320044 0.0910042
0 0.765318 0.952769 0.21308 0.0926295
0 0.41599 0.835943 0.120685 0.0626272
0 0.450361 0.678213 0.0909746 0.0596406
0 0.839543 0.979146 0.139226 0.0417084
0 0.775213 0.983569 0.117742 0.0328621
0 0.425823 0.715478 0.0978017 0.077621
0 0.511289 0.749428 0.10251 0.0552923
0 0.518691 0.694054 0.0404042 0.0372302
0 0.352931 0.964978 0.234019 0.0700432
0 0.502159 0.753745 0.133234 0.0538485
0 0.528481 0.751244 0.0662404 0.0542385
0 0.51552 0.869163 0.178254 0.0866754
0 0.525765 0.757124 0.0588374 0.0480071
0 0.458862 0.797787 0.233743 0.135403
0 0.466922 0.610944 0.0504923 0.0318546
0 0.474207 0.611274 0.041027 0.0306152
0 0.463706 0.816785 0.26881 0.134504
0 0.510426 0.938049 0.207614 0.115617
0 0.736474 0.618281 0.0368395 0.0337004
0 0.452933 0.900721 0.317177 0.187611
0 0.774498 0.628847 0.0495356 0.034849
0 0.610542 0.673942 0.041125 0.0357048
0 0.487484 0.625934 0.0437574 0.031166
0 0.477927 0.626791 0.057226 0.0340658
0 0.468984 0.628761 0.0548882 0.0348017
0 0.543494 0.672298 0.048164 0.040062
0 0.657161 0.722777 0.0634207 0.0516758
0 0.628968 0.721781 0.123387 0.0592288
0 0.599074 0.720343 0.111898 0.0600085
0 0.64208 0.721813 0.0923485 0.0542709
0 0.877312 0.656561 0.0544981 0.0370946
0 0.583619 0.719428 0.079262 0.0558726
0 0.910426 0.677248 0.0501907 0.037803
0 0.676998 0.765527 0.0607637 0.0597641
0 0.625833 0.759228 0.152288 0.0722214
0 0.587307 0.759971 0.10239 0.0692052
0 0.655053 0.762364 0.107034 0.0611547
0 0.438939 0.676743 0.0379248 0.0357806
0 0.601031 0.76086 0.144401 0.0733017
0 0.893203 0.676378 0.0775772 0.0415161
0 0.854728 0.670065 0.054496 0.0345381
0 0.451097 0.674455 0.0631535 0.0387948
0 0.512449 0.671171 0.0354214 0.032489
0 0.976834 0.773241 0.0463318 0.0576304
0 0.355389 0.818111 0.187194 0.106738
0 0.96345 0.770329 0.0731004 0.0481565
0 0.255394 0.938684 0.323292 0.120147
0 0.298947 0.941073 0.221513 0.115368
1 0.664072 0.686219 0.0758568 0.0475628
0 0.558048 0.942837 0.198728 0.0983775
0 0.632259 0.953182 0.372009 0.0901104
0 0.586455 0.952935 0.361181 0.0917154
0 0.515896 0.94139 0.227577 0.0996885
0 0.985796 0.732534 0.0284079 0.0412086
1 0.590093 0.682516 0.0736496 0.0458552
0 0.540063 0.938561 0.379848 0.122879
0 0.467205 0.939257 0.199584 0.103445
0 0.478104 0.952821 0.216496 0.0886241
1 0.588443 0.687404 0.0649067 0.0443593
0 0.621172 0.963039 0.248379 0.073923
1 0.585794 0.706408 0.0773457 0.0590917
1 0.621072 0.725935 0.0779858 0.058536
1 0.583752 0.724641 0.0688048 0.0530388
1 0.700996 0.821713 0.115166 0.0906179
1 0.678078 0.822266 0.132156 0.0928302
1 0.617979 0.915082 0.192872 0.146885
1 0.574786 0.925531 0.20992 0.148937
0 0.825472 0.820284 0.188536 0.0963463
0 0.766678 0.813229 0.103813 0.0719688
0 0.756382 0.806423 0.0824547 0.0590176
0 0.794077 0.819863 0.145341 0.0926619
0 0.673847 0.802382 0.166224 0.0951098
0 0.891712 0.940321 0.203747 0.119358
0 0.97806 0.66153 0.0416008 0.0426904
0 0.646856 0.803862 0.133314 0.095074
0 0.611538 0.795406 0.0836535 0.0579208
0 0.594984 0.791046 0.0459655 0.0509337
0 0.868703 0.945851 0.140163 0.105028
0 0.561572 0.796417 0.166469 0.0953054
0 0.784465 0.933455 0.237372 0.128417
0 0.7489 0.602097 0.0401704 0.0500247
0 0.973943 0.643145 0.0371822 0.0371246
1 0.897993 0.631007 0.0520208 0.0543142
0 0.475087 0.795648 0.163838 0.0956989
0 0.683222 0.921439 0.218649 0.138183
0 0.760277 0.637657 0.0469943 0.0440175
1 0.809669 0.625074 0.0341957 0.0375933
0 0.443586 0.798555 0.137164 0.0944466
0 0.609713 0.923434 0.202802 0.134149
0 0.402921 0.798807 0.161056 0.0959752
0 0.688275 0.638892 0.03505 0.0384588
0 0.788073 0.62912 0.0327787 0.034697
0 0.343506 0.800832 0.0781935 0.0594444
1 0.73451 0.618007 0.0358521 0.0411049
0 0.637654 0.637393 0.0322633 0.0292694
0 0.396091 0.813427 0.166857 0.105145
0 0.609334 0.938929 0.226776 0.122143
0 0.689033 0.640035 0.0409752 0.0379468
0 0.33037 0.819384 0.087696 0.0671893
0 0.791642 0.631261 0.0379686 0.0336674
0 0.369186 0.818762 0.149667 0.106478
0 0.393697 0.84105 0.200747 0.127513
0 0.619666 0.601294 0.0427248 0.0525263
0 0.341311 0.844436 0.0898066 0.0718887
1 0.98064 0.598871 0.0316998 0.0396375
0 0.668296 0.647031 0.0500507 0.0337545
0 0.663397 0.64599 0.0368284 0.0332959
0 0.603174 0.962698 0.209462 0.0738864
0 0.395362 0.839712 0.180412 0.123439
0 0.650409 0.64577 0.0396093 0.03393
0 0.703067 0.64714 0.0406842 0.0374022
0 0.320664 0.845296 0.0822778 0.0737233
0 0.579518 0.963122 0.159133 0.0737559
0 0.607057 0.601157 0.0410736 0.0533437
0 0.622893 0.95765 0.347408 0.0834663
0 0.40078 0.919724 0.268714 0.15407
0 0.77881 0.668909 0.04311 0.0419716
0 0.658906 0.607267 0.039416 0.0511649
0 0.921086 0.656893 0.0404251 0.0350549
0 0.712967 0.665269 0.0358416 0.0338305
1 0.745808 0.596662 0.0291721 0.0413115
1 0.826839 0.645271 0.0533525 0.0524839
0 0.909782 0.656806 0.0515675 0.0339907
0 0.899496 0.655232 0.0399399 0.0305417
0 0.717547 0.667435 0.0497773 0.0370738
1 0.865895 0.656686 0.0461422 0.0600995
0 0.432917 0.94296 0.320244 0.101961
0 0.449894 0.94527 0.207395 0.106852
0 0.978413 0.664372 0.0361645 0.0438606
0 0.808953 0.677731 0.0592529 0.0495488
0 0.300393 0.982676 0.0856881 0.0345244
0 0.416547 0.953662 0.232877 0.082798
0 0.920767 0.663027 0.0441856 0.0351166
1 0.828567 0.655317 0.0330387 0.0425948
0 0.388925 0.945192 0.322684 0.0982394
0 0.773104 0.679388 0.0442993 0.0407851
0 0.92821 0.662081 0.030677 0.0345591
0 0.706931 0.676672 0.054088 0.0377205
0 0.267104 0.984196 0.0940266 0.0316077
0 0.90578 0.661991 0.0635405 0.0376035
0 0.378097 0.953589 0.236423 0.0844537
0 0.408617 0.948217 0.226746 0.101283
0 0.87252 0.774507 0.133238 0.0704587
0 0.901807 0.775302 0.0679342 0.0612834
0 0.887684 0.775375 0.0943138 0.0635007
0 0.606455 0.626728 0.0416782 0.034522
0 0.810584 0.769445 0.144111 0.0716078
0 0.836817 0.768543 0.214763 0.0728531
0 0.867815 0.774645 0.171683 0.0785561
0 0.669798 0.665902 0.0448137 0.0306815
0 0.749432 0.592663 0.0328702 0.0313258
0 0.802539 0.762158 0.116771 0.0625912
0 0.595053 0.631331 0.0317656 0.0321227
0 0.883456 0.807613 0.225052 0.0963033
0 0.677519 0.677953 0.0415121 0.0307582
0 0.855919 0.805271 0.215703 0.0811763
0 0.659085 0.677134 0.0592331 0.0343739
0 0.597804 0.632595 0.0450789 0.0346667
0 0.837443 0.803831 0.153063 0.0771577
0 0.739136 0.70795 0.0337723 0.0337552
0 0.730697 0.707947 0.046946 0.0353816
0 0.93209 0.879014 0.135592 0.0945457
0 0.625321 0.648442 0.0332991 0.032451
0 0.629292 0.651045 0.0462269 0.035242
0 0.709092 0.708224 0.0577894 0.0358194
0 0.701757 0.707854 0.0394659 0.0342171
0 0.747279 0.775727 0.0920748 0.0501722
0 0.789563 0.619783 0.032697 0.0285998
0 0.604396 0.676583 0.0412104 0.0380135
0 0.763434 0.777185 0.0599976 0.0506761
0 0.737634 0.774594 0.12068 0.0554733
0 0.710277 0.766651 0.0479702 0.0407018
0 0.720854 0.770247 0.0724469 0.0493031
0 0.61002 0.677153 0.0553782 0.0422503
0 0.75668 0.835115 0.117927 0.0631237
0 0.710891 0.708089 0.0407843 0.0349684
0 0.776136 0.625399 0.0356998 0.0315662
0 0.778689 0.835154 0.0754873 0.0651637
0 0.600373 0.702376 0.0845934 0.0509967
0 0.741543 0.830932 0.116555 0.06399
0 0.716808 0.823241 0.0589121 0.0602161
0 0.612134 0.706169 0.121789 0.050206
0 0.72705 0.824299 0.0820061 0.0592468
0 0.768599 0.625856 0.0502938 0.034185
0 0.801766 0.899395 0.162819 0.0876846
0 0.621238 0.727202 0.104357 0.0601936
0 0.638564 0.727268 0.1516 0.0590055
0 0.799262 0.637353 0.0349146 0.031008
0 0.735569 0.730332 0.0564404 0.042114
0 0.608384 0.72205 0.0773486 0.0583911
0 0.681281 0.640692 0.0387457 0.0345787
0 0.50714 0.756254 0.132453 0.0752566
0 0.630735 0.759338 0.0458487 0.0392878
0 0.492451 0.753753 0.0955778 0.0737962
0 0.578837 0.749236 0.12845 0.0605522
0 0.706547 0.965073 0.207969 0.0698544
0 0.537077 0.754803 0.194395 0.071633
0 0.596692 0.750002 0.115454 0.0564538
0 0.613392 0.75468 0.0840923 0.0496358
0 0.521342 0.852877 0.276527 0.140198
0 0.673606 0.660686 0.0541989 0.0412257
0 0.667001 0.663172 0.0701186 0.0453921
0 0.474317 0.920633 0.324935 0.152642
0 0.656125 0.676084 0.0499463 0.0405937
0 0.979159 0.654773 0.0382328 0.0315596
0 0.429065 0.916888 0.21992 0.15559
0 0.597299 0.698111 0.0745996 0.0438272
0 0.985792 0.665465 0.0272631 0.0351767
0 0.650361 0.695132 0.0640038 0.0516352
0 0.692389 0.800006 0.177661 0.0853462
0 0.615431 0.901393 0.203482 0.107182
0 0.600354 0.898079 0.22046 0.0841278
0 0.61626 0.792968 0.0984529 0.0604746
0 0.710796 0.802833 0.118312 0.0820165
0 0.587498 0.889544 0.14845 0.0765541
0 0.576401 0.884553 0.115646 0.0754128
0 0.683579 0.95759 0.419549 0.0836885
0 0.580524 0.955868 0.436084 0.0882637
0 0.971376 0.747866 0.0572483 0.0552544
0 0.432296 0.956465 0.399829 0.0866402
0 0.907728 0.744954 0.165017 0.0571561
0 0.931148 0.74991 0.137704 0.0540421
0 0.883988 0.739486 0.0999241 0.0572155
0 0.953306 0.753724 0.0933883 0.0573593
0 0.870423 0.734649 0.0724113 0.0515671
0 0.78232 0.728604 0.106404 0.0524609
0 0.773623 0.723489 0.0790127 0.0518738
0 0.848944 0.734956 0.114908 0.054465
0 0.802639 0.732434 0.153995 0.0517345
0 0.76075 0.722045 0.0504652 0.0499999
0 0.723783 0.721489 0.0999084 0.0553294
0 0.800031 0.729134 0.0751806 0.0534986
0 0.737771 0.723946 0.150521 0.0559055
0 0.785863 0.728169 0.11848 0.0526663
0 0.711581 0.717002 0.0741611 0.0526324
0 0.143864 0.979519 0.166556 0.0395513
0 0.740181 0.734328 0.0588084 0.0590343
0 0.726197 0.734544 0.0930198 0.0558877
0 0.657311 0.730455 0.106316 0.053803
0 0.642897 0.728481 0.0715946 0.0522837
0 0.675361 0.732862 0.141999 0.0522725
0 0.709288 0.734054 0.137261 0.0569032
0 0.708796 0.814936 0.141454 0.0819271
0 0.633401 0.807942 0.137359 0.0837166
0 0.696934 0.813353 0.206724 0.0823424
0 0.663255 0.812233 0.192259 0.0804282
0 0.736332 0.817666 0.0850245 0.0818441
0 0.616739 0.806386 0.0987047 0.0793304
0 0.612277 0.876972 0.260789 0.126201
0 0.589219 0.874292 0.210463 0.101767
0 0.596902 0.937978 0.339022 0.123653
0 0.936547 0.86476 0.126907 0.0605762
0 0.92186 0.864556 0.15628 0.0614764
0 0.913129 0.862017 0.155399 0.0556268
0 0.676222 0.807037 0.096272 0.064445
0 0.690399 0.80627 0.0754913 0.0687263
0 0.663421 0.806198 0.139681 0.0639671
0 0.585393 0.822279 0.09484 0.0527004
0 0.503665 0.813291 0.11423 0.0706988
0 0.943019 0.940991 0.113961 0.108145
0 0.518887 0.810407 0.0873968 0.0701429
0 0.491715 0.818085 0.170449 0.0699486
0 0.410002 0.841537 0.0819827 0.0551912
0 0.457502 0.828504 0.138604 0.0634645
0 0.9614 0.638013 0.0772007 0.0520311
0 0.396113 0.83987 0.0529932 0.0451815
0 0.844379 0.922671 0.303883 0.146995
0 0.336517 0.829492 0.133702 0.06929
0 0.911483 0.729939 0.0522799 0.0442956
0 0.723459 0.663219 0.0539503 0.0323443
0 0.33473 0.835128 0.16518 0.0719589
0 0.351164 0.824507 0.10832 0.0681572
0 0.711439 0.661991 0.0576666 0.0353283
0 0.818221 0.626357 0.0687916 0.046455
0 0.228689 0.866058 0.0705132 0.0508802
0 0.666053 0.916366 0.266341 0.132537
0 0.663273 0.617541 0.059424 0.0444144
0 0.734325 0.710988 0.0483839 0.044045
0 0.148768 0.863253 0.198237 0.0789878
0 0.571958 0.657783 0.0566843 0.0355223
0 0.650743 0.619565 0.0867702 0.0470638
0 0.631576 0.617846 0.0990894 0.0447956
0 0.629925 0.612922 0.0808172 0.0422195
0 0.682459 0.707788 0.0450909 0.0341633
0 0.642292 0.614527 0.0881241 0.0449972
0 0.671563 0.617887 0.0418659 0.0439847
0 0.564133 0.902075 0.257645 0.137565
0 0.0657932 0.876752 0.122689 0.0893662
0 0.636448 0.703505 0.049487 0.0452899
0 0.586491 0.69994 0.0353199 0.031251
0 0.570334 0.616096 0.0606754 0.0465963
0 0.985642 0.697984 0.0287169 0.0444998
0 0.546456 0.61909 0.105461 0.0424718
0 0.485625 0.65748 0.0544589 0.0341316
0 0.587991 0.703128 0.0437933 0.0333468
0 0.625548 0.702303 0.0645216 0.0429085
0 0.53415 0.917947 0.26187 0.135505
0 0.54127 0.616033 0.0622864 0.0443113
0 0.0347013 0.886024 0.0694026 0.0980516
0 0.61139 0.704963 0.0499938 0.0439204
0 0.970972 0.695514 0.0567827 0.0418889
0 0.452395 0.659155 0.0667442 0.0364
0 0.558528 0.705304 0.0371121 0.0343595
0 0.527435 0.616965 0.0885637 0.0445295
1 0.951199 0.5963 0.0255144 0.0308403
0 0.508569 0.613711 0.0697695 0.0373524
0 0.60151 0.705792 0.062324 0.043973
0 0.512427 0.618466 0.0859514 0.0399525
0 0.0265826 0.957693 0.0528286 0.0830283
0 0.523989 0.676561 0.0457832 0.0318119
0 0.70591 0.744414 0.0590033 0.04527
0 0.515711 0.6768 0.0632881 0.0351022
0 0.561054 0.62075 0.0403853 0.0315379
0 0.5004 0.678806 0.0505023 0.0359725
0 0.627299 0.629657 0.0329533 0.0433055
0 0.637716 0.734765 0.0373846 0.0343971
0 0.642629 0.739348 0.0530025 0.0372892
0 0.713794 0.745338 0.0489268 0.0422424
0 0.646952 0.736236 0.0585184 0.0504069
0 0.473332 0.675942 0.0429131 0.0315145
0 0.466284 0.676078 0.0578421 0.033859
0 0.63146 0.737868 0.0861874 0.0543844
0 0.509453 0.620439 0.03941 0.0314089
0 0.455558 0.676959 0.0709019 0.0354398
0 0.592159 0.730266 0.062029 0.0377523
0 0.61603 0.736007 0.116322 0.0519994
0 0.504971 0.617371 0.0333574 0.0339724
0 0.594835 0.735441 0.0690678 0.0414927
0 0.467719 0.701532 0.0499457 0.0410853
0 0.645608 0.789408 0.151927 0.0651704
0 0.669031 0.787783 0.0934615 0.0640444
0 0.574987 0.637101 0.0488845 0.0501436
0 0.457215 0.699382 0.0657974 0.038327
0 0.550634 0.64055 0.099305 0.0490316
0 0.760582 0.88697 0.169476 0.105326
0 0.521581 0.7409 0.0484682 0.0456558
0 0.513817 0.742144 0.0659464 0.0469086
0 0.634867 0.663737 0.0618321 0.0566797
0 0.479626 0.742741 0.0470879 0.0404625
0 0.50002 0.741654 0.0914662 0.0461619
0 0.488025 0.742751 0.0673328 0.0429642
0 0.488693 0.952981 0.210124 0.093162
0 0.710769 0.763767 0.0737145 0.0532962
0 0.611374 0.713705 0.0893789 0.0737367
0 0.533151 0.733559 0.0991245 0.0808945
0 0.637443 0.717349 0.0491595 0.0437426
0 0.61977 0.788016 0.125127 0.0602211
0 0.631844 0.785999 0.0921373 0.0590197
0 0.525805 0.724276 0.0825623 0.0723384
0 0.421662 0.787151 0.0792397 0.0589147
0 0.427822 0.717692 0.0495779 0.0424706
0 0.410105 0.789297 0.10712 0.0606656
0 0.313651 0.737143 0.089427 0.0793894
0 0.330618 0.742621 0.126629 0.0893505
0 0.359755 0.799222 0.077881 0.0538389
0 0.0339443 0.838951 0.0678885 0.0722074
0 0.978403 0.852454 0.0431948 0.0565819
0 0.0362726 0.754094 0.062126 0.0452427
0 0.961099 0.735913 0.0778015 0.0618818
0 0.0319763 0.759344 0.0639527 0.0505463
0 0.0215803 0.761968 0.0405771 0.0547333
0 0.136768 0.642775 0.0548653 0.0352666
0 0.660291 0.702894 0.0510201 0.0469999
0 0.644762 0.815449 0.131439 0.0724963
0 0.620679 0.816545 0.139065 0.067711
0 0.979943 0.726954 0.0370976 0.037532
0 0.582581 0.698765 0.0712006 0.0513532
0 0.603489 0.690911 0.0350617 0.0337695
0 0.319206 0.706671 0.0442619 0.0449453
0 0.278461 0.82771 0.156549 0.0729259
0 0.903303 0.697777 0.0549503 0.0468653
0 0.596227 0.691744 0.0484472 0.0355356
0 0.259355 0.827208 0.141169 0.065298
0 0.562857 0.691978 0.0328574 0.0322398
0 0.285745 0.822448 0.120959 0.0674243
0 0.785829 0.682691 0.043215 0.0339144
0 0.309958 0.709092 0.0578327 0.0488023
0 0.83341 0.699111 0.0928154 0.0490191
0 0.892009 0.697621 0.0804926 0.0478336
0 0.275304 0.835891 0.179522 0.075858
0 0.914398 0.701539 0.0612564 0.0514502
0 0.606581 0.695215 0.0458744 0.0346848
0 0.322123 0.710253 0.0455334 0.0433881
0 0.248505 0.836496 0.124096 0.0693039
0 0.230072 0.713149 0.0790622 0.0584326
0 0.902077 0.702288 0.0883865 0.0508085
0 0.300918 0.71586 0.0845273 0.0508718
0 0.313987 0.712875 0.0604884 0.0487376
0 0.591949 0.695183 0.0751478 0.038237
0 0.842745 0.705447 0.0956688 0.0505496
0 0.0827944 0.639698 0.0382021 0.033441
0 0.349034 0.862415 0.168373 0.0879603
0 0.702859 0.712575 0.0553698 0.0435951
0 0.396516 0.718251 0.0566897 0.0533231
0 0.95794 0.728585 0.0841195 0.0643973
0 0.38402 0.721962 0.0809877 0.05871
0 0.938086 0.732108 0.123828 0.0680922
0 0.304439 0.853285 0.0861854 0.0694227
0 0.686771 0.714296 0.0904997 0.0449196
0 0.324886 0.857399 0.127657 0.0774999
0 0.366652 0.723556 0.133561 0.0595141
0 0.672345 0.71243 0.0646757 0.0381739
0 0.664409 0.707587 0.0386852 0.0350702
0 0.354365 0.71906 0.0540357 0.0530127
0 0.299988 0.867084 0.185281 0.0847668
0 0.0281222 0.642055 0.0446355 0.0378897
0 0.341511 0.723064 0.0777731 0.0592361
0 0.933827 0.727652 0.132347 0.0586889
0 0.273851 0.863769 0.123583 0.0763489
0 0.335882 0.723089 0.105425 0.062875
0 0.62278 0.710069 0.0458217 0.0358261
0 0.26342 0.857216 0.099533 0.0716095
0 0.25559 0.730524 0.0674648 0.0473366
0 0.952108 0.724295 0.0957838 0.0589634
0 0.309452 0.860554 0.147036 0.0895561
0 0.626748 0.713926 0.0580412 0.0399068
0 0.311735 0.721077 0.0484582 0.0514938
0 0.249603 0.871601 0.179526 0.0862902
0 0.621041 0.706157 0.0403553 0.0392335
0 0.576061 0.706526 0.0368941 0.0335728
0 0.874346 0.71732 0.116475 0.056899
0 0.606948 0.707176 0.0649473 0.0407056
0 0.296474 0.726135 0.0753925 0.0555059
0 0.926368 0.712004 0.0989662 0.0488892
0 0.595489 0.707458 0.0777705 0.0386359
0 0.222369 0.869967 0.125826 0.0772143
0 0.260709 0.881284 0.173508 0.0948105
0 0.628518 0.711779 0.0558024 0.0418165
0 0.327983 0.723291 0.043847 0.0522352
0 0.918764 0.73116 0.162472 0.0660484
0 0.958576 0.719156 0.0795221 0.0528524
0 0.317702 0.726431 0.0624555 0.0510178
0 0.611501 0.715093 0.0910078 0.0447539
0 0.916461 0.724601 0.14904 0.0566736
0 0.222079 0.737406 0.0803445 0.0487052
0 0.872396 0.768541 0.0637245 0.0475822
0 0.168018 0.6414 0.0422564 0.0344381
0 0.124414 0.646296 0.0336617 0.0361516
0 0.447615 0.768037 0.167158 0.0844897
0 0.409413 0.951329 0.257513 0.0918218
0 0.131935 0.649686 0.0512127 0.038784
0 0.850323 0.769411 0.11186 0.0519831
0 0.83357 0.768443 0.0958927 0.0453957
0 0.483295 0.758772 0.069587 0.0667381
0 0.764629 0.754062 0.0564497 0.0470739
0 0.0528683 0.653863 0.051245 0.0375912
0 0.755448 0.757052 0.0760101 0.0488204
0 0.36547 0.768736 0.119726 0.0634888
0 0.354408 0.778121 0.159696 0.0671934
0 0.379216 0.765183 0.0939915 0.0633764
0 0.283435 0.773938 0.0938335 0.0568748
0 0.0148957 0.658289 0.0279935 0.0350756
0 0.299372 0.954979 0.292967 0.0877541
0 0.737868 0.757301 0.116036 0.050086
0 0.0451145 0.655453 0.0595255 0.0391368
0 0.692701 0.747254 0.0561207 0.0498945
0 0.953381 0.752695 0.0932379 0.0633817
0 0.648596 0.747447 0.053779 0.0383512
0 0.677104 0.747613 0.0879121 0.04487
0 0.297228 0.768984 0.135684 0.0669145
0 0.658101 0.751797 0.0770102 0.0410484
0 0.291425 0.771625 0.185027 0.0656362
0 0.314418 0.766161 0.0985889 0.0664613
0 0.957737 0.758041 0.0845269 0.0733523
0 0.923352 0.753881 0.153296 0.0778901
0 0.651807 0.745414 0.0700357 0.0471471
0 0.174016 0.78452 0.091504 0.0549695
0 0.281454 0.768639 0.0967488 0.0599251
0 0.634217 0.748228 0.112436 0.047581
0 0.258855 0.773386 0.137917 0.056419
0 0.622215 0.744622 0.0771958 0.038841
0 0.246067 0.785387 0.163138 0.0644376
0 0.922043 0.741887 0.12704 0.060552
0 0.961252 0.772107 0.0774963 0.05762
0 0.689384 0.780956 0.0627225 0.0574158
0 0.669039 0.782177 0.108771 0.0524179
0 0.650816 0.776867 0.088003 0.0475299
0 0.209723 0.829966 0.234238 0.0823153
0 0.201772 0.878626 0.272171 0.120712
0 0.753948 0.83493 0.124979 0.0647733
0 0.776672 0.83266 0.0785727 0.0679204
0 0.141062 0.895959 0.281638 0.122086
0 0.690907 0.827448 0.134073 0.067895
0 0.711652 0.826762 0.0886168 0.066921
0 0.791619 0.970962 0.245261 0.0579699
0 0.903069 0.935841 0.193862 0.128319
0 0.672281 0.90726 0.331152 0.164064
0 0.617551 0.897433 0.208772 0.142579
0 0.515229 0.905839 0.304926 0.157664
0 0.903947 0.754914 0.0988735 0.0525358
0 0.895274 0.748547 0.0815468 0.0462888
0 0.974258 0.727974 0.0514836 0.0576954
0 0.449747 0.919901 0.325478 0.152717
0 0.841127 0.754938 0.100858 0.0528392
0 0.95002 0.741106 0.0999593 0.0523474
0 0.833845 0.747905 0.0862726 0.0459654
0 0.181668 0.930755 0.312728 0.138491
0 0.710501 0.710251 0.0928285 0.0524125
0 0.576924 0.735238 0.0796434 0.0432512
0 0.699167 0.709408 0.142375 0.0570002
0 0.653887 0.710981 0.0835917 0.0676058
0 0.721892 0.708555 0.0658224 0.0530028
0 0.570985 0.730097 0.0686195 0.0397761
0 0.646597 0.699294 0.066897 0.0497489
0 0.664454 0.711356 0.118112 0.062783
0 0.146928 0.938512 0.291324 0.122977
0 0.651769 0.7071 0.133499 0.0584942
0 0.654005 0.708484 0.176673 0.0631498
0 0.670751 0.703413 0.0830252 0.0541269
0 0.539068 0.734129 0.0857058 0.0421904
0 0.623682 0.708516 0.097681 0.0586151
0 0.531795 0.729318 0.0713749 0.0389233
0 0.631988 0.78743 0.0984991 0.0597537
0 0.769956 0.758433 0.1641 0.0695264
0 0.623128 0.782956 0.0780822 0.0548195
0 0.750492 0.764175 0.159241 0.0749461
0 0.789936 0.755471 0.105929 0.0674068
0 0.649065 0.789043 0.123007 0.0551595
0 0.917806 0.861581 0.164387 0.0903104
0 0.851639 0.930508 0.259739 0.120339
0 0.793967 0.921789 0.129477 0.104314
0 0.892507 0.8945 0.214987 0.150484
0 0.770869 0.94719 0.201506 0.0987464
0 0.899478 0.888674 0.201044 0.113917
0 0.744665 0.947023 0.12449 0.0982676
0 0.843272 0.877505 0.279864 0.131688
0 0.684045 0.944324 0.140105 0.103273
0 0.729804 0.951974 0.299854 0.0946246
0 0.705671 0.945364 0.229959 0.102335
0 0.808316 0.871931 0.2629 0.127931
0 0.658104 0.943893 0.157394 0.10311
0 0.69847 0.952698 0.307459 0.0930173
0 0.86832 0.937917 0.254325 0.124166
0 0.95653 0.769 0.0869394 0.0605011
0 0.869659 0.756498 0.123509 0.0625301
0 0.797738 0.744557 0.112218 0.0579313
0 0.821206 0.749972 0.162764 0.0567312
0 0.843085 0.752755 0.161103 0.056146
0 0.892458 0.754323 0.076001 0.0579625
0 0.786827 0.739917 0.0827874 0.0572021
0 0.865119 0.757475 0.200351 0.0695198
0 0.797602 0.742787 0.101528 0.0522157
0 0.808678 0.743486 0.0732454 0.0553057
0 0.722015 0.737466 0.0961244 0.0537918
0 0.71054 0.733419 0.0689453 0.0508662
0 0.786545 0.741643 0.141777 0.0567266
0 0.740014 0.73984 0.151634 0.0527327
0 0.762829 0.738205 0.131056 0.0559622
0 0.793839 0.748338 0.116442 0.0555794
0 0.789077 0.747392 0.154673 0.0598297
0 0.767077 0.744074 0.155361 0.0563853
0 0.816164 0.748225 0.068927 0.0594299
0 0.739925 0.741574 0.144037 0.0546998
0 0.723086 0.738587 0.0968904 0.0555893
0 0.709833 0.735956 0.0676364 0.0536821
0 0.720956 0.896092 0.282177 0.142255
0 0.597883 0.938058 0.328818 0.12319
0 0.926229 0.929604 0.147543 0.0747944
0 0.723858 0.882677 0.181137 0.103942
0 0.497454 0.864839 0.164656 0.10012
0 0.972238 0.934639 0.0555241 0.106702
0 0.98448 0.73196 0.031041 0.0336245
0 0.973232 0.932662 0.0515381 0.134676
0 0.83295 0.618116 0.0330616 0.0264309
0 0.839581 0.674356 0.0387821 0.0322091
0 0.845981 0.920729 0.297059 0.138238
0 0.803275 0.711608 0.0510532 0.0392438
0 0.680271 0.616986 0.0655963 0.0466743
0 0.251678 0.897016 0.223122 0.122128
0 0.282138 0.890808 0.187759 0.121885
0 0.612371 0.658913 0.0684172 0.0370224
0 0.799107 0.917926 0.292712 0.133684
0 0.760854 0.709733 0.040734 0.0382861
0 0.642637 0.617634 0.0535983 0.0479476
0 0.220029 0.904102 0.189649 0.118759
0 0.573023 0.658705 0.0629786 0.0351615
0 0.178889 0.912375 0.272626 0.130865
0 0.701472 0.704275 0.0381174 0.0323232
0 0.563121 0.65915 0.0544068 0.0342127
0 0.623957 0.616388 0.0843836 0.0462983
0 0.749513 0.707471 0.0598053 0.0434608
