1 0.655811 0.925675 0.254507 0.14865
1 0.651295 0.696919 0.0502726 0.0470278
1 0.672176 0.938394 0.31152 0.123213
1 0.656905 0.942432 0.360447 0.111753
1 0.297101 0.827314 0.0984759 0.0607819
1 0.202921 0.970448 0.209273 0.0591045
1 0.355564 0.82403 0.201813 0.196451
1 0.33559 0.857921 0.216896 0.22822
1 0.26976 0.906784 0.327434 0.179054
1 0.496696 0.722448 0.0901711 0.0642611
1 0.50891 0.747804 0.114532 0.0691641
1 0.48694 0.74606 0.10218 0.0710743
1 0.517872 0.749124 0.0897846 0.0613724
1 0.530897 0.749169 0.062911 0.0574867
1 0.511821 0.804111 0.148116 0.0796918
1 0.522373 0.803125 0.218931 0.0840286
1 0.386279 0.746979 0.109086 0.0650075
1 0.389175 0.777532 0.103756 0.074368
1 0.363392 0.782349 0.1263 0.0829955
1 0.981788 0.778062 0.0354237 0.0554092
1 0.138991 0.77975 0.274648 0.403657
1 0.840634 0.924895 0.318732 0.150209
1 0.673926 0.920799 0.35098 0.158402
1 0.534037 0.916992 0.318542 0.164201
1 0.603153 0.683267 0.0549911 0.0379898
1 0.563127 0.697589 0.0774511 0.0498385
1 0.567856 0.70224 0.0511061 0.049189
1 0.627427 0.760176 0.115555 0.0709227
1 0.665238 0.85745 0.165361 0.0967501
1 0.668634 0.915498 0.193184 0.143562
1 0.688677 0.979429 0.0433402 0.0390447
1 0.774388 0.972786 0.0437994 0.0544286
1 0.937335 0.832428 0.12533 0.0955269
1 0.71146 0.79965 0.1394 0.0903262
1 0.908821 0.945658 0.182359 0.108684
1 0.974472 0.604346 0.0354805 0.0392479
1 0.640923 0.810197 0.137532 0.0962825
1 0.986945 0.610464 0.024284 0.0433769
1 0.861455 0.94332 0.27225 0.113359
1 0.541108 0.807297 0.143994 0.0959001
1 0.770831 0.937505 0.272545 0.12499
1 0.87277 0.60136 0.0315771 0.045976
1 0.786058 0.594593 0.0525755 0.0466211
1 0.442256 0.80853 0.142501 0.096035
1 0.640534 0.937526 0.20353 0.124948
1 0.68315 0.590061 0.0294582 0.0329926
1 0.429121 0.81053 0.10742 0.0879388
1 0.375241 0.808902 0.138681 0.0999547
1 0.569152 0.936265 0.187992 0.127471
1 0.544115 0.941603 0.137286 0.116793
1 0.762402 0.624254 0.0315632 0.0402761
1 0.436766 0.859054 0.163636 0.129903
1 0.862484 0.642892 0.0385429 0.0456256
1 0.792852 0.599332 0.0325924 0.0460439
1 0.700749 0.597715 0.0453446 0.0502926
1 0.70538 0.593552 0.0420021 0.0406003
1 0.369338 0.859093 0.162206 0.133088
1 0.288047 0.922198 0.235651 0.155604
1 0.700444 0.599041 0.0337913 0.0440342
1 0.614856 0.589958 0.0347387 0.0318924
1 0.349938 0.95663 0.242928 0.0850374
1 0.675411 0.600475 0.0379568 0.0428322
1 0.77444 0.611174 0.0360146 0.04865
1 0.869204 0.662712 0.0420143 0.0541322
1 0.783699 0.690931 0.0445185 0.0419546
1 0.667617 0.605447 0.0479301 0.0459696
1 0.635266 0.602961 0.0448008 0.0519686
1 0.73385 0.605176 0.0328573 0.0450175
1 0.299361 0.957219 0.215521 0.0855612
1 0.628863 0.607807 0.0489559 0.0508792
1 0.619239 0.608064 0.0443308 0.0444585
1 0.552268 0.600744 0.0436649 0.0531314
1 0.8249 0.658363 0.0376636 0.057339
1 0.919272 0.794793 0.136246 0.0899362
1 0.906889 0.79173 0.185659 0.0862568
1 0.733353 0.612851 0.0245659 0.0307032
1 0.860414 0.810611 0.152424 0.100744
1 0.652428 0.615104 0.0257738 0.0336146
1 0.850392 0.650773 0.0302645 0.0428583
1 0.75583 0.7697 0.0491903 0.0460865
1 0.742288 0.769006 0.0669861 0.0487067
1 0.777725 0.841551 0.0894062 0.0556501
1 0.78634 0.858836 0.118378 0.0735364
1 0.775958 0.855309 0.0897921 0.0665649
1 0.654424 0.714468 0.129148 0.0570521
1 0.640754 0.767858 0.169976 0.0771351
1 0.603118 0.771134 0.122131 0.0815755
1 0.471525 0.831848 0.232533 0.134638
1 0.621021 0.662385 0.0643668 0.0442408
1 0.614071 0.664397 0.0861771 0.0499781
1 0.457888 0.918092 0.362269 0.163816
1 0.423316 0.913923 0.257376 0.159408
1 0.601445 0.690775 0.173797 0.0640928
1 0.588869 0.696056 0.175121 0.0760029
1 0.464182 0.937162 0.476914 0.125676
1 0.591044 0.692436 0.133387 0.0706722
1 0.395298 0.930612 0.270029 0.133478
1 0.535663 0.901385 0.164637 0.0780276
1 0.598263 0.797622 0.130292 0.0876546
1 0.593877 0.808762 0.139253 0.092248
1 0.521686 0.923223 0.152743 0.0829433
1 0.570608 0.806207 0.122042 0.0814742
1 0.593931 0.934384 0.282924 0.131231
1 0.606272 0.972095 0.273582 0.0558101
1 0.354807 0.974631 0.242226 0.0504351
1 0.93529 0.761503 0.126578 0.0657354
1 0.83614 0.745494 0.125285 0.0592191
1 0.828387 0.74663 0.051112 0.0530488
1 0.74186 0.732916 0.0881653 0.058928
1 0.73102 0.73039 0.0660034 0.0558336
1 0.729969 0.876219 0.242988 0.131551
1 0.743313 0.874548 0.17529 0.101909
1 0.935826 0.918167 0.128347 0.115323
1 0.498733 0.802396 0.0639522 0.0647252
1 0.888332 0.922621 0.216665 0.143459
1 0.887518 0.891019 0.219555 0.212521
1 0.415788 0.819139 0.0635052 0.070628
1 0.679618 0.902193 0.228315 0.144795
1 0.585726 0.894609 0.219052 0.139031
1 0.595191 0.907824 0.225785 0.142118
1 0.758609 0.866298 0.131736 0.0700775
1 0.742577 0.861278 0.127273 0.0629901
1 0.503302 0.738367 0.0687132 0.0472431
1 0.714883 0.868798 0.138604 0.0907186
1 0.4645 0.740617 0.0697003 0.0474773
1 0.780889 0.91186 0.127026 0.0879621
1 0.757413 0.909812 0.122142 0.084021
1 0.865293 0.829468 0.094689 0.0607226
1 0.532562 0.808365 0.0726057 0.0616711
1 0.8432 0.708393 0.0275503 0.0334254
1 0.344644 0.813396 0.073415 0.0615925
1 0.307688 0.811723 0.0624436 0.0633764
1 0.81299 0.695714 0.0964515 0.0557432
1 0.635893 0.675489 0.0264675 0.0333697
1 0.808594 0.695424 0.144969 0.0575383
1 0.369145 0.83821 0.0890471 0.0738459
1 0.93643 0.717697 0.120336 0.0536257
1 0.390472 0.708753 0.0477648 0.0464325
1 0.717943 0.745116 0.0224539 0.0310453
1 0.3392 0.845283 0.104321 0.0754473
1 0.313174 0.850818 0.134347 0.0791876
1 0.351921 0.840678 0.0830811 0.0736637
1 0.671491 0.704356 0.0352824 0.0339366
1 0.652553 0.704768 0.0360964 0.0328634
1 0.310169 0.845461 0.109511 0.0669612
1 0.276017 0.856745 0.119534 0.0746455
1 0.288611 0.851005 0.0948985 0.0749275
1 0.255665 0.858671 0.133364 0.0802624
1 0.277542 0.854906 0.0888262 0.0742661
1 0.258945 0.856043 0.133199 0.0769218
1 0.240822 0.859957 0.121464 0.0740579
1 0.371184 0.946929 0.192018 0.106142
1 0.810202 0.750517 0.0380997 0.0437705
1 0.34817 0.943032 0.124002 0.093839
1 0.290876 0.952558 0.217228 0.0948836
1 0.727795 0.745323 0.0452993 0.0427973
1 0.268598 0.954072 0.137556 0.0918552
1 0.717232 0.74812 0.0681969 0.0435557
1 0.329745 0.780557 0.127318 0.103968
1 0.980078 0.743826 0.0370335 0.0405136
1 0.0248246 0.658797 0.0382417 0.0373993
1 0.20345 0.957977 0.233936 0.084046
1 0.655708 0.741042 0.0458878 0.0424731
1 0.6612 0.740824 0.029896 0.0392446
1 0.928066 0.749611 0.143868 0.0747299
1 0.645342 0.741567 0.070853 0.0454262
1 0.941652 0.751148 0.116696 0.0755747
1 0.787242 0.804829 0.0552287 0.0526976
1 0.771168 0.804634 0.0873891 0.0565417
1 0.296286 0.837006 0.15028 0.100829
1 0.239752 0.868722 0.222021 0.131208
1 0.269007 0.864803 0.163252 0.122505
1 0.787527 0.822776 0.0494732 0.0581058
1 0.769066 0.822407 0.0906637 0.0605101
1 0.165418 0.881561 0.238378 0.138987
1 0.69964 0.817945 0.0984763 0.0640539
1 0.714613 0.816822 0.0612381 0.0628045
1 0.0993428 0.947909 0.192149 0.104181
1 0.71857 0.897119 0.11554 0.0674739
1 0.759371 0.903619 0.0353935 0.0566297
1 0.782338 0.96329 0.254476 0.0731166
1 0.782855 0.968578 0.190415 0.0622918
1 0.767886 0.918108 0.317653 0.162328
1 0.714908 0.911772 0.211359 0.148599
1 0.137524 0.928596 0.265378 0.142808
1 0.380842 0.846182 0.0246232 0.0329161
1 0.610803 0.710741 0.169112 0.0666879
1 0.613465 0.706802 0.127834 0.060615
1 0.516148 0.725687 0.0341043 0.0357267
1 0.123026 0.930777 0.243235 0.138445
1 0.593725 0.712648 0.193389 0.068705
1 0.596672 0.707953 0.151289 0.0625056
1 0.358823 0.847597 0.0260849 0.030515
1 0.641208 0.718806 0.112065 0.0615693
1 0.385637 0.881095 0.0252497 0.0303754
1 0.158354 0.947031 0.252924 0.0974803
1 0.662919 0.717607 0.0857178 0.0597771
1 0.635725 0.72125 0.160166 0.0714183
1 0.648512 0.715078 0.0794747 0.0598913
1 0.607878 0.717282 0.134091 0.063938
1 0.107908 0.954499 0.205764 0.0910028
1 0.346026 0.886131 0.0255688 0.0321273
1 0.606301 0.722375 0.180148 0.0774349
1 0.613272 0.712677 0.106456 0.0610547
1 0.682389 0.748664 0.150519 0.079228
1 0.578546 0.788823 0.0997025 0.0540342
1 0.497955 0.816044 0.0356274 0.0430614
1 0.558646 0.781345 0.062772 0.0500178
1 0.692449 0.745967 0.111471 0.0759373
1 0.827678 0.879981 0.229526 0.14568
1 0.68095 0.943166 0.21195 0.0964052
1 0.658745 0.943938 0.124382 0.099194
1 0.778282 0.870477 0.21328 0.137233
1 0.633466 0.943029 0.184299 0.100849
1 0.660937 0.948792 0.259401 0.0915754
1 0.728573 0.859204 0.209702 0.141252
1 0.59954 0.945207 0.199476 0.0996719
1 0.714262 0.861773 0.196007 0.136426
1 0.584341 0.945485 0.190616 0.100038
1 0.960355 0.79007 0.079291 0.0641398
1 0.890872 0.774695 0.113649 0.0699069
1 0.872693 0.774265 0.0959059 0.0677712
1 0.852635 0.774929 0.123417 0.0662237
1 0.713358 0.759098 0.110973 0.060812
1 0.757049 0.758468 0.0944143 0.0662474
1 0.737224 0.759803 0.0796841 0.0636806
1 0.678024 0.812281 0.132996 0.0871551
1 0.61755 0.810462 0.120626 0.0716934
1 0.580657 0.891734 0.250705 0.146303
1 0.615763 0.928538 0.312521 0.137443
1 0.938964 0.942524 0.122072 0.0990458
1 0.893486 0.932438 0.208388 0.135123
1 0.933742 0.688672 0.0404621 0.0529856
1 0.77934 0.919242 0.243529 0.140848
