0 0.754923 0.927709 0.316138 0.143192
0 0.982217 0.648905 0.0320805 0.0364627
0 0.626073 0.712561 0.0439309 0.0333655
0 0.484655 0.624012 0.0383017 0.0374298
0 0.618298 0.71096 0.0588625 0.0382726
0 0.94347 0.678215 0.0454128 0.0368229
0 0.418111 0.613736 0.0387045 0.0323115
0 0.428541 0.673075 0.044549 0.0325193
0 0.633704 0.714395 0.0354394 0.0316073
0 0.136993 0.976309 0.150692 0.0473816
1 0.67342 0.696873 0.0414617 0.0470912
0 0.411415 0.676517 0.041361 0.0317838
0 0.604552 0.716106 0.0643002 0.0419062
0 0.617478 0.722178 0.0438074 0.035819
0 0.979975 0.651647 0.0390255 0.0351346
0 0.384979 0.679915 0.0509703 0.0352549
0 0.896012 0.678765 0.0478476 0.0370037
0 0.611525 0.720528 0.0584833 0.0410093
0 0.402297 0.677231 0.0611244 0.0345233
0 0.743605 0.947692 0.373011 0.10225
0 0.465246 0.628248 0.0439596 0.0396319
0 0.593706 0.717029 0.0915101 0.0427518
0 0.395251 0.617594 0.0321378 0.0276605
0 0.553826 0.716934 0.0373096 0.033094
0 0.378508 0.679653 0.035983 0.0331785
0 0.900814 0.682714 0.0592323 0.0377505
0 0.595361 0.713232 0.0737846 0.0420741
0 0.621101 0.738338 0.0466844 0.0416032
0 0.958431 0.697665 0.049016 0.0417836
0 0.397786 0.690563 0.0465259 0.0345989
0 0.384121 0.622841 0.0363022 0.0323395
0 0.459596 0.63321 0.0400311 0.0426596
0 0.983521 0.656695 0.0279079 0.0335716
0 0.604428 0.736918 0.0823572 0.0490668
0 0.567646 0.735317 0.0771029 0.0438805
0 0.558635 0.731123 0.0573643 0.0377678
0 0.452081 0.631027 0.050654 0.0428978
0 0.390584 0.62412 0.0537151 0.0357605
0 0.87595 0.594652 0.0466417 0.032
0 0.972068 0.726015 0.0545805 0.0515381
0 0.596042 0.796464 0.134299 0.0656237
0 0.355093 0.728556 0.0571716 0.0425837
0 0.632022 0.802351 0.0632361 0.0606486
0 0.349314 0.640133 0.0383015 0.034702
0 0.314445 0.731111 0.0365115 0.0339404
0 0.578459 0.793203 0.125102 0.0609461
0 0.966551 0.723426 0.0668985 0.0467051
0 0.620979 0.799489 0.0848387 0.060783
0 0.319925 0.734917 0.0511351 0.0367981
0 0.28053 0.817464 0.11272 0.0550393
0 0.637749 0.941507 0.257733 0.10619
0 0.26414 0.821196 0.104942 0.0600403
0 0.413154 0.693907 0.0550592 0.0442537
0 0.266768 0.86494 0.14633 0.0760187
0 0.394928 0.59089 0.0340908 0.0303337
0 0.426599 0.70919 0.053416 0.0426539
0 0.671012 0.984741 0.154125 0.0305178
0 0.432541 0.61207 0.0347683 0.0312439
0 0.272995 0.858205 0.116555 0.069809
0 0.411986 0.750395 0.0915822 0.0547236
0 0.200884 0.967827 0.249128 0.0643461
0 0.425707 0.751921 0.0636673 0.054541
0 0.325513 0.713318 0.0868055 0.0655307
0 0.400118 0.754303 0.121957 0.0527
0 0.428177 0.695867 0.0408325 0.0397143
0 0.906296 0.626502 0.0592236 0.0354317
0 0.377441 0.756407 0.0561635 0.0467089
0 0.337968 0.866997 0.177113 0.0852117
0 0.930627 0.645122 0.0388241 0.0331749
0 0.362626 0.6125 0.0435224 0.0307017
0 0.977696 0.644671 0.0295918 0.0293851
0 0.292298 0.805957 0.229056 0.151897
0 0.459657 0.641711 0.0473404 0.0339556
0 0.36095 0.758818 0.0973754 0.0501676
0 0.353082 0.613461 0.0480224 0.0315992
0 0.197554 0.904344 0.346224 0.180833
0 0.151283 0.909462 0.273907 0.166388
0 0.341509 0.627954 0.0416388 0.0309301
0 0.379627 0.672136 0.0404417 0.0402008
0 0.616201 0.64511 0.0411424 0.0404981
0 0.404336 0.719704 0.0631095 0.0562487
0 0.245028 0.662566 0.0369233 0.0324916
0 0.386637 0.719429 0.09886 0.0577288
0 0.336817 0.7254 0.0874082 0.0552943
0 0.251321 0.661356 0.0496987 0.0337733
0 0.656466 0.664805 0.0559439 0.0468229
0 0.373659 0.761315 0.141152 0.0767558
0 0.364553 0.758268 0.189425 0.0759015
0 0.268236 0.675948 0.0509965 0.0381709
0 0.325522 0.767711 0.11122 0.0707305
0 0.227336 0.682356 0.040425 0.0295553
0 0.403166 0.764364 0.0762141 0.0691442
0 0.305946 0.673736 0.0392153 0.0338881
0 0.663599 0.670568 0.0470841 0.048348
0 0.306991 0.783767 0.129256 0.0844257
0 0.29132 0.681046 0.0307032 0.0287525
0 0.359302 0.778985 0.142638 0.0799062
0 0.200629 0.694278 0.0506058 0.0368393
0 0.651543 0.671378 0.0727627 0.0425939
0 0.257053 0.681435 0.0544074 0.0370206
0 0.329586 0.780749 0.183396 0.082335
0 0.213715 0.691279 0.062947 0.0370847
0 0.388715 0.782157 0.0795572 0.0726646
0 0.640348 0.669932 0.0564246 0.0378972
0 0.280492 0.680731 0.0503998 0.033492
0 0.649801 0.667223 0.0605047 0.0412177
0 0.633916 0.665466 0.0427219 0.0348225
0 0.272899 0.92031 0.317685 0.155653
0 0.744559 0.727278 0.125189 0.0654202
0 0.252441 0.734948 0.0589164 0.0486855
0 0.137955 0.759707 0.0714599 0.0445908
0 0.213934 0.739601 0.120426 0.0580681
0 0.789852 0.734516 0.0566432 0.0499722
0 0.233643 0.735016 0.102662 0.0540133
0 0.764411 0.72927 0.111982 0.062288
0 0.727692 0.724546 0.121329 0.0571283
0 0.157272 0.755432 0.09301 0.0490463
0 0.190928 0.744646 0.118018 0.0552612
0 0.834246 0.797902 0.163108 0.092495
0 0.145887 0.807673 0.161632 0.0826586
0 0.81255 0.79969 0.1431 0.0807
0 0.158569 0.804044 0.122729 0.0710726
0 0.122035 0.815102 0.174486 0.0964226
0 0.0816559 0.832779 0.156483 0.0731789
0 0.907401 0.917492 0.178718 0.151999
0 0.037758 0.924694 0.0755161 0.129598
1 0.904291 0.755087 0.115744 0.0544604
1 0.654197 0.725213 0.0667285 0.0548696
1 0.64378 0.727637 0.0741541 0.0567396
1 0.592333 0.720677 0.091748 0.0550521
1 0.603718 0.715939 0.0759865 0.0608894
1 0.574446 0.715823 0.0732205 0.0519277
1 0.582749 0.721009 0.0844814 0.054361
1 0.561039 0.715242 0.0654936 0.0503672
1 0.605526 0.751768 0.104893 0.0639534
1 0.598886 0.744262 0.0948668 0.0611829
1 0.621919 0.744493 0.101556 0.0644264
1 0.583782 0.74168 0.0654993 0.0590071
1 0.611747 0.746174 0.13612 0.0701326
1 0.629775 0.849226 0.128157 0.0943504
1 0.655978 0.84654 0.12362 0.101147
1 0.602641 0.840949 0.0682408 0.0664619
1 0.630198 0.921611 0.206756 0.146665
0 0.887635 0.830551 0.187996 0.0950615
0 0.871019 0.831155 0.229071 0.114259
0 0.816801 0.814465 0.0999142 0.0723969
0 0.805703 0.806664 0.0773596 0.0593983
0 0.798939 0.834889 0.187005 0.100064
0 0.732789 0.819518 0.0943623 0.0714569
0 0.650529 0.8166 0.1707 0.10307
0 0.584914 0.809212 0.0810268 0.065344
0 0.842238 0.960815 0.159294 0.0783701
0 0.572445 0.804784 0.053416 0.0570976
0 0.543197 0.814505 0.167547 0.104765
0 0.75129 0.602702 0.0556688 0.0523097
0 0.740555 0.604522 0.0758148 0.0534838
0 0.778849 0.948507 0.310895 0.100525
0 0.85817 0.654503 0.0413853 0.0464732
0 0.483014 0.812409 0.0917523 0.07145
0 0.978746 0.646669 0.0386728 0.0420766
0 0.438268 0.815461 0.172487 0.104209
0 0.654643 0.940826 0.24033 0.118349
0 0.371298 0.816041 0.076451 0.0660545
0 0.744208 0.645176 0.0420952 0.0383308
0 0.363429 0.849048 0.211901 0.13195
0 0.604237 0.602599 0.0430195 0.052212
0 0.648124 0.647118 0.0365218 0.0328672
0 0.307277 0.850193 0.0866454 0.0790555
0 0.559148 0.968019 0.152751 0.0634551
0 0.811069 0.636867 0.0373129 0.0366325
0 0.378373 0.870871 0.220879 0.151589
0 0.844631 0.642799 0.0460815 0.0385714
0 0.627501 0.602788 0.052825 0.0511288
1 0.77525 0.630356 0.045273 0.0533468
0 0.670807 0.652709 0.0340545 0.031249
0 0.726029 0.650833 0.0489651 0.0520921
0 0.308893 0.868086 0.0754435 0.077344
0 0.589933 0.982066 0.194471 0.0358687
0 0.982453 0.672303 0.0291512 0.032297
0 0.437236 0.941445 0.322233 0.10629
0 0.850501 0.685159 0.0558796 0.0448175
0 0.778408 0.680355 0.0401472 0.035481
0 0.453098 0.944939 0.224467 0.0976659
1 0.907783 0.66093 0.0429279 0.0485546
0 0.829168 0.686207 0.0929598 0.0453537
1 0.902102 0.657138 0.0440969 0.0488843
0 0.784013 0.684267 0.0567875 0.0392305
0 0.318676 0.980347 0.0930882 0.0380328
0 0.794284 0.686494 0.0895983 0.0396914
1 0.832245 0.650161 0.044705 0.0500135
0 0.938071 0.665543 0.039814 0.0366254
0 0.386951 0.945126 0.325281 0.0988878
0 0.783319 0.677677 0.0518141 0.0477711
0 0.921801 0.663744 0.0555897 0.0350371
0 0.721748 0.678962 0.0550857 0.0372833
0 0.257952 0.983577 0.0912881 0.0326385
0 0.376713 0.954406 0.250908 0.0827822
0 0.911019 0.663704 0.0410316 0.0325303
0 0.715998 0.677366 0.0411487 0.0361303
0 0.411075 0.946722 0.227216 0.106555
0 0.890418 0.65918 0.0396538 0.0357491
0 0.744344 0.679612 0.0484167 0.0415588
1 0.796626 0.655561 0.0365603 0.0430181
0 0.880533 0.6592 0.0585136 0.0365972
0 0.34188 0.947553 0.322047 0.0953321
1 0.792326 0.651759 0.0419689 0.0483266
0 0.330712 0.955035 0.222331 0.0821203
0 0.737312 0.677086 0.0617487 0.0465611
0 0.676077 0.673234 0.0428776 0.0383069
0 0.224948 0.984859 0.110153 0.0298907
0 0.859772 0.659118 0.0440731 0.0339226
0 0.75016 0.682004 0.0393526 0.0417564
0 0.369493 0.948697 0.222453 0.101148
0 0.84699 0.673609 0.0339581 0.0344343
0 0.693466 0.698415 0.0475142 0.0442626
0 0.806318 0.67116 0.0324594 0.032992
0 0.68678 0.696615 0.0623894 0.0483373
0 0.970823 0.615197 0.0359669 0.0348217
0 0.505089 0.608944 0.0254476 0.0310499
0 0.61443 0.691406 0.0444931 0.0387703
0 0.556899 0.636726 0.0358397 0.0296494
0 0.834439 0.672914 0.0547268 0.0387184
0 0.554337 0.610558 0.0369795 0.0497999
0 0.578864 0.631983 0.0348431 0.0333703
0 0.833043 0.805424 0.220875 0.093431
0 0.631297 0.67612 0.0599439 0.0344887
0 0.795656 0.804807 0.173385 0.0756382
0 0.884326 0.806309 0.0671431 0.069059
0 0.574717 0.634158 0.0303391 0.0325536
0 0.650113 0.676345 0.0433841 0.0329267
1 0.808547 0.698808 0.0338709 0.045358
0 0.583004 0.630219 0.0472412 0.0356817
1 0.806006 0.692913 0.0316092 0.0398501
0 0.908733 0.90542 0.181513 0.148993
0 0.702174 0.711673 0.0390661 0.0394716
0 0.604987 0.648485 0.042371 0.0334333
0 0.600159 0.650566 0.0351516 0.0301633
0 0.690297 0.712529 0.0646534 0.0422663
0 0.720307 0.612596 0.0476511 0.0346942
0 0.788048 0.781873 0.089575 0.0533043
0 0.773269 0.691237 0.0351168 0.0329089
0 0.776974 0.785046 0.122278 0.054672
0 0.653788 0.679799 0.0471416 0.037601
0 0.802586 0.785437 0.0670567 0.0542531
0 0.668256 0.684768 0.0870926 0.0401474
0 0.660987 0.679539 0.066887 0.0380658
0 0.758074 0.776098 0.0716219 0.0452281
0 0.857169 0.624541 0.0331791 0.0308418
0 0.83698 0.900533 0.171169 0.088324
0 0.851638 0.640247 0.035804 0.0345586
0 0.658802 0.726571 0.103252 0.0588971
0 0.783498 0.735336 0.044091 0.0395819
0 0.677467 0.727073 0.152383 0.0574595
0 0.646392 0.721632 0.0758633 0.0572642
0 0.777116 0.731152 0.0574224 0.0436646
0 0.507076 0.872829 0.287032 0.156098
0 0.607589 0.677474 0.0858936 0.0533588
0 0.970302 0.647795 0.0504452 0.0382849
0 0.662367 0.664579 0.0546002 0.0441378
0 0.465221 0.912156 0.306772 0.168753
0 0.644974 0.672556 0.0434276 0.0410126
0 0.963228 0.647822 0.0551395 0.0365443
0 0.660034 0.702189 0.0703033 0.0539594
0 0.546205 0.732581 0.0497826 0.0381676
0 0.683687 0.796817 0.147307 0.0856012
0 0.677708 0.793371 0.199507 0.0816096
0 0.61178 0.894746 0.21306 0.0818914
0 0.582665 0.88405 0.181333 0.0823017
0 0.573711 0.878582 0.137044 0.0841131
0 0.552265 0.871279 0.0904218 0.0724424
0 0.604647 0.892573 0.210575 0.111643
0 0.605808 0.787645 0.0988379 0.063033
0 0.555017 0.955902 0.425642 0.0879089
0 0.921142 0.747865 0.142197 0.0561277
0 0.849689 0.736346 0.0981956 0.0537608
0 0.891813 0.742508 0.168325 0.0555092
0 0.945831 0.749709 0.0785084 0.0571299
0 0.866531 0.740133 0.149912 0.0547793
0 0.856407 0.73966 0.115471 0.0560089
0 0.87662 0.740149 0.0629633 0.0504817
0 0.783957 0.733276 0.0984224 0.0505567
0 0.850459 0.738983 0.158746 0.0595786
0 0.773618 0.726794 0.0747907 0.0468843
0 0.800287 0.736322 0.136923 0.0505407
0 0.825216 0.737006 0.12744 0.0530525
0 0.809996 0.733104 0.0637003 0.0582677
0 0.783954 0.733354 0.12386 0.0562749
0 0.722664 0.726245 0.0987114 0.0561087
0 0.739187 0.728001 0.146345 0.0542552
0 0.713622 0.722049 0.0762241 0.0537982
0 0.76901 0.730203 0.173703 0.0540799
0 0.791881 0.735111 0.066021 0.058109
0 0.775499 0.734649 0.0997905 0.0551043
0 0.706193 0.731202 0.107727 0.052574
0 0.691836 0.729149 0.0722197 0.0499001
0 0.726306 0.733215 0.142478 0.0511523
0 0.750906 0.733639 0.144615 0.0525698
0 0.75819 0.813407 0.150135 0.0833529
0 0.694471 0.806415 0.148903 0.0793104
0 0.747917 0.81157 0.207993 0.081057
0 0.675211 0.804681 0.108353 0.0776741
0 0.785768 0.817452 0.093471 0.0842595
0 0.75026 0.928051 0.339299 0.140504
0 0.938251 0.851545 0.123498 0.0715705
0 0.921257 0.854602 0.157487 0.063252
0 0.872509 0.860406 0.113864 0.0574326
0 0.701183 0.826133 0.138893 0.0749903
0 0.722718 0.822652 0.0937716 0.0752047
0 0.866728 0.899 0.259467 0.132443
0 0.374276 0.825048 0.13435 0.0757343
0 0.884952 0.713368 0.0488548 0.0405398
0 0.359882 0.834557 0.148819 0.0778116
0 0.788366 0.621393 0.0398461 0.0421057
0 0.726864 0.612325 0.0529619 0.0375905
0 0.838714 0.890673 0.224756 0.106176
0 0.396772 0.819638 0.0902222 0.0769571
0 0.73857 0.877835 0.251985 0.119661
0 0.259839 0.838114 0.154167 0.0790609
0 0.75768 0.697898 0.0409122 0.0397652
0 0.66952 0.611844 0.041787 0.0449252
0 0.264288 0.830651 0.124721 0.0721975
0 0.713755 0.874105 0.220181 0.0974715
0 0.240593 0.844539 0.172297 0.0846565
0 0.587345 0.65167 0.0608518 0.036662
0 0.748317 0.696041 0.0618078 0.040227
0 0.702621 0.694413 0.0384506 0.0350236
0 0.702152 0.695377 0.0436216 0.0392118
0 0.674726 0.871094 0.238581 0.11612
0 0.187826 0.850284 0.193988 0.0871089
0 0.197569 0.840141 0.144449 0.0795385
0 0.536238 0.650497 0.0576394 0.0343604
0 0.651672 0.86697 0.218322 0.0900172
0 0.621074 0.61287 0.0368567 0.0428097
0 0.652007 0.692217 0.042119 0.0332797
0 0.653141 0.580207 0.026639 0.0274684
0 0.165407 0.857617 0.164344 0.0854187
0 0.527313 0.647121 0.0418697 0.0341347
0 0.699621 0.917583 0.271645 0.135412
0 0.710228 0.708738 0.0414191 0.0384702
0 0.606402 0.615232 0.0670251 0.0458913
0 0.141909 0.901476 0.194083 0.106846
0 0.615771 0.617418 0.0504457 0.0467659
0 0.534284 0.658371 0.0637273 0.035805
0 0.590945 0.61727 0.0970378 0.0457762
0 0.653085 0.704613 0.0377342 0.0326249
0 0.700833 0.707896 0.0615448 0.0423177
0 0.118712 0.910352 0.230959 0.123659
0 0.582729 0.613261 0.0849611 0.0406792
0 0.738713 0.724228 0.0459452 0.044293
0 0.115482 0.938008 0.196352 0.106379
0 0.631446 0.622132 0.0449288 0.0427521
0 0.733159 0.943853 0.342016 0.103284
0 0.595575 0.619802 0.084189 0.0469626
0 0.721207 0.72457 0.0818813 0.0465286
0 0.587172 0.616907 0.0724568 0.0403475
0 0.526409 0.665582 0.0337421 0.0321363
0 0.615505 0.62304 0.0770304 0.0467222
0 0.574592 0.613432 0.042041 0.034407
0 0.674642 0.717046 0.0382423 0.0320689
0 0.688484 0.940317 0.316597 0.119366
0 0.0823966 0.940691 0.162268 0.104123
0 0.688753 0.717548 0.0591285 0.0459836
0 0.553414 0.618953 0.0736664 0.0469348
0 0.597793 0.621181 0.0359425 0.0425705
0 0.637174 0.71416 0.0492302 0.0350972
0 0.538072 0.61351 0.0458894 0.0362528
0 0.487784 0.665027 0.0338818 0.0317495
0 0.495799 0.66504 0.0495369 0.0336614
0 0.6663 0.717135 0.0980453 0.0427453
0 0.737318 0.750755 0.0623331 0.0512606
0 0.728121 0.753107 0.0827528 0.0554621
0 0.53537 0.684244 0.038801 0.032682
0 0.52728 0.683492 0.0560804 0.0348513
0 0.550758 0.620808 0.0389004 0.0320362
0 0.709723 0.751952 0.119679 0.0521886
0 0.618651 0.631212 0.0399769 0.0423673
0 0.55648 0.623315 0.0532038 0.0366038
0 0.718831 0.748152 0.0847958 0.0478228
0 0.749262 0.831998 0.173216 0.0783478
0 0.52165 0.722762 0.0457212 0.0407786
0 0.512951 0.724666 0.0635213 0.0417229
0 0.590242 0.65032 0.083111 0.0530993
0 0.73901 0.82467 0.154715 0.060287
0 0.500137 0.724728 0.0868669 0.0425133
0 0.795634 0.853822 0.149085 0.0836984
0 0.532726 0.733608 0.06064 0.0492254
0 0.748808 0.847135 0.110633 0.0648321
0 0.827101 0.861166 0.0905194 0.0793396
0 0.509914 0.72989 0.074736 0.0394561
0 0.77133 0.850602 0.16987 0.067229
0 0.551226 0.642229 0.0454489 0.0382874
0 0.499593 0.732127 0.0529685 0.0382978
0 0.518054 0.734183 0.0897143 0.0473635
0 0.566534 0.824626 0.124238 0.059331
0 0.701529 0.707901 0.0520197 0.0402943
0 0.611672 0.672621 0.0832272 0.0524113
0 0.588927 0.825443 0.0756477 0.0626403
0 0.644285 0.591805 0.0385988 0.0318212
0 0.736189 0.615619 0.0361256 0.0292503
0 0.674134 0.762478 0.076483 0.0529096
0 0.659708 0.702128 0.0452165 0.0393917
0 0.56743 0.717588 0.110226 0.0716286
0 0.536591 0.966648 0.273995 0.0667032
0 0.634126 0.76347 0.0980568 0.0506658
0 0.466954 0.737365 0.114739 0.0825816
0 0.56604 0.788146 0.12019 0.0590205
0 0.564784 0.71706 0.0463114 0.0449179
0 0.561814 0.787437 0.166403 0.061466
0 0.580641 0.785264 0.0874356 0.0582798
0 0.410475 0.800046 0.100621 0.0597888
0 0.40635 0.724789 0.0389032 0.0377922
0 0.865329 0.626185 0.0585382 0.0356097
0 0.293702 0.755445 0.124609 0.0928501
0 0.98168 0.635477 0.0321461 0.0300873
0 0.4241 0.797453 0.0687833 0.0650194
0 0.387985 0.633422 0.0352092 0.0323199
0 0.0438883 0.855603 0.0877765 0.0701782
0 0.0303978 0.768338 0.0607957 0.0517854
0 0.974707 0.826735 0.0505866 0.0579501
0 0.642668 0.616454 0.0474916 0.0349561
0 0.9462 0.723272 0.1076 0.0551175
0 0.962511 0.724973 0.0749771 0.056041
0 0.932208 0.720741 0.0823799 0.0479759
0 0.0253186 0.773367 0.0489492 0.0568871
0 0.831876 0.811271 0.129753 0.0693614
0 0.476699 0.612289 0.0404587 0.0325305
0 0.818648 0.704901 0.0554836 0.0471519
0 0.741084 0.697107 0.0907662 0.0499901
0 0.806832 0.807851 0.154085 0.0645428
0 0.807549 0.706779 0.0724207 0.0511299
0 0.851081 0.813025 0.086755 0.0654514
0 0.681529 0.696394 0.0462775 0.0445586
0 0.354171 0.614436 0.0336888 0.0304682
0 0.665476 0.79417 0.169706 0.0675364
1 0.266945 0.622427 0.0392514 0.0293681
0 0.982019 0.712774 0.0328651 0.0349948
0 0.687913 0.791354 0.0964312 0.0677506
0 0.948522 0.709874 0.0425999 0.0352448
0 0.654402 0.788359 0.124215 0.0588648
1 0.274764 0.620761 0.0290792 0.0266459
0 0.954816 0.710747 0.0635262 0.0362544
1 0.258931 0.62353 0.0450006 0.0315089
0 0.852134 0.696115 0.0363968 0.0365681
0 0.566415 0.688873 0.0481604 0.0396523
0 0.572948 0.782489 0.0856515 0.0616722
1 0.237281 0.62168 0.0377674 0.0384204
0 0.561312 0.787166 0.12435 0.0626769
0 0.128538 0.627818 0.0567126 0.0362602
0 0.808832 0.693876 0.0379437 0.0333972
0 0.846933 0.696805 0.0501747 0.0403193
0 0.481956 0.687218 0.0493492 0.0416089
0 0.486219 0.780017 0.0853184 0.058711
0 0.756037 0.687127 0.0375719 0.0341956
0 0.138621 0.623829 0.0369217 0.0313919
0 0.470587 0.784534 0.125085 0.059031
0 0.714226 0.684144 0.0330881 0.0308052
0 0.977342 0.699837 0.0453165 0.0546397
0 0.473307 0.690341 0.0648871 0.0460007
0 0.962705 0.700289 0.0745905 0.0518885
0 0.40159 0.688915 0.0439793 0.0426989
0 0.663362 0.681695 0.0391928 0.0310412
0 0.657208 0.680188 0.0522655 0.034406
0 0.381222 0.788381 0.139334 0.0636445
0 0.399008 0.782621 0.0846272 0.06008
0 0.353062 0.78282 0.0927499 0.0526077
0 0.644946 0.679521 0.0608137 0.0347224
0 0.896854 0.694467 0.195103 0.0550911
0 0.390898 0.689494 0.0407623 0.0425463
0 0.65103 0.681168 0.0396992 0.030898
0 0.644515 0.680074 0.0532043 0.0343862
0 0.365247 0.793434 0.169187 0.0689793
0 0.384756 0.692881 0.0500415 0.0465932
0 0.354189 0.788926 0.122862 0.0605265
0 0.632509 0.679626 0.0594482 0.0344091
0 0.883109 0.694569 0.193163 0.0559107
0 0.376968 0.697388 0.0434521 0.0469251
0 0.652603 0.689241 0.0345416 0.0352885
0 0.355254 0.806467 0.129268 0.0648319
0 0.331033 0.81051 0.13413 0.0630514
0 0.954044 0.698288 0.057902 0.0489932
0 0.612404 0.687597 0.0342176 0.0307635
0 0.322476 0.806246 0.104806 0.0588122
0 0.368096 0.803155 0.0957932 0.0635516
0 0.306259 0.804082 0.0721214 0.0535248
0 0.365926 0.700126 0.063988 0.0516838
0 0.880604 0.698805 0.100955 0.0481344
0 0.07034 0.645786 0.0505484 0.0390223
0 0.360629 0.92031 0.182093 0.106686
0 0.746391 0.730166 0.055422 0.0470369
0 0.411485 0.738848 0.0620933 0.0582128
0 0.974774 0.729428 0.0504517 0.0432442
0 0.321106 0.745022 0.0974588 0.0548368
0 0.396286 0.740775 0.0911319 0.0626503
0 0.707432 0.729245 0.0610631 0.0378095
0 0.378097 0.747061 0.131349 0.0732394
0 0.345713 0.744675 0.15092 0.0614691
0 0.311012 0.935137 0.203134 0.118331
0 0.706964 0.730808 0.0552297 0.0470016
0 0.0206442 0.653499 0.0412883 0.0392015
0 0.957443 0.737544 0.0851144 0.0613976
0 0.338771 0.750508 0.12058 0.0674614
0 0.266593 0.753057 0.0842116 0.0552611
0 0.283566 0.753934 0.123513 0.058238
0 0.331098 0.756633 0.155696 0.0707225
0 0.666782 0.73352 0.0569838 0.0395465
0 0.687035 0.731271 0.097196 0.0455967
0 0.967152 0.739145 0.0656965 0.0692891
0 0.296242 0.9376 0.204617 0.121764
0 0.695681 0.730203 0.0570919 0.046565
0 0.33094 0.754885 0.117703 0.0641452
0 0.958556 0.742099 0.0828886 0.0688197
0 0.942748 0.739936 0.114503 0.064812
0 0.3234 0.764988 0.141314 0.0794774
0 0.011627 0.656408 0.0232541 0.0472356
0 0.656337 0.733028 0.0560958 0.0381451
0 0.259959 0.753937 0.0997421 0.0581711
0 0.793859 0.797147 0.0619467 0.0570694
0 0.775199 0.796972 0.107728 0.0537231
0 0.768505 0.796355 0.153488 0.0571276
0 0.747584 0.79591 0.0928703 0.0539504
0 0.282645 0.835044 0.238667 0.105856
0 0.276961 0.830617 0.225667 0.0772453
0 0.737409 0.790783 0.0705134 0.0497506
0 0.755297 0.807205 0.125358 0.0598391
0 0.779374 0.808766 0.0705866 0.0587613
0 0.26833 0.848235 0.220823 0.0933277
0 0.738275 0.804692 0.09647 0.0572189
0 0.207322 0.852185 0.169775 0.0851425
0 0.246349 0.857179 0.260423 0.111083
0 0.172514 0.891924 0.277936 0.125184
0 0.723076 0.825259 0.126038 0.0633708
0 0.707007 0.821956 0.101897 0.0591729
0 0.741028 0.824747 0.0907135 0.0660556
0 0.838326 0.922534 0.323348 0.152233
0 0.62781 0.902599 0.352208 0.163813
0 0.586439 0.896212 0.251927 0.147727
0 0.953127 0.757879 0.0937469 0.0561918
0 0.955107 0.749978 0.0880249 0.0504812
0 0.965652 0.756239 0.068375 0.0575572
0 0.481968 0.899075 0.321373 0.168968
0 0.446916 0.891916 0.243297 0.150257
0 0.798999 0.732965 0.0905875 0.0429414
0 0.925685 0.721121 0.14863 0.0553884
0 0.909945 0.728858 0.180111 0.0683736
0 0.281804 0.908988 0.336984 0.159053
0 0.615717 0.7127 0.0681828 0.0376916
0 0.753338 0.698065 0.058452 0.0515088
0 0.74267 0.697507 0.0819454 0.0481995
0 0.237656 0.913074 0.245728 0.155503
0 0.605637 0.712991 0.0432251 0.0378314
0 0.670244 0.71273 0.0626977 0.0600122
0 0.624558 0.716099 0.0844047 0.0415291
0 0.223007 0.913024 0.346683 0.157873
0 0.706013 0.695106 0.0543099 0.0490536
0 0.567063 0.712226 0.0690495 0.0378845
0 0.695287 0.694413 0.0795748 0.0475955
0 0.62124 0.706641 0.0644655 0.0664383
0 0.614859 0.710422 0.0690523 0.0546669
0 0.228023 0.934242 0.310181 0.130827
0 0.714248 0.708094 0.102403 0.0542557
0 0.704199 0.708485 0.137227 0.0579674
0 0.72945 0.707514 0.0732725 0.052904
0 0.680506 0.707752 0.115743 0.0600379
0 0.591126 0.734373 0.0850641 0.0415761
0 0.584468 0.72921 0.068616 0.0393267
0 0.178815 0.937627 0.325507 0.117605
0 0.208967 0.938046 0.326025 0.123908
0 0.699779 0.707979 0.115571 0.0563057
0 0.696638 0.709395 0.176475 0.0642087
0 0.716174 0.707069 0.0822247 0.0539436
0 0.580315 0.734858 0.0776455 0.0409452
0 0.669595 0.708221 0.108619 0.0592476
0 0.636184 0.721431 0.0712872 0.0724538
0 0.576707 0.729282 0.0627855 0.0397577
0 0.88704 0.871067 0.225289 0.128501
0 0.900739 0.869718 0.198522 0.107681
0 0.807229 0.933872 0.258421 0.120883
0 0.838364 0.854136 0.26417 0.12856
0 0.869209 0.856579 0.212951 0.112849
0 0.742088 0.937059 0.248903 0.123332
0 0.931726 0.759943 0.136547 0.0601535
0 0.918826 0.754741 0.116056 0.0542338
0 0.951016 0.758825 0.0979681 0.0606955
0 0.858103 0.743032 0.114026 0.0525673
0 0.870184 0.744073 0.0821621 0.0549311
0 0.785218 0.737274 0.102806 0.0524488
0 0.850154 0.741837 0.155226 0.0568952
0 0.772209 0.731705 0.0723684 0.0480759
0 0.802677 0.739878 0.153425 0.0531633
0 0.825329 0.738317 0.131552 0.0557795
0 0.806965 0.735538 0.0690855 0.0569875
0 0.721409 0.730392 0.102196 0.0525035
0 0.788458 0.734988 0.106457 0.0554295
0 0.710654 0.725002 0.076094 0.0501752
0 0.738124 0.732567 0.140872 0.0518532
0 0.763232 0.733723 0.145173 0.0519114
0 0.672805 0.801833 0.119546 0.0688525
0 0.758054 0.810454 0.125183 0.0843643
0 0.69468 0.803419 0.173206 0.0700186
0 0.736101 0.803112 0.20631 0.081341
0 0.776827 0.806605 0.0889092 0.0798729
0 0.65726 0.798266 0.0912905 0.0706322
0 0.587816 0.887249 0.261714 0.131937
0 0.573083 0.886862 0.219222 0.106003
0 0.584124 0.915916 0.287481 0.138382
0 0.955638 0.967228 0.0887243 0.0613556
0 0.722889 0.89629 0.20731 0.113227
0 0.805746 0.919823 0.300509 0.135724
0 0.755196 0.709803 0.0433239 0.0404516
0 0.174799 0.917434 0.276285 0.132236
0 0.632686 0.617797 0.0566759 0.0491257
0 0.624735 0.614403 0.0625849 0.0474332
0 0.570183 0.658139 0.056085 0.0346687
0 0.747272 0.708116 0.0550584 0.0442101
0 0.22015 0.911163 0.196382 0.127851
0 0.697778 0.70556 0.0388197 0.0335667
0 0.61099 0.61599 0.0858994 0.0472153
0 0.558908 0.659913 0.0643693 0.0361281
0 0.77346 0.916367 0.285266 0.133691
0 0.734036 0.70737 0.0422552 0.035834
0 0.153015 0.920227 0.265834 0.129308
0 0.608298 0.617247 0.0606642 0.0497912
0 0.722387 0.705662 0.0590927 0.0419133
0 0.545932 0.658439 0.0561794 0.0340281
0 0.18185 0.917224 0.195564 0.1171
0 0.596039 0.615918 0.0795302 0.0473146
0 0.671844 0.703542 0.0371224 0.0325857
1 0.802509 0.683795 0.0397158 0.0458519
0 0.535656 0.659671 0.0620214 0.0355937
