0 0.605221 0.719937 0.0512617 0.0407753
0 0.409425 0.676342 0.0360313 0.0313473
0 0.401846 0.676864 0.0517995 0.0327393
0 0.941874 0.684969 0.0420885 0.0392963
0 0.383606 0.679558 0.0567182 0.0351144
0 0.89371 0.680509 0.042243 0.0356
0 0.376376 0.679769 0.041233 0.0337969
0 0.980284 0.653549 0.0378996 0.0372943
0 0.728654 0.941419 0.366667 0.117161
0 0.464639 0.62778 0.0433245 0.0410796
0 0.594117 0.721274 0.0773571 0.0432302
0 0.597092 0.717647 0.0623164 0.0424749
0 0.395452 0.61779 0.0313689 0.0266413
0 0.548584 0.718025 0.0380857 0.0329854
0 0.460491 0.631911 0.0421469 0.0442397
0 0.952495 0.690935 0.0456879 0.0367518
0 0.39729 0.683478 0.0430714 0.0332937
0 0.608801 0.730851 0.0535583 0.0412956
1 0.664361 0.69445 0.0384819 0.0455569
0 0.391459 0.682681 0.0575073 0.0360282
0 0.903045 0.688382 0.050106 0.034789
0 0.899745 0.683826 0.0395702 0.033626
0 0.981621 0.655789 0.0313908 0.0321902
0 0.548942 0.729933 0.0536304 0.0376714
0 0.364172 0.683531 0.0353074 0.0327212
0 0.943476 0.690445 0.0609217 0.0375038
0 0.555377 0.733799 0.0708412 0.0407221
0 0.888786 0.594078 0.0433916 0.0328838
0 0.914418 0.689053 0.0695328 0.0369619
0 0.602348 0.727747 0.0646019 0.0468843
0 0.391719 0.620914 0.0436499 0.0316907
0 0.385615 0.619254 0.0321013 0.0294651
0 0.610203 0.737023 0.0556019 0.0501335
0 0.396767 0.690833 0.044348 0.0348091
0 0.385137 0.622961 0.0360177 0.0326108
0 0.460259 0.632975 0.0406084 0.0441743
0 0.589808 0.737152 0.0982891 0.0552533
0 0.982905 0.658049 0.0264915 0.0352589
0 0.958031 0.698189 0.0559547 0.041392
0 0.453149 0.63118 0.0509314 0.0437536
0 0.391642 0.624274 0.0523795 0.0358274
0 0.568202 0.735557 0.0929894 0.0469131
0 0.600447 0.830716 0.162315 0.0769346
0 0.349546 0.744581 0.0502222 0.041743
0 0.987349 0.734151 0.0253012 0.0447121
0 0.338412 0.745321 0.0761958 0.0429569
0 0.301231 0.747774 0.0382712 0.034326
0 0.30668 0.747354 0.0523294 0.03607
0 0.350992 0.645122 0.0432421 0.0354482
0 0.325724 0.747693 0.0957107 0.0433919
0 0.318333 0.751243 0.0778205 0.039462
0 0.35746 0.645972 0.061473 0.036289
0 0.359019 0.651025 0.0697509 0.038973
0 0.255566 0.834607 0.110884 0.0604059
0 0.323646 0.67326 0.0834395 0.0537904
0 0.404696 0.699223 0.0518444 0.0492644
0 0.246533 0.839746 0.14732 0.0631613
0 0.227025 0.841572 0.0959582 0.0624032
0 0.977517 0.624226 0.0338934 0.0355179
0 0.600186 0.965321 0.250354 0.0693584
1 0.829566 0.611962 0.0523308 0.0384633
0 0.325591 0.678874 0.0993443 0.0642122
0 0.220704 0.881987 0.157143 0.0787137
0 0.402657 0.714868 0.0543137 0.0461739
0 0.311358 0.687569 0.0768761 0.056516
0 0.419892 0.613367 0.0431096 0.0333356
0 0.388049 0.765192 0.0833238 0.0553286
0 0.294807 0.722683 0.0938991 0.0783722
0 0.372985 0.765478 0.120701 0.0565918
0 0.404473 0.70332 0.0433022 0.0407845
0 0.138674 0.981688 0.203575 0.0366235
0 0.423629 0.625296 0.0364532 0.0332499
0 0.348144 0.769108 0.0648835 0.0522497
0 0.279199 0.900272 0.181988 0.0928118
0 0.250808 0.825425 0.235242 0.152136
0 0.33792 0.772072 0.0889248 0.0576037
0 0.245776 0.805996 0.228433 0.10228
0 0.267568 0.888589 0.210173 0.144538
0 0.934828 0.64804 0.0380653 0.0315913
0 0.159713 0.916899 0.316158 0.154957
0 0.431475 0.678761 0.0431 0.0392176
0 0.120972 0.925265 0.241943 0.144489
0 0.426836 0.678704 0.0574634 0.0426448
0 0.415705 0.679622 0.0833336 0.0437663
0 0.601359 0.649179 0.0359373 0.0352132
0 0.378621 0.730487 0.0593927 0.0584059
0 0.310304 0.735321 0.10004 0.0596057
0 0.269025 0.659346 0.0492485 0.0354566
0 0.279087 0.658542 0.0380553 0.0326235
0 0.326173 0.73176 0.139143 0.0636114
0 0.286562 0.658103 0.0284752 0.0303482
0 0.357284 0.729623 0.113573 0.0595795
0 0.299141 0.733013 0.0738896 0.0592211
0 0.637054 0.665215 0.0529919 0.0423478
0 0.351129 0.765089 0.137485 0.0764519
0 0.285367 0.674058 0.038977 0.032516
0 0.300707 0.772226 0.115544 0.0737527
0 0.317958 0.767638 0.158717 0.0780485
0 0.367802 0.766994 0.0970552 0.0712982
0 0.204304 0.686781 0.0424646 0.0315008
0 0.385162 0.768144 0.0592841 0.0648407
0 0.267159 0.675392 0.0654797 0.0359329
0 0.278375 0.674542 0.051065 0.0343904
0 0.628076 0.663495 0.0537025 0.0389453
0 0.210588 0.683912 0.0498111 0.0339877
1 0.474881 0.663868 0.0287725 0.0385089
0 0.332954 0.761737 0.198252 0.0763341
0 0.635739 0.678418 0.0583763 0.0492142
0 0.262539 0.689139 0.0355208 0.0327432
0 0.175021 0.698636 0.0580933 0.0387482
0 0.630894 0.678736 0.0760469 0.0425434
0 0.268924 0.801412 0.142379 0.0883916
0 0.160805 0.703754 0.0396868 0.0325335
0 0.299718 0.796032 0.202149 0.0860867
1 0.53824 0.69587 0.0407324 0.0538951
0 0.200332 0.694058 0.0820162 0.0450717
0 0.211463 0.692072 0.0688777 0.0447477
0 0.332575 0.796184 0.119637 0.0805931
0 0.256799 0.687425 0.0479141 0.0364408
0 0.157457 0.929042 0.312754 0.141916
0 0.669936 0.727924 0.115246 0.065219
0 0.11516 0.7524 0.123872 0.0595075
0 0.129539 0.746436 0.116944 0.0500615
0 0.688018 0.727903 0.0929621 0.0638363
0 0.834191 0.801954 0.174709 0.0915607
0 0.15921 0.793824 0.142238 0.0734411
0 0.813239 0.80265 0.137379 0.0793393
0 0.140748 0.801815 0.155545 0.0864047
0 0.100305 0.815952 0.156232 0.0688951
0 0.182023 0.803226 0.1481 0.0809101
0 0.888848 0.82454 0.169161 0.0992076
0 0.197191 0.800703 0.115424 0.0722699
0 0.108897 0.831485 0.167954 0.0673971
0 0.213632 0.799516 0.0843865 0.0675987
0 0.158167 0.807645 0.190665 0.092322
0 0.132538 0.819151 0.206777 0.0809569
0 0.881163 0.830666 0.215967 0.115304
0 0.127233 0.884259 0.249676 0.134628
0 0.174572 0.866362 0.141593 0.110178
0 0.959546 0.891416 0.0809078 0.083551
0 0.944785 0.893029 0.11043 0.0812833
0 0.100608 0.892513 0.201216 0.097216
0 0.160164 0.872687 0.1906 0.126308
0 0.0823295 0.971431 0.103637 0.057139
1 0.710518 0.708581 0.074806 0.0543849
1 0.70413 0.711053 0.108271 0.0549187
1 0.635818 0.703891 0.0519655 0.0510206
1 0.626993 0.705719 0.0707741 0.0547874
1 0.599697 0.702219 0.067849 0.052341
1 0.6038 0.70479 0.0524041 0.0509701
1 0.61848 0.754157 0.0995985 0.0693692
1 0.63401 0.755048 0.0976898 0.0635745
1 0.660903 0.855115 0.149886 0.101162
1 0.600678 0.926744 0.209828 0.146511
0 0.887224 0.822977 0.198899 0.0987317
0 0.818069 0.813839 0.104933 0.0689468
0 0.806109 0.805903 0.0775753 0.0568136
0 0.927141 0.957686 0.134923 0.0846273
0 0.738494 0.812942 0.178624 0.095072
0 0.958743 0.613475 0.0510178 0.0538208
0 0.679937 0.805246 0.0980692 0.0736011
0 0.613017 0.802748 0.174474 0.0942746
0 0.855022 0.939135 0.289956 0.12173
0 0.818561 0.606135 0.0500259 0.052623
0 0.935415 0.657166 0.0493034 0.0386017
0 0.666194 0.935216 0.233626 0.129568
0 0.452676 0.805155 0.171684 0.0974162
0 0.760194 0.643855 0.0426831 0.0395795
0 0.661033 0.599754 0.0379693 0.0501447
0 0.395334 0.805032 0.0789725 0.0575661
1 0.870147 0.636572 0.0318539 0.040082
0 0.384802 0.803427 0.0578585 0.0537987
0 0.608372 0.935229 0.218041 0.128996
0 0.402529 0.807917 0.170224 0.101088
0 0.705469 0.639452 0.0399961 0.0389954
0 0.344992 0.811424 0.0938726 0.0687431
1 0.753515 0.624353 0.034168 0.0387085
0 0.806403 0.631542 0.0353076 0.0340932
0 0.568111 0.934682 0.218156 0.130636
0 0.367915 0.810366 0.176555 0.105157
0 0.672937 0.639764 0.035892 0.0352005
0 0.770397 0.629864 0.0321995 0.0337944
1 0.715408 0.61783 0.0353652 0.039269
0 0.29754 0.811869 0.0747229 0.0613622
0 0.5823 0.594518 0.0402109 0.0462044
0 0.622322 0.641967 0.0402494 0.031115
0 0.346258 0.85461 0.216457 0.141623
0 0.597751 0.603453 0.0423998 0.0530342
0 0.806483 0.637686 0.0360804 0.0345973
0 0.691282 0.645495 0.0444828 0.0462575
0 0.282549 0.860931 0.0843753 0.0775698
0 0.337532 0.857669 0.214581 0.145195
0 0.592755 0.60343 0.0441417 0.0511426
0 0.80195 0.63905 0.0339417 0.032873
0 0.271159 0.86329 0.0769031 0.0747098
0 0.685385 0.645962 0.0473936 0.0445432
0 0.544419 0.9722 0.227671 0.0556009
0 0.396643 0.940562 0.304685 0.118876
0 0.439502 0.941172 0.201307 0.11729
0 0.947832 0.667408 0.0326015 0.0317261
0 0.978361 0.66843 0.0408592 0.0395289
0 0.954444 0.667993 0.040836 0.0327304
0 0.75234 0.679026 0.0417528 0.035442
0 0.825774 0.683384 0.0539541 0.0458229
0 0.757544 0.680365 0.0563524 0.0358551
0 0.820635 0.677686 0.0561073 0.0533539
1 0.786427 0.611472 0.0309065 0.0481037
1 0.822618 0.649887 0.0466518 0.0502871
1 0.828044 0.655485 0.051255 0.0601888
0 0.775788 0.678938 0.0549382 0.0458298
0 0.394163 0.949362 0.21319 0.0988365
0 0.708578 0.678205 0.0420913 0.0356237
0 0.931533 0.665581 0.0397831 0.035891
0 0.360503 0.957463 0.218674 0.0748606
0 0.920476 0.664201 0.0536522 0.0357953
0 0.372232 0.9502 0.33188 0.0928635
0 0.78564 0.684642 0.0374143 0.0424418
0 0.907563 0.664186 0.0436665 0.0328489
0 0.899979 0.664293 0.0323421 0.0303513
0 0.732069 0.679577 0.0490294 0.0414577
0 0.877251 0.65841 0.0451397 0.0373632
0 0.867617 0.659033 0.061795 0.0368273
1 0.784505 0.654002 0.036588 0.0426735
0 0.34397 0.949569 0.215322 0.0988286
0 0.718657 0.677754 0.0798199 0.0444018
0 0.320382 0.956814 0.224138 0.0763171
0 0.664611 0.673858 0.0451766 0.038561
0 0.847915 0.65933 0.0453108 0.0340777
0 0.33776 0.949389 0.330826 0.0918732
0 0.877952 0.661944 0.0451401 0.038489
1 0.788622 0.654537 0.0329046 0.0438749
0 0.867266 0.661487 0.0658001 0.0404317
0 0.736377 0.67975 0.0431244 0.0439156
0 0.344192 0.958503 0.166684 0.0795293
0 0.670357 0.678959 0.0580839 0.0376403
0 0.665058 0.67742 0.0428109 0.0364953
0 0.330396 0.956023 0.2268 0.0832273
0 0.885275 0.662218 0.0332809 0.0395281
0 0.308049 0.963332 0.187095 0.0678001
0 0.689321 0.6573 0.0357784 0.0313745
0 0.847064 0.747294 0.131859 0.0712044
0 0.87643 0.747253 0.0642689 0.0539813
0 0.864952 0.745148 0.0882893 0.0589366
0 0.807542 0.745874 0.154496 0.0541822
1 0.559603 0.73367 0.0245352 0.0348096
0 0.931618 0.820717 0.136764 0.0860217
0 0.770685 0.683228 0.0440205 0.032955
0 0.759495 0.681263 0.053738 0.0331627
0 0.751556 0.681231 0.0392962 0.0321765
0 0.927795 0.809964 0.131672 0.0797529
0 0.5913 0.631394 0.0371556 0.0342214
0 0.648572 0.676094 0.0470601 0.0327464
0 0.867671 0.802868 0.229699 0.0919272
0 0.840033 0.802553 0.234444 0.0802656
0 0.824929 0.803997 0.165738 0.0757814
0 0.915922 0.880433 0.16535 0.136274
0 0.681582 0.699372 0.0348978 0.0309128
0 0.724179 0.608397 0.0330376 0.0308253
0 0.712129 0.700598 0.0346875 0.0319458
0 0.68935 0.699236 0.0504038 0.0332635
0 0.665922 0.639933 0.0384007 0.0382309
0 0.612862 0.647687 0.0367842 0.0353533
0 0.784287 0.606245 0.0280252 0.0299587
0 0.776258 0.766753 0.0658247 0.0486626
0 0.629829 0.673653 0.036893 0.0359408
0 0.741961 0.681896 0.0353329 0.030174
0 0.763059 0.768451 0.099382 0.0532491
0 0.820201 0.619536 0.0387169 0.0305995
0 0.755264 0.622819 0.0494713 0.0340482
0 0.735238 0.679099 0.0424689 0.0324463
0 0.633704 0.674258 0.0476355 0.0412142
0 0.73535 0.761306 0.057837 0.0420226
0 0.695627 0.823773 0.11808 0.0636403
0 0.559764 0.701043 0.084103 0.0523933
0 0.71434 0.825682 0.0884003 0.061194
0 0.664667 0.704376 0.046555 0.0381503
0 0.549872 0.697326 0.0625465 0.0501551
0 0.737202 0.625003 0.0282251 0.0293093
0 0.675222 0.817597 0.0794813 0.0654875
0 0.60282 0.874803 0.277712 0.15582
0 0.755095 0.670551 0.0521061 0.043676
0 0.746085 0.67077 0.0731968 0.0475945
0 0.571163 0.915179 0.320986 0.160914
0 0.722695 0.677705 0.0532709 0.0428613
0 0.527749 0.91142 0.218351 0.168071
0 0.7497 0.71111 0.0801491 0.0563123
0 0.74017 0.712954 0.108703 0.0679169
0 0.758822 0.76746 0.14711 0.0852694
0 0.771959 0.764855 0.112879 0.0748001
0 0.707295 0.830411 0.2144 0.0663488
0 0.74839 0.778531 0.162852 0.108278
0 0.835882 0.940273 0.324099 0.119453
0 0.808775 0.956276 0.38245 0.0874479
0 0.591312 0.939266 0.39944 0.121469
0 0.97201 0.739499 0.0559761 0.0558684
0 0.504996 0.953488 0.399944 0.0893225
0 0.864939 0.725458 0.0588161 0.0461953
0 0.78534 0.721448 0.115084 0.047013
0 0.837965 0.726487 0.134555 0.0540403
0 0.855216 0.72531 0.0810955 0.0510663
0 0.770241 0.713489 0.074992 0.0431168
0 0.816261 0.725851 0.201961 0.0556104
0 0.810783 0.722452 0.13685 0.0505402
0 0.338881 0.958153 0.391406 0.0836938
0 0.832766 0.71876 0.0702789 0.0476362
0 0.761583 0.719346 0.115218 0.0463064
0 0.82054 0.720853 0.101192 0.0498032
0 0.298289 0.957238 0.381542 0.0855235
0 0.745543 0.716778 0.0699453 0.0439554
0 0.747232 0.766092 0.10417 0.0654554
0 0.827177 0.773019 0.116531 0.0619909
0 0.766376 0.768238 0.146027 0.0632078
0 0.840603 0.775525 0.0854855 0.0656938
0 0.812361 0.770473 0.167595 0.0620435
1 0.724741 0.91569 0.0345818 0.0425499
0 0.734167 0.762561 0.0798147 0.0628774
0 0.737229 0.855648 0.253632 0.117513
0 0.701854 0.852672 0.198365 0.0963844
0 0.857186 0.901256 0.269663 0.138168
0 0.885061 0.713568 0.0485748 0.0415058
0 0.364184 0.819585 0.131781 0.0708921
0 0.355757 0.827221 0.155841 0.0741516
0 0.38003 0.813273 0.100958 0.0711838
0 0.798795 0.621744 0.0377668 0.0419365
0 0.741214 0.611495 0.06078 0.0393514
0 0.276409 0.856418 0.0823031 0.0596128
0 0.873378 0.711343 0.0740521 0.0397354
0 0.708308 0.657712 0.0520606 0.0350133
0 0.770357 0.89168 0.263622 0.126938
0 0.800986 0.705238 0.0478089 0.0429887
0 0.281733 0.834992 0.149604 0.0747893
0 0.704286 0.615468 0.0688406 0.0455119
0 0.289109 0.827698 0.119631 0.0667061
0 0.636056 0.655969 0.0426575 0.0334915
0 0.686502 0.617965 0.106532 0.0462652
0 0.66343 0.61193 0.0503088 0.0363248
0 0.713773 0.617705 0.0500789 0.0464019
0 0.691823 0.891863 0.250922 0.128119
0 0.732198 0.701588 0.0462278 0.0444569
0 0.189626 0.854631 0.197338 0.0811401
0 0.678293 0.696716 0.0521332 0.0343725
0 0.641857 0.613239 0.0484921 0.0452527
0 0.724776 0.699324 0.0591045 0.0438254
0 0.19994 0.846127 0.164327 0.0787211
0 0.643906 0.889763 0.249499 0.128761
0 0.681146 0.698 0.0415124 0.039023
0 0.137691 0.864583 0.180829 0.089194
0 0.60386 0.612412 0.0419168 0.0433372
0 0.632797 0.696249 0.0485004 0.0353834
0 0.14581 0.856973 0.147903 0.0786044
0 0.672699 0.69655 0.0592079 0.0393384
0 0.10927 0.872137 0.218539 0.0920893
0 0.522713 0.653229 0.0510815 0.0334223
0 0.639276 0.699541 0.0652629 0.0380641
0 0.601041 0.882461 0.238682 0.129462
0 0.0944878 0.874819 0.170566 0.0946645
0 0.985195 0.68774 0.0267952 0.0395912
0 0.638711 0.696827 0.0507809 0.0415154
0 0.485755 0.654106 0.0487907 0.0328679
0 0.567212 0.611764 0.0420477 0.0410973
0 0.589661 0.694931 0.0377868 0.0352024
0 0.629874 0.695603 0.0710795 0.0418749
0 0.647544 0.930532 0.284826 0.138647
0 0.0760975 0.921206 0.149745 0.110586
0 0.508755 0.663186 0.0486545 0.0324661
0 0.498199 0.662276 0.0578121 0.0348467
0 0.592996 0.619074 0.0497412 0.0428787
0 0.674376 0.712987 0.0513754 0.0404394
0 0.626255 0.712606 0.0507376 0.0376441
0 0.489056 0.662223 0.0433063 0.0339897
0 0.664192 0.712664 0.0769751 0.0403357
0 0.581296 0.619971 0.0735672 0.0460035
1 0.758839 0.673339 0.0357744 0.0450467
0 0.55688 0.615953 0.0920269 0.0457837
0 0.0603439 0.944528 0.119326 0.105156
0 0.686537 0.724703 0.0465331 0.0437069
0 0.590216 0.621913 0.0493422 0.0439031
0 0.558979 0.619716 0.0857252 0.0493116
0 0.65184 0.941905 0.329598 0.116189
0 0.67528 0.725354 0.0695108 0.0462877
0 0.536857 0.613867 0.0445559 0.0349812
0 0.579385 0.623163 0.0694319 0.0478322
0 0.54797 0.617718 0.0674465 0.0423973
0 0.624632 0.718058 0.0394431 0.0337964
0 0.0453871 0.943701 0.0907741 0.102022
0 0.662498 0.722072 0.0487341 0.0435379
0 0.628503 0.941693 0.324904 0.116615
0 0.573993 0.62108 0.0468166 0.0449704
0 0.543426 0.621556 0.0836657 0.0465673
0 0.564361 0.622451 0.0665504 0.046435
0 0.648382 0.722928 0.0793514 0.0455116
0 0.603262 0.717047 0.0373703 0.0329178
0 0.527875 0.617399 0.059346 0.0363047
0 0.752936 0.79558 0.160948 0.066983
0 0.557617 0.705536 0.0469813 0.0387385
0 0.642971 0.639704 0.056421 0.0504257
0 0.738439 0.78998 0.12114 0.0557838
0 0.58626 0.632699 0.0550203 0.0392838
0 0.578516 0.631461 0.0413148 0.0335648
0 0.838109 0.86928 0.172358 0.0871269
0 0.574559 0.734585 0.0675528 0.0464869
0 0.670853 0.660916 0.0753092 0.0567623
0 0.564079 0.736424 0.0912513 0.0503777
0 0.547783 0.732618 0.0590523 0.038135
0 0.607141 0.643551 0.0592791 0.0413163
0 0.54076 0.734013 0.0429889 0.0365756
0 0.551493 0.737562 0.068911 0.0409582
0 0.81057 0.865659 0.155401 0.0711597
0 0.74206 0.856745 0.148658 0.088822
0 0.495469 0.734551 0.0554068 0.0467923
0 0.485633 0.734989 0.075946 0.0499219
0 0.699263 0.848315 0.110659 0.0668605
0 0.453889 0.73395 0.0380909 0.0357695
0 0.723218 0.851844 0.167198 0.0695051
0 0.471738 0.731078 0.0753324 0.0407232
0 0.517754 0.64219 0.0373037 0.0366369
0 0.523724 0.643224 0.0488558 0.0403475
0 0.461366 0.732861 0.0548206 0.0371709
0 0.453354 0.951227 0.180254 0.0975468
0 0.637501 0.749392 0.0759625 0.0514117
0 0.634205 0.695833 0.0445734 0.0412487
0 0.541247 0.711937 0.0866875 0.0743502
0 0.621275 0.752158 0.11893 0.0524403
0 0.430389 0.945123 0.24538 0.0950946
0 0.535052 0.733371 0.0994907 0.079258
0 0.632765 0.789207 0.114675 0.0601364
0 0.638815 0.717884 0.051783 0.0443192
0 0.654436 0.789158 0.0700708 0.05724
0 0.416481 0.715899 0.0465524 0.0428169
0 0.408385 0.785939 0.103319 0.0602091
0 0.307738 0.740056 0.0987998 0.0860873
0 0.399093 0.786806 0.145738 0.0630489
0 0.425087 0.784706 0.0652562 0.0612607
0 0.713822 0.703737 0.054882 0.0488527
0 0.707473 0.813259 0.127955 0.0719042
0 0.682854 0.814486 0.142591 0.0725764
0 0.674964 0.805552 0.108872 0.06449
0 0.72613 0.811336 0.0906434 0.0695193
0 0.548684 0.697556 0.0484054 0.0450198
0 0.850278 0.706296 0.0347542 0.0357797
0 0.535518 0.802796 0.113439 0.0618815
0 0.800458 0.701249 0.0342361 0.0314583
0 0.540814 0.69934 0.0633406 0.0487765
0 0.126841 0.625804 0.0488844 0.0319167
0 0.499265 0.797914 0.10205 0.0588642
0 0.507874 0.802479 0.12875 0.0618582
0 0.47176 0.697911 0.0471992 0.0452749
0 0.75615 0.695735 0.0443281 0.0372294
0 0.975589 0.701414 0.0486588 0.0368736
0 0.455267 0.803648 0.110399 0.0632074
0 0.43031 0.805888 0.133914 0.0619171
1 0.0387679 0.637908 0.0324063 0.0306043
0 0.394712 0.696817 0.0761566 0.0527646
0 0.467777 0.800772 0.0834707 0.0612542
0 0.417576 0.800238 0.0972368 0.0579603
0 0.96554 0.698218 0.0455559 0.0353774
0 0.745807 0.69572 0.0650871 0.0380363
0 0.720008 0.69626 0.0488333 0.0341901
0 0.324819 0.807032 0.121865 0.0626844
0 0.628935 0.688658 0.0356838 0.0358253
0 0.349281 0.697344 0.0515499 0.0508186
0 0.303884 0.814166 0.14848 0.0638077
0 0.589772 0.688435 0.0310369 0.0307206
0 0.928373 0.698249 0.0581053 0.048616
0 0.289224 0.810525 0.109326 0.0619827
0 0.621348 0.688554 0.04951 0.0375575
0 0.853741 0.697256 0.103798 0.0498337
0 0.339371 0.700095 0.0696842 0.0550766
0 0.341167 0.803861 0.0846083 0.0643531
0 0.372119 0.70492 0.0437181 0.0458908
0 0.338881 0.829502 0.178163 0.0738883
1 0.0649784 0.641614 0.0282601 0.0395264
0 0.909229 0.710096 0.125488 0.0512609
0 0.651293 0.69532 0.0553796 0.0359444
0 0.338368 0.824027 0.136827 0.0680383
0 0.907699 0.706203 0.0950382 0.0531643
0 0.360706 0.708699 0.0639571 0.0522909
0 0.314021 0.823472 0.121357 0.063268
0 0.973278 0.705927 0.0491837 0.0462451
0 0.393987 0.84927 0.178728 0.0802586
0 0.731301 0.711351 0.0576437 0.042403
0 0.405134 0.721167 0.113436 0.0567795
0 0.425859 0.714484 0.0692423 0.0533574
0 0.371633 0.84519 0.128292 0.0745009
0 0.348077 0.714991 0.0821998 0.0572873
0 0.404633 0.846684 0.129719 0.0833443
0 0.381716 0.723394 0.135587 0.0594421
0 0.698303 0.7116 0.0511827 0.0370224
0 0.964001 0.714269 0.071998 0.0460498
0 0.718988 0.712021 0.0822899 0.0420301
0 0.127226 0.637352 0.0317885 0.0388163
0 0.692012 0.710148 0.0353262 0.0347043
0 0.957487 0.718391 0.0850264 0.0478251
0 0.704841 0.715943 0.0663011 0.0406629
0 0.300414 0.859778 0.167866 0.0832087
0 0.64445 0.704193 0.0417747 0.0393293
0 0.347041 0.715808 0.049113 0.0490677
0 0.603286 0.703365 0.0384008 0.0344627
0 0.902769 0.716206 0.126196 0.0570361
0 0.0163128 0.647326 0.0279023 0.0443937
0 0.333578 0.719003 0.0776114 0.0541478
0 0.321647 0.722752 0.101646 0.0561452
0 0.959812 0.711599 0.0803759 0.048793
0 0.27199 0.855481 0.128076 0.0765655
0 0.895698 0.711126 0.0975121 0.0596011
0 0.798109 0.753224 0.0574295 0.0467626
0 0.390579 0.76117 0.130212 0.0684681
0 0.350407 0.951329 0.256686 0.0916536
0 0.0922664 0.652378 0.037562 0.0361791
0 0.388821 0.768575 0.173375 0.0813014
0 0.78797 0.755453 0.0768129 0.0475653
0 0.42318 0.758593 0.06761 0.0659346
0 0.0461391 0.653289 0.030973 0.0319024
0 0.778288 0.751981 0.0929537 0.0472702
0 0.406944 0.758377 0.100494 0.0639988
0 0.760405 0.754354 0.088571 0.0412819
0 0.74682 0.748969 0.0559574 0.0362909
0 0.707527 0.746241 0.0622621 0.0458096
0 0.328903 0.766173 0.107699 0.0601601
0 0.24235 0.774563 0.105148 0.0547002
0 0.963766 0.743886 0.0724683 0.0510048
0 0.265451 0.954301 0.305394 0.0875247
0 0.318405 0.770423 0.135331 0.0627581
0 0.669306 0.745996 0.0659914 0.0376495
0 0.975402 0.743691 0.0484102 0.0562059
0 0.307758 0.778893 0.182663 0.0668233
0 0.34585 0.761274 0.0760244 0.059034
0 0.67264 0.751581 0.0741237 0.0414101
0 0.685202 0.748516 0.112199 0.0459304
0 0.714234 0.791407 0.111047 0.0574783
0 0.731543 0.790703 0.0747875 0.0599111
0 0.228217 0.834624 0.25051 0.105012
0 0.693646 0.788196 0.0833332 0.0537197
0 0.206357 0.831767 0.195884 0.0733016
0 0.247583 0.830058 0.235926 0.0834605
0 0.826767 0.843124 0.0971704 0.0647324
0 0.258233 0.878603 0.263148 0.120199
0 0.807361 0.842338 0.150135 0.063822
0 0.789763 0.838648 0.109053 0.0579538
0 0.860493 0.919377 0.279015 0.1508
0 0.693125 0.91116 0.338451 0.1617
0 0.64949 0.90748 0.235651 0.145665
0 0.354156 0.920431 0.335141 0.152926
0 0.723161 0.731312 0.0637468 0.0422997
0 0.859029 0.728609 0.199435 0.0707888
0 0.729266 0.736897 0.0765503 0.0484493
0 0.859622 0.724111 0.138322 0.0624611
0 0.267253 0.922795 0.343037 0.149529
0 0.782568 0.714332 0.109833 0.0511197
0 0.651608 0.734687 0.0758055 0.0459969
0 0.795311 0.713857 0.0790557 0.055169
0 0.64663 0.729753 0.067757 0.0415098
0 0.773234 0.715073 0.185505 0.0529494
0 0.201618 0.927128 0.311174 0.143486
0 0.700883 0.706969 0.110193 0.0557925
0 0.694645 0.7075 0.146167 0.0607014
0 0.720771 0.704076 0.0696392 0.0521606
0 0.578405 0.733281 0.0792744 0.0428535
0 0.669114 0.707873 0.106987 0.0565506
0 0.575071 0.728187 0.0650406 0.0410149
0 0.159708 0.934229 0.317802 0.12263
0 0.637234 0.719768 0.0773756 0.0699537
0 0.162219 0.930517 0.299762 0.138966
0 0.679303 0.702322 0.0685513 0.0553658
0 0.656164 0.705029 0.122232 0.0558932
0 0.535121 0.726049 0.0666475 0.0433994
0 0.651099 0.707237 0.173661 0.0584981
0 0.667638 0.700426 0.0836458 0.0519184
0 0.722468 0.726351 0.164516 0.068605
0 0.604615 0.746977 0.084556 0.0494565
0 0.202803 0.940388 0.338064 0.106914
0 0.729468 0.723107 0.126209 0.0620031
0 0.602384 0.741415 0.0718498 0.0485692
0 0.254134 0.943842 0.232501 0.110856
0 0.688423 0.730921 0.175088 0.0743518
0 0.570684 0.746834 0.0795393 0.0508528
0 0.167108 0.953394 0.334216 0.0902908
0 0.691577 0.724464 0.147122 0.063384
0 0.703824 0.719426 0.103993 0.0592013
0 0.155373 0.954116 0.310746 0.0901291
0 0.668058 0.717632 0.129949 0.0523758
0 0.546018 0.746043 0.0786459 0.0511402
0 0.542458 0.741359 0.064254 0.048961
0 0.650528 0.723238 0.149215 0.0617465
0 0.762395 0.765482 0.18094 0.0794576
0 0.620175 0.798639 0.0963799 0.0666696
0 0.637262 0.801505 0.12512 0.0623761
0 0.771736 0.760306 0.127205 0.0692533
0 0.736839 0.768919 0.166857 0.0780879
0 0.886316 0.870369 0.219297 0.125589
0 0.7767 0.931227 0.241475 0.118099
0 0.743501 0.926465 0.188187 0.107608
0 0.863801 0.885252 0.269352 0.138843
0 0.718896 0.946134 0.194492 0.0999695
0 0.69555 0.946123 0.126067 0.101174
0 0.804199 0.873866 0.2691 0.128797
0 0.658354 0.94446 0.191989 0.101763
0 0.688417 0.946756 0.276457 0.100488
0 0.788004 0.87246 0.257557 0.12753
0 0.634059 0.944471 0.148156 0.103617
0 0.673937 0.951589 0.294407 0.0943509
0 0.883629 0.970456 0.20943 0.0585098
0 0.87548 0.970744 0.143037 0.0585112
0 0.91532 0.762598 0.169361 0.0645945
0 0.896426 0.757625 0.140781 0.0570981
0 0.881763 0.754229 0.0999979 0.0554977
0 0.804165 0.742872 0.143915 0.0585561
0 0.856224 0.750297 0.131059 0.0576111
0 0.829642 0.746503 0.171247 0.0580592
0 0.88218 0.750834 0.0744598 0.0588183
0 0.786601 0.741344 0.0990181 0.0593278
0 0.774956 0.736177 0.0694435 0.055105
0 0.811599 0.743054 0.0898963 0.0556218
0 0.795465 0.740769 0.136225 0.0576477
0 0.733764 0.736917 0.102756 0.051918
0 0.723969 0.731575 0.0777378 0.0489133
0 0.764392 0.739311 0.152452 0.0539113
0 0.791426 0.740516 0.191812 0.0606578
0 0.822879 0.744677 0.062565 0.0557706
0 0.795459 0.740949 0.0944715 0.0556249
0 0.782598 0.739826 0.143919 0.0589335
0 0.722453 0.736236 0.103638 0.0527702
0 0.711267 0.730514 0.0784929 0.0490831
0 0.739902 0.739025 0.150065 0.0541894
0 0.810097 0.741163 0.0628611 0.0528343
0 0.761297 0.81091 0.128565 0.0781143
0 0.683729 0.80532 0.150903 0.0740891
0 0.709548 0.805255 0.199343 0.0787601
0 0.666273 0.80266 0.104962 0.070343
0 0.776886 0.807584 0.0943518 0.0770251
0 0.649866 0.87814 0.260305 0.125219
0 0.833663 0.87946 0.190564 0.0963731
0 0.596584 0.866095 0.167597 0.0981786
0 0.522397 0.874584 0.17853 0.114867
0 0.861709 0.675708 0.0534683 0.0336338
0 0.934239 0.635255 0.0721153 0.0513734
0 0.914641 0.935039 0.170214 0.129922
0 0.395338 0.875549 0.175574 0.119879
0 0.372231 0.884402 0.210395 0.126512
0 0.723471 0.663318 0.0507396 0.0341315
0 0.93651 0.727237 0.0518015 0.0386009
0 0.708901 0.662592 0.059208 0.0348141
0 0.701474 0.662603 0.0424739 0.0332072
0 0.849898 0.919119 0.299397 0.136154
0 0.807941 0.708993 0.0461491 0.0406085
0 0.676378 0.617068 0.061751 0.0464399
0 0.252817 0.900049 0.223817 0.12005
0 0.283207 0.893035 0.195811 0.12253
0 0.659656 0.617071 0.0907452 0.0468962
0 0.773347 0.912968 0.28062 0.125869
0 0.734861 0.705555 0.044952 0.0395303
0 0.167374 0.911993 0.274393 0.131296
0 0.618713 0.6173 0.0608679 0.0484286
0 0.206617 0.906259 0.203025 0.120931
0 0.560563 0.658046 0.050997 0.0334563
0 0.677876 0.70009 0.030596 0.0313906
0 0.602354 0.616809 0.0917718 0.0463158
0 0.724194 0.702983 0.0638678 0.0422698
