1 0.239682 0.934188 0.279694 0.131625
1 0.304456 0.942074 0.340932 0.115852
1 0.335401 0.94565 0.271404 0.102318
1 0.426612 0.956243 0.294779 0.0812162
1 0.350348 0.894836 0.141291 0.0757665
1 0.370695 0.898261 0.127583 0.0904306
1 0.0956491 0.789329 0.0908797 0.0539541
1 0.975974 0.698183 0.0417446 0.0443075
1 0.312829 0.791269 0.0867714 0.0570925
1 0.56445 0.953865 0.15119 0.0922698
1 0.587859 0.951403 0.210402 0.0971944
1 0.335291 0.829134 0.0995492 0.0633844
1 0.189067 0.927038 0.128055 0.0856238
1 0.408237 0.712183 0.148223 0.0893627
1 0.417181 0.797787 0.178716 0.175719
1 0.444654 0.860126 0.203216 0.238784
1 0.46195 0.881719 0.268354 0.198939
1 0.927532 0.68484 0.0359568 0.0426556
1 0.490499 0.968858 0.294479 0.0622834
1 0.598051 0.913763 0.248325 0.158094
1 0.386614 0.731772 0.106525 0.0589803
1 0.370182 0.783909 0.142773 0.0883179
1 0.964887 0.764132 0.0702267 0.0593046
1 0.642873 0.685025 0.0720379 0.0481688
1 0.633004 0.695129 0.0638001 0.0472001
1 0.634553 0.699927 0.0620657 0.0515837
1 0.680389 0.754174 0.108055 0.0666817
1 0.701883 0.753981 0.0889219 0.060833
1 0.677479 0.911969 0.197283 0.146024
1 0.595917 0.939446 0.232599 0.121109
1 0.932214 0.829527 0.135572 0.0995838
1 0.612946 0.806953 0.141674 0.0957452
1 0.852595 0.94128 0.294809 0.11744
1 0.944436 0.600405 0.0293461 0.0353912
1 0.83933 0.597903 0.0439987 0.0479277
1 0.359197 0.81535 0.140773 0.100096
1 0.563158 0.938303 0.20237 0.123394
1 0.345912 0.816323 0.136374 0.102552
1 0.54984 0.939215 0.199915 0.12157
1 0.520486 0.944349 0.14279 0.111301
1 0.422254 0.857711 0.163336 0.130658
1 0.763488 0.600997 0.036749 0.0502661
1 0.674203 0.596105 0.0494335 0.0491173
1 0.349857 0.862094 0.180787 0.141687
1 0.753478 0.632594 0.0482174 0.0565937
1 0.37116 0.93754 0.269513 0.12492
1 0.858845 0.65047 0.0469475 0.0516406
1 0.775148 0.611227 0.0379197 0.0493179
1 0.784095 0.681386 0.0442085 0.0451588
1 0.410362 0.935552 0.198559 0.119369
1 0.67136 0.601897 0.0433568 0.0523272
1 0.668892 0.603692 0.0484058 0.0532936
1 0.657097 0.607495 0.0523474 0.0462964
1 0.383437 0.952499 0.220684 0.089665
1 0.768987 0.605277 0.0362366 0.0469664
1 0.645485 0.605842 0.0458942 0.0448367
1 0.796777 0.72454 0.0560792 0.0549487
1 0.763101 0.617693 0.0363382 0.0537048
1 0.627658 0.614826 0.0542972 0.0498039
1 0.929646 0.876321 0.140709 0.12429
1 0.698049 0.626578 0.0305412 0.0368717
1 0.708277 0.699369 0.0359807 0.0362516
1 0.756641 0.610306 0.0259911 0.0314643
1 0.824431 0.849937 0.103994 0.0591087
1 0.795221 0.837226 0.0569491 0.0597265
1 0.848671 0.887369 0.108193 0.0725212
1 0.683076 0.724829 0.12729 0.0654396
1 0.833706 0.880612 0.108206 0.0794014
1 0.565626 0.843367 0.291735 0.143698
1 0.525759 0.905212 0.317292 0.177861
1 0.640804 0.685307 0.126176 0.0603813
1 0.470192 0.901434 0.194644 0.169292
1 0.631357 0.7028 0.154565 0.0765376
1 0.647498 0.771175 0.155164 0.122011
1 0.656545 0.903057 0.15321 0.0731382
1 0.706786 0.800659 0.149232 0.0867926
1 0.677337 0.95582 0.403448 0.0845327
1 0.480194 0.953698 0.399186 0.0886645
1 0.393722 0.955217 0.355377 0.0857994
1 0.438216 0.959308 0.315949 0.0813849
1 0.36378 0.97214 0.266666 0.0537226
1 0.935254 0.751187 0.106411 0.0566944
1 0.814903 0.733436 0.0570576 0.0545987
1 0.802381 0.733611 0.0690296 0.0529592
1 0.285631 0.974677 0.200849 0.0494136
1 0.840234 0.737472 0.086095 0.0577723
1 0.656345 0.757543 0.0727221 0.0598148
1 0.672108 0.758942 0.0557156 0.0600254
1 0.837039 0.799172 0.0291666 0.0406703
1 0.94179 0.915544 0.11642 0.11951
1 0.519569 0.80266 0.0602314 0.0623759
1 0.889447 0.867694 0.21629 0.264612
1 0.889229 0.914453 0.21377 0.165859
1 0.637863 0.892282 0.218753 0.135221
1 0.573039 0.887036 0.213231 0.135656
1 0.597091 0.914016 0.234196 0.141741
1 0.699967 0.861791 0.125187 0.0747364
1 0.681966 0.855523 0.111202 0.0657903
1 0.461321 0.738625 0.0672407 0.0470782
1 0.688698 0.856822 0.117834 0.075058
1 0.659083 0.851988 0.100134 0.0622149
1 0.44762 0.738741 0.0674202 0.046918
1 0.669227 0.854308 0.130028 0.0687168
1 0.492414 0.956511 0.182365 0.0860436
1 0.688933 0.824351 0.0823564 0.0635404
1 0.543834 0.819138 0.0738971 0.0653966
1 0.418844 0.82149 0.0788557 0.0648666
1 0.29792 0.835805 0.104845 0.0694069
1 0.275194 0.838901 0.137228 0.0727445
1 0.309816 0.829375 0.0839864 0.0676628
1 0.273509 0.836821 0.107746 0.0725604
1 0.251567 0.839708 0.135469 0.0742775
1 0.28566 0.831278 0.0838877 0.0702248
1 0.284161 0.858455 0.105443 0.0743415
1 0.26475 0.866698 0.130896 0.0788663
1 0.6226 0.706084 0.0413299 0.0352448
1 0.298837 0.853988 0.0749408 0.0788834
1 0.920054 0.721149 0.148889 0.0608312
1 0.324096 0.935973 0.163458 0.10614
1 0.729845 0.738138 0.0488202 0.0437528
1 0.982963 0.738496 0.0289608 0.0395271
1 0.305085 0.956858 0.192006 0.0862831
1 0.745546 0.751884 0.0811897 0.048223
1 0.752042 0.750138 0.0550649 0.0438905
1 0.355489 0.786362 0.146987 0.114613
1 0.219263 0.959383 0.223986 0.081234
1 0.677061 0.744179 0.0315891 0.0394468
1 0.63202 0.742275 0.0518467 0.0443961
1 0.177652 0.963867 0.284809 0.0709207
1 0.930391 0.75527 0.139218 0.0793671
1 0.6212 0.745524 0.0810243 0.0464915
1 0.677913 0.759075 0.0425703 0.04624
1 0.962697 0.762013 0.0746069 0.0611684
1 0.302147 0.856448 0.164425 0.101768
1 0.841097 0.838457 0.0433445 0.0517438
1 0.814047 0.837123 0.101897 0.0545105
1 0.878114 0.782421 0.0272556 0.0425067
1 0.833768 0.837434 0.0633938 0.0581445
1 0.281308 0.864726 0.209915 0.126916
1 0.743312 0.823425 0.0706111 0.0617414
1 0.197079 0.877379 0.223746 0.141178
1 0.752986 0.823553 0.0489275 0.0577151
1 0.673994 0.81724 0.096933 0.063975
1 0.688268 0.816068 0.062183 0.062587
1 0.136107 0.885094 0.23749 0.13479
1 0.154416 0.879498 0.170995 0.120577
1 0.982222 0.794742 0.0301544 0.0532351
1 0.10901 0.911814 0.202633 0.143577
1 0.680969 0.829044 0.0552612 0.0617236
1 0.983964 0.801714 0.0292587 0.0524765
1 0.76354 0.9618 0.193399 0.0677979
1 0.77177 0.964729 0.143989 0.0666423
1 0.768609 0.970768 0.217053 0.0579248
1 0.661199 0.913928 0.296572 0.158116
1 0.617457 0.909849 0.209294 0.146044
1 0.338312 0.92004 0.31855 0.157455
1 0.837006 0.731239 0.207435 0.071681
1 0.837687 0.726183 0.155967 0.0656253
1 0.856295 0.723788 0.115811 0.0586578
1 0.239532 0.92518 0.340082 0.146982
1 0.738884 0.719184 0.134144 0.0634099
1 0.762715 0.717549 0.0868111 0.0588404
1 0.636714 0.731528 0.0372568 0.0417686
1 0.508751 0.854878 0.0271719 0.0335201
1 0.739432 0.721395 0.171033 0.0737447
1 0.183758 0.931559 0.301395 0.136407
1 0.676349 0.715218 0.157378 0.0711629
1 0.578207 0.730649 0.0429348 0.041821
1 0.443506 0.858183 0.0256898 0.0352277
1 0.682766 0.708797 0.116995 0.0639692
1 0.587677 0.732559 0.0597297 0.0461011
1 0.634927 0.707051 0.135461 0.0662272
1 0.148684 0.936635 0.273889 0.12673
1 0.647458 0.705257 0.0975522 0.062728
1 0.401078 0.860194 0.0289726 0.0361018
1 0.190629 0.937397 0.208784 0.118154
1 0.541084 0.731232 0.047768 0.0424332
1 0.394989 0.873781 0.0262012 0.0339963
1 0.633955 0.71312 0.145238 0.0655431
1 0.139765 0.941339 0.27953 0.117322
1 0.639725 0.709662 0.103609 0.0630587
1 0.531968 0.73235 0.0340475 0.0423458
1 0.766227 0.778373 0.157295 0.0839584
1 0.649852 0.826381 0.111757 0.0606501
1 0.618805 0.816781 0.063793 0.059904
1 0.76006 0.773682 0.107859 0.0762197
1 0.636374 0.822782 0.0929194 0.0662174
1 0.815752 0.86117 0.213744 0.136364
1 0.683865 0.934992 0.188064 0.113521
1 0.816612 0.859248 0.178852 0.112779
1 0.941233 0.775416 0.117533 0.0632273
1 0.872315 0.76303 0.0940598 0.0636719
1 0.83001 0.76091 0.105721 0.0620511
1 0.856371 0.76148 0.0764111 0.0635297
1 0.764422 0.795276 0.104113 0.0780782
1 0.707941 0.791225 0.111532 0.0678544
1 0.782267 0.797167 0.112843 0.0733031
1 0.656376 0.875968 0.237101 0.136151
1 0.671827 0.873944 0.181347 0.107052
1 0.966415 0.941783 0.0642778 0.113371
1 0.87345 0.92463 0.250678 0.14097
1 0.735367 0.910537 0.232363 0.136882
