0 0.440158 0.091864 0.121823 0.075426
0 0.702974 0.227507 0.097006 0.049874
0 0.822536 0.267652 0.115051 0.071779
0 0.104022 0.096120 0.112790 0.066914
0 0.204409 0.196485 0.124073 0.060824
0 0.127714 0.375925 0.160173 0.079077
0 0.167189 0.420936 0.081222 0.045014
0 0.127709 0.526167 0.074440 0.046227
0 0.257424 0.587603 0.108289 0.045014
0 0.533778 0.540766 0.092485 0.053526
0 0.687184 0.492716 0.110540 0.059610
0 0.788697 0.604028 0.065418 0.046233
0 0.819155 0.709259 0.148900 0.071774
0 0.741324 0.846120 0.106029 0.043795
0 0.687184 0.885049 0.119562 0.055964
0 0.316079 0.895390 0.112790 0.054745
0 0.270962 0.714124 0.130845 0.066908
0 0.087103 0.756096 0.110540 0.063262
