0 0.295892 0.251176 0.069483 0.098544
0 0.261482 0.347282 0.046101 0.079076
0 0.501006 0.356405 0.053450 0.080291
0 0.599889 0.274899 0.030732 0.051097
0 0.689084 0.240837 0.066144 0.109490
0 0.811351 0.311394 0.034074 0.070560
0 0.848098 0.353365 0.047438 0.081512
0 0.858788 0.680616 0.048776 0.091243
0 0.705787 0.718329 0.043426 0.091237
0 0.732846 0.889860 0.052113 0.066909
0 0.586860 0.730496 0.042091 0.071775
0 0.544434 0.484143 0.042761 0.070560
0 0.536084 0.845459 0.034074 0.055957
0 0.443213 0.812612 0.050111 0.065694
0 0.395443 0.843026 0.081513 0.109490
0 0.238098 0.788281 0.054117 0.085162
0 0.142555 0.868572 0.055455 0.094894
0 0.141554 0.581470 0.056122 0.082727
