0 0.802371 0.937902 0.355488 0.124195
0 0.929054 0.677167 0.0664955 0.0389628
0 0.466996 0.626509 0.0485841 0.0392497
0 0.422162 0.67497 0.047194 0.0320958
0 0.629943 0.711934 0.0517887 0.045849
0 0.646268 0.728668 0.0447311 0.0372902
0 0.425505 0.681413 0.0459822 0.0326567
0 0.967576 0.685357 0.0494057 0.0418732
0 0.475815 0.630437 0.0455778 0.0418093
0 0.918498 0.680583 0.042532 0.0340449
0 0.985125 0.651374 0.0258173 0.033444
0 0.789408 0.955178 0.356592 0.0896442
0 0.586365 0.72451 0.053264 0.0377591
0 0.39805 0.682755 0.0428793 0.0331223
0 0.644776 0.730724 0.069493 0.0446789
0 0.654684 0.735283 0.0552351 0.0457998
0 0.433899 0.689231 0.040559 0.0357685
0 0.594379 0.730866 0.0531036 0.0353802
0 0.488368 0.634434 0.0325448 0.0364751
0 0.407458 0.621494 0.0365965 0.0324127
0 0.935331 0.688438 0.0414139 0.0329534
1 0.620219 0.677833 0.0252636 0.038679
0 0.980395 0.693197 0.0374323 0.0396899
0 0.903665 0.594609 0.0456402 0.03225
0 0.605154 0.734152 0.0769537 0.0409023
0 0.62766 0.731067 0.109141 0.0464221
0 0.402779 0.741545 0.0520502 0.039212
0 0.669532 0.821726 0.164077 0.0662519
0 0.468219 0.655395 0.0407965 0.0548641
0 0.359698 0.824652 0.124716 0.0573756
0 0.732381 0.959381 0.249062 0.0776365
0 0.484454 0.694856 0.0464193 0.0449234
0 0.34551 0.850255 0.128928 0.0687431
0 0.419479 0.591168 0.0352505 0.0308081
0 0.479334 0.707833 0.0495912 0.0365354
0 0.466062 0.611398 0.0391966 0.0314729
0 0.47201 0.76684 0.0686748 0.0544593
0 0.365713 0.727912 0.104892 0.0868005
0 0.468095 0.706225 0.0407503 0.0369729
0 0.451997 0.770193 0.116465 0.0598277
0 0.411819 0.778076 0.0715341 0.0479356
0 0.35693 0.719572 0.0856024 0.0686513
0 0.412516 0.897701 0.190253 0.0935413
0 0.363095 0.807241 0.249775 0.130172
0 0.39566 0.900205 0.194037 0.113584
0 0.435853 0.768604 0.067772 0.0535629
0 0.399814 0.615336 0.0432796 0.028772
0 0.328507 0.832018 0.269444 0.143805
0 0.632908 0.613979 0.0303499 0.0320602
0 0.381757 0.9381 0.225928 0.104677
0 0.33434 0.862729 0.275884 0.216674
0 0.647203 0.627489 0.0398113 0.0361794
0 0.245952 0.914366 0.374209 0.156694
0 0.474031 0.678883 0.0499544 0.0423351
0 0.416765 0.684452 0.0616519 0.0395121
0 0.191591 0.924294 0.305969 0.140379
0 0.677261 0.651316 0.0484358 0.0378909
0 0.46543 0.731035 0.0465178 0.0507502
1 0.586564 0.668279 0.0335056 0.0438143
0 0.388966 0.730797 0.0896078 0.0575625
0 0.446772 0.728432 0.0870077 0.0514987
0 0.661019 0.647429 0.0565544 0.0348017
0 0.430735 0.727668 0.142819 0.0568878
0 0.281458 0.66605 0.0354988 0.0288938
0 0.404661 0.729536 0.132814 0.0582626
0 0.35042 0.657032 0.031068 0.0301048
0 0.318797 0.659841 0.0497698 0.0344262
0 0.651027 0.647442 0.0426857 0.0336123
0 0.435449 0.751617 0.155376 0.0703734
0 0.467628 0.755418 0.068615 0.061226
0 0.452502 0.753437 0.0971572 0.0598216
0 0.710293 0.663474 0.0556386 0.0461922
0 0.275104 0.679649 0.0483293 0.0348391
0 0.390315 0.754556 0.102177 0.066142
0 0.407549 0.753141 0.144303 0.0726528
0 0.289669 0.676741 0.0601724 0.037059
0 0.352508 0.671241 0.0290389 0.030186
0 0.729005 0.681481 0.062788 0.046272
0 0.395917 0.800794 0.193702 0.0921491
0 0.314857 0.690867 0.0490149 0.033933
0 0.711337 0.682918 0.10085 0.0463222
0 0.26342 0.695721 0.0845698 0.0439068
0 0.223334 0.706529 0.0453547 0.0339032
0 0.216003 0.707403 0.0354576 0.0327059
0 0.280205 0.693214 0.0762465 0.0417577
0 0.23968 0.701053 0.0670969 0.0400402
0 0.298993 0.691498 0.0793044 0.0377505
0 0.801987 0.740607 0.143119 0.0658382
0 0.226727 0.758843 0.118443 0.065579
0 0.242892 0.75296 0.122542 0.0593695
0 0.827973 0.742323 0.0872396 0.0590162
0 0.348015 0.942148 0.339368 0.111481
0 0.269941 0.749409 0.0711875 0.0501286
0 0.142146 0.780123 0.0615877 0.0391869
0 0.109871 0.871442 0.219742 0.137303
0 0.884601 0.825474 0.162508 0.103294
0 0.135434 0.859523 0.18277 0.121715
0 0.914526 0.826899 0.170948 0.106316
0 0.143778 0.855088 0.144875 0.106397
0 0.880886 0.831546 0.224547 0.114537
0 0.963151 0.973773 0.0736977 0.050791
1 0.983283 0.746623 0.0296333 0.0452349
1 0.956933 0.764688 0.0839256 0.05341
1 0.785821 0.738663 0.0962969 0.0543348
1 0.768862 0.739304 0.103003 0.056221
1 0.649397 0.732599 0.0869286 0.0542079
1 0.614097 0.725883 0.0781305 0.0584095
1 0.598046 0.728908 0.0966256 0.0574359
1 0.619707 0.721579 0.0608307 0.0547469
1 0.57251 0.723722 0.058892 0.0547455
1 0.611059 0.728533 0.0828114 0.0580132
1 0.58913 0.726945 0.0958862 0.0550702
1 0.618827 0.721765 0.0613859 0.0554681
1 0.572343 0.723766 0.060814 0.0548167
1 0.548459 0.88885 0.178195 0.138715
1 0.526504 0.924308 0.20022 0.151383
1 0.114553 0.784194 0.223871 0.416103
0 0.929439 0.84125 0.141122 0.0993937
0 0.908394 0.83933 0.14374 0.0902827
0 0.658349 0.815054 0.173693 0.101067
0 0.977022 0.667834 0.044804 0.039778
0 0.827829 0.960889 0.178403 0.0782212
0 0.959109 0.664373 0.0501392 0.0360048
0 0.968071 0.66542 0.0612892 0.0380814
0 0.953435 0.664019 0.0356144 0.0343811
0 0.596689 0.812103 0.0948831 0.0696659
0 0.510387 0.809627 0.175766 0.103589
0 0.745463 0.603328 0.0672683 0.0534307
0 0.722921 0.940732 0.280605 0.118536
0 0.847818 0.653807 0.0421741 0.0448797
0 0.394066 0.812612 0.174674 0.101524
0 0.58704 0.940546 0.237787 0.118907
0 0.7276 0.645523 0.0444593 0.0394623
1 0.834165 0.636016 0.0318802 0.0405038
0 0.372099 0.818542 0.148942 0.102267
0 0.328494 0.855534 0.217084 0.137829
0 0.608002 0.602933 0.0419933 0.0511565
0 0.813839 0.64024 0.0343195 0.0365008
1 0.751511 0.633097 0.0426308 0.0513428
0 0.698444 0.648384 0.0472124 0.0442078
0 0.270111 0.861844 0.0911932 0.0810151
0 0.517624 0.971922 0.237409 0.056156
0 0.269564 0.938671 0.259127 0.122657
0 0.732892 0.676381 0.0414385 0.0389267
0 0.614308 0.608455 0.0528957 0.0612345
0 0.861718 0.658815 0.0549305 0.0375888
1 0.779352 0.64697 0.0432758 0.047305
0 0.725569 0.676229 0.0532556 0.0441666
0 0.66237 0.670186 0.0371269 0.0334783
0 0.864775 0.661778 0.0581146 0.0427633
0 0.729195 0.676421 0.0502653 0.0484912
0 0.276397 0.95489 0.233813 0.0844343
0 0.27885 0.943698 0.283427 0.101096
0 0.664199 0.674752 0.0469721 0.0381378
0 0.143305 0.984018 0.0928618 0.0319638
1 0.78878 0.652038 0.036998 0.0494514
0 0.717705 0.677613 0.0743019 0.0430166
0 0.596406 0.640993 0.0410597 0.0359553
0 0.917709 0.690199 0.0412983 0.0356829
0 0.908525 0.689946 0.0570765 0.0381485
0 0.550129 0.61161 0.0417497 0.0359126
0 0.736061 0.714035 0.0691946 0.0522598
0 0.589054 0.641886 0.0482096 0.0381967
0 0.545169 0.612155 0.0303663 0.0336311
0 0.871032 0.686722 0.0422516 0.032707
0 0.722632 0.715754 0.105958 0.0530284
0 0.877257 0.687728 0.0599138 0.0352787
0 0.564195 0.612362 0.0531693 0.0379781
1 0.777402 0.658786 0.0396498 0.05098
0 0.893702 0.688682 0.0872982 0.0394886
0 0.654204 0.707025 0.0433214 0.039356
1 0.515944 0.815465 0.0282569 0.0388856
0 0.666562 0.674563 0.0389191 0.0327195
0 0.843515 0.793331 0.16871 0.0883049
0 0.656506 0.674148 0.0545051 0.0340195
0 0.886956 0.792932 0.0612743 0.0664088
0 0.873232 0.791891 0.0893095 0.0674929
0 0.821227 0.798273 0.207767 0.107156
0 0.852036 0.79129 0.126156 0.0737514
0 0.566609 0.631696 0.0367649 0.0340759
0 0.984851 0.740561 0.0278915 0.0376774
0 0.798759 0.79851 0.207998 0.0888677
0 0.634479 0.675626 0.041128 0.0313993
0 0.627095 0.675691 0.0542117 0.0330503
0 0.76992 0.799318 0.159336 0.0786944
0 0.860662 0.800512 0.0602791 0.066791
0 0.660921 0.688421 0.042271 0.0375193
0 0.846016 0.837685 0.2393 0.11537
0 0.577652 0.638475 0.0308418 0.0319168
0 0.818409 0.835827 0.175899 0.0872079
0 0.879083 0.838983 0.212733 0.105227
0 0.641087 0.632414 0.0431606 0.047202
0 0.648623 0.68835 0.0622283 0.0371267
0 0.678008 0.745682 0.048103 0.0452326
0 0.560038 0.665561 0.0467752 0.0372374
0 0.554686 0.665085 0.03285 0.0338885
0 0.745452 0.611017 0.0319416 0.0300509
0 0.665067 0.745065 0.0752066 0.046102
0 0.565683 0.668516 0.0608323 0.0400673
0 0.636934 0.742866 0.0532869 0.0441236
0 0.751169 0.612318 0.026683 0.0311137
0 0.678945 0.805577 0.111844 0.0590605
0 0.695813 0.806913 0.0719263 0.060895
0 0.665876 0.696794 0.0434538 0.0380875
0 0.657955 0.695174 0.0553818 0.0389678
0 0.660694 0.801606 0.0816628 0.061761
0 0.555852 0.69252 0.0629955 0.0473877
0 0.755369 0.624572 0.0300253 0.0291105
0 0.634162 0.766291 0.126135 0.0745298
0 0.774366 0.779269 0.0499297 0.0455785
0 0.655851 0.768095 0.175413 0.0707292
0 0.703986 0.764215 0.180507 0.0696033
0 0.846416 0.652809 0.0366295 0.0325916
0 0.73014 0.767426 0.13477 0.0624296
0 0.615935 0.761113 0.0845236 0.0775902
0 0.866429 0.983688 0.125708 0.032623
0 0.74714 0.769498 0.106406 0.0578564
0 0.850005 0.981113 0.171132 0.037775
0 0.788787 0.979487 0.104583 0.0410252
0 0.767043 0.77616 0.0654207 0.0456846
0 0.713688 0.76221 0.133165 0.0599653
0 0.703656 0.872857 0.27735 0.15462
0 0.86957 0.679084 0.0643795 0.044699
0 0.850382 0.683063 0.109122 0.0479276
0 0.535263 0.911424 0.299066 0.167613
0 0.700742 0.673705 0.0500666 0.0381182
0 0.597863 0.694845 0.044063 0.0406904
0 0.686076 0.692319 0.0725037 0.050412
0 0.676795 0.694636 0.0916113 0.057578
0 0.509851 0.948397 0.404835 0.101114
0 0.726909 0.753594 0.0929365 0.0657032
0 0.713212 0.75601 0.134442 0.0753426
0 0.667279 0.812631 0.115119 0.057666
0 0.610211 0.803877 0.090738 0.0534643
0 0.62889 0.810367 0.140311 0.0590093
0 0.742444 0.801401 0.177416 0.0856934
0 0.674645 0.902432 0.212364 0.110456
0 0.76409 0.806619 0.117996 0.0846993
0 0.66313 0.898744 0.209661 0.085203
0 0.65742 0.791774 0.0900506 0.0608279
0 0.626616 0.882598 0.104357 0.0751775
0 0.694731 0.906475 0.176776 0.0896524
0 0.745208 0.823885 0.242715 0.0961011
0 0.68747 0.94909 0.245808 0.0944831
0 0.627849 0.953054 0.42583 0.0919861
0 0.953549 0.738514 0.0929029 0.0512512
0 0.967972 0.739131 0.0640568 0.0585904
0 0.456703 0.952965 0.413427 0.0912702
0 0.944686 0.736132 0.0646366 0.0565411
0 0.924425 0.735926 0.10499 0.0567251
0 0.382768 0.954425 0.395383 0.0889788
0 0.833905 0.719275 0.0591068 0.0503641
0 0.914582 0.733822 0.150237 0.0571701
0 0.843649 0.722501 0.0814945 0.0541306
0 0.892846 0.729497 0.158632 0.0525172
0 0.903489 0.731816 0.0561771 0.0552834
0 0.809539 0.721122 0.0924111 0.0531633
0 0.799108 0.716141 0.0707912 0.0493647
0 0.338212 0.957247 0.393837 0.0855055
0 0.823336 0.724029 0.145621 0.0546588
0 0.706051 0.722269 0.0987339 0.0556175
0 0.786194 0.729508 0.0639164 0.0532445
0 0.696956 0.719641 0.0740192 0.0560619
0 0.760759 0.727222 0.143208 0.05333
0 0.671397 0.801759 0.125504 0.0705639
0 0.693543 0.803295 0.179714 0.0710442
0 0.723419 0.801831 0.202706 0.0792002
0 0.759146 0.808169 0.112888 0.0807938
0 0.656285 0.798353 0.0923496 0.0715785
0 0.776716 0.806134 0.0831738 0.0821164
0 0.685833 0.890095 0.272391 0.135032
0 0.668751 0.914745 0.295211 0.136928
0 0.945268 0.883017 0.109465 0.0562497
0 0.653009 0.811203 0.0982847 0.0687195
0 0.639837 0.812748 0.146082 0.0726985
0 0.876393 0.926447 0.24346 0.138013
0 0.392716 0.81937 0.135494 0.0696037
0 0.406434 0.814221 0.100993 0.0704178
0 0.773615 0.665395 0.0463851 0.031053
0 0.291553 0.853001 0.0661572 0.048808
0 0.964915 0.731723 0.0610641 0.0473195
0 0.766683 0.663629 0.0597891 0.0340523
0 0.809555 0.617104 0.0401793 0.0334056
0 0.383946 0.827704 0.164101 0.0705879
0 0.75085 0.662538 0.0398974 0.0332568
0 0.73071 0.930275 0.294581 0.135823
0 0.778919 0.71884 0.0565668 0.0429169
0 0.608258 0.663061 0.048637 0.0314542
0 0.703195 0.621329 0.0421501 0.0420137
0 0.18423 0.87631 0.210172 0.0971049
0 0.72489 0.713973 0.0473503 0.034709
0 0.597344 0.661771 0.0613811 0.0350805
0 0.664889 0.620017 0.0830069 0.047257
0 0.157663 0.883796 0.228103 0.0901276
0 0.655419 0.615214 0.0656813 0.041098
0 0.692825 0.621767 0.0616495 0.0441138
0 0.0463467 0.945573 0.0926934 0.0932346
0 0.700878 0.733633 0.0621086 0.0501874
0 0.56078 0.619364 0.0399977 0.0304583
0 0.526308 0.675429 0.048522 0.0320043
0 0.682691 0.733883 0.0884423 0.0497021
0 0.645696 0.729868 0.0548098 0.0367053
0 0.612399 0.625922 0.0598132 0.0455095
0 0.689456 0.731594 0.0672968 0.0461418
0 0.689706 0.871741 0.164639 0.097536
0 0.465488 0.737501 0.0516815 0.0445017
0 0.674974 0.86594 0.156209 0.0783136
0 0.454917 0.739052 0.0735941 0.0476583
0 0.42261 0.738122 0.0431139 0.0391777
0 0.505015 0.643709 0.0482037 0.0384841
0 0.435275 0.740218 0.0722729 0.0414942
0 0.508989 0.6482 0.0657488 0.0475704
0 0.409786 0.952699 0.204215 0.0946027
0 0.533458 0.706977 0.0823901 0.067158
0 0.62582 0.754269 0.0748781 0.0520215
0 0.610254 0.756305 0.112298 0.0527195
0 0.632655 0.697582 0.0400148 0.0392251
0 0.646976 0.623955 0.0391516 0.0312361
0 0.536969 0.714477 0.0963284 0.0776103
0 0.648762 0.716505 0.0456409 0.0443534
0 0.546989 0.732694 0.102303 0.0817039
0 0.635361 0.787577 0.111053 0.0604289
0 0.648641 0.784817 0.0761589 0.0571743
0 0.539054 0.724677 0.0848546 0.0729268
0 0.659128 0.631382 0.0429418 0.0342686
0 0.763823 0.834951 0.186853 0.0777784
0 0.0904779 0.616455 0.0290361 0.0307999
0 0.760426 0.721678 0.119103 0.0540003
0 0.784911 0.714904 0.0673388 0.0501188
0 0.741869 0.830866 0.142638 0.0717097
0 0.586299 0.821807 0.13134 0.0705625
0 0.945186 0.724997 0.0418678 0.0355659
0 0.612123 0.7052 0.0490183 0.0477534
0 0.561525 0.818838 0.12605 0.072907
0 0.887776 0.720328 0.0377113 0.0318568
0 0.597778 0.708222 0.0755554 0.0527765
0 0.189361 0.625714 0.0652457 0.0357997
0 0.496564 0.704208 0.0468239 0.0479151
0 0.801536 0.709607 0.0428354 0.0380559
0 0.464157 0.830191 0.171104 0.0757837
0 0.464653 0.825532 0.131021 0.0690351
0 0.486505 0.708862 0.0640552 0.0510651
1 0.0765148 0.633076 0.0293585 0.0293846
1 0.0711705 0.634412 0.0316005 0.0292061
0 0.793324 0.711069 0.0633401 0.041407
0 0.441655 0.824036 0.121417 0.0672918
0 0.615025 0.695517 0.046685 0.0349828
0 0.278293 0.83628 0.186021 0.0753014
0 0.330131 0.708386 0.0461221 0.0421782
0 0.867786 0.709606 0.117893 0.0491648
0 0.935032 0.70417 0.0524773 0.0437809
0 0.316175 0.712284 0.070609 0.0492837
0 0.606104 0.69571 0.0645914 0.0372304
0 0.582589 0.6963 0.0472549 0.0340005
0 0.251092 0.835159 0.113983 0.0693949
0 0.578029 0.696413 0.0341851 0.0323128
0 0.594022 0.695401 0.0721832 0.0356
0 0.299417 0.7159 0.107923 0.0532173
0 0.926566 0.704883 0.0738647 0.0478315
0 0.240858 0.718279 0.0877758 0.0514404
0 0.284568 0.830995 0.132092 0.0713109
0 0.599158 0.695072 0.0481009 0.0335253
0 0.266169 0.836431 0.166484 0.0770332
0 0.59218 0.695358 0.0632505 0.0366865
0 0.908275 0.702444 0.0678555 0.0525576
0 0.84026 0.709899 0.106968 0.0477046
0 0.31394 0.71152 0.0483965 0.043013
0 0.306452 0.71309 0.0596901 0.0468829
0 0.2355 0.837575 0.125453 0.0710983
0 0.221207 0.714707 0.0765074 0.054358
0 0.274759 0.830633 0.121593 0.0713516
0 0.571084 0.696002 0.0544376 0.0348132
0 0.28544 0.7192 0.103718 0.0519536
0 0.887552 0.703347 0.112372 0.0520182
0 0.580396 0.698544 0.0744915 0.0383458
0 0.21935 0.833832 0.0888982 0.0615426
0 0.565295 0.695989 0.0388672 0.0336868
0 0.292168 0.859227 0.168291 0.0814061
0 0.651825 0.705943 0.0418248 0.0394508
0 0.350209 0.714471 0.0521647 0.0475745
0 0.023985 0.641752 0.0469312 0.0430689
0 0.609217 0.705022 0.0369679 0.0350756
0 0.91215 0.721985 0.139378 0.0570104
0 0.335631 0.717348 0.0809889 0.0507311
0 0.92295 0.727175 0.1541 0.0638687
0 0.318725 0.722165 0.120045 0.053444
0 0.302485 0.71819 0.0610338 0.0535505
0 0.25074 0.861081 0.160174 0.08596
0 0.607404 0.70299 0.0435496 0.0392466
0 0.292953 0.721826 0.0787818 0.0599739
0 0.919209 0.713521 0.0938774 0.0517097
0 0.857272 0.71174 0.107833 0.0562505
0 0.201175 0.854088 0.0873694 0.0663227
0 0.908136 0.713739 0.135197 0.0540305
0 0.570971 0.70421 0.0400034 0.0369626
0 0.204862 0.730431 0.0665005 0.047758
0 0.842976 0.708685 0.103008 0.0621468
0 0.0276114 0.648988 0.0485805 0.0372176
0 0.272204 0.918562 0.186161 0.103088
0 0.688109 0.728258 0.0577774 0.0438642
0 0.959438 0.744768 0.0811232 0.0693024
0 0.941315 0.747245 0.117371 0.0740214
0 0.351459 0.737085 0.0673717 0.0551098
0 0.67484 0.729014 0.0860142 0.0445328
0 0.0175983 0.649995 0.0351966 0.0363763
0 0.331828 0.741041 0.108749 0.059037
0 0.266903 0.744668 0.108966 0.0559418
0 0.653901 0.732716 0.0652359 0.0418391
0 0.678121 0.745567 0.0685659 0.0463771
0 0.325888 0.7558 0.0617983 0.0564107
0 0.954822 0.758176 0.0903566 0.0714633
0 0.305804 0.763014 0.0979329 0.0576323
0 0.217153 0.954229 0.294624 0.0876193
0 0.210201 0.774079 0.0902277 0.0567506
0 0.659972 0.748535 0.114138 0.0473821
0 0.646127 0.744939 0.0731583 0.0388399
0 0.650822 0.751235 0.0849411 0.0430476
0 0.273374 0.777299 0.175089 0.06049
0 0.945997 0.754048 0.108006 0.0704337
0 0.642378 0.741146 0.0489718 0.0441315
0 0.623902 0.74213 0.0881058 0.0455055
0 0.248004 0.767787 0.133088 0.0664121
0 0.160485 0.778574 0.0979825 0.0604657
0 0.915122 0.754681 0.169757 0.0716777
0 0.242119 0.772123 0.176716 0.0690831
0 0.285286 0.759513 0.0565583 0.0578274
0 0.264636 0.764606 0.0974514 0.0644695
0 0.204115 0.880165 0.270167 0.123477
0 0.759439 0.837096 0.117394 0.0643143
0 0.756963 0.839987 0.157599 0.0667864
0 0.777007 0.836371 0.084874 0.0699048
0 0.741164 0.835286 0.116427 0.0607178
0 0.126849 0.895091 0.253698 0.124344
0 0.676441 0.827716 0.12232 0.0676172
0 0.983499 0.799978 0.0330023 0.0491402
0 0.697447 0.827076 0.077428 0.0678256
0 0.655286 0.822463 0.0959894 0.0610751
0 0.78761 0.955603 0.233337 0.0875562
0 0.136757 0.968338 0.235985 0.0633238
0 0.131996 0.969 0.14945 0.0620009
0 0.103793 0.969379 0.207587 0.060274
0 0.751979 0.969118 0.236987 0.0617093
0 0.881346 0.937785 0.237309 0.124429
0 0.59868 0.909983 0.327496 0.160081
0 0.972533 0.766429 0.0549339 0.0487503
0 0.413873 0.911507 0.315762 0.156989
0 0.908123 0.728548 0.183754 0.0616936
0 0.370777 0.912243 0.219079 0.148699
0 0.942999 0.729583 0.102263 0.0544988
0 0.905436 0.724241 0.135879 0.0568885
0 0.884705 0.726128 0.124521 0.0555405
0 0.269278 0.915083 0.335257 0.158435
0 0.78193 0.710638 0.111056 0.0518571
0 0.796564 0.710383 0.0754233 0.0530792
0 0.732187 0.708571 0.0857079 0.0617002
0 0.776329 0.710151 0.166919 0.0579539
0 0.646861 0.725505 0.0647859 0.0417686
0 0.723111 0.70028 0.0654367 0.0507615
0 0.179685 0.921547 0.328837 0.15147
0 0.708814 0.701538 0.0682892 0.0537443
0 0.688284 0.702088 0.111322 0.0521122
0 0.554667 0.718135 0.0394759 0.0383705
0 0.563161 0.722612 0.0605012 0.0407221
0 0.181445 0.938881 0.318635 0.122237
0 0.709158 0.718808 0.135926 0.0545728
0 0.706275 0.729465 0.195524 0.0716405
0 0.148561 0.941689 0.297122 0.105506
0 0.668834 0.717974 0.125455 0.0539875
0 0.667563 0.731519 0.197583 0.076932
0 0.580375 0.819863 0.122093 0.0704478
0 0.729094 0.773474 0.176869 0.0723175
0 0.567728 0.81514 0.0934593 0.069725
0 0.606623 0.822823 0.164472 0.059509
0 0.713587 0.781877 0.179414 0.0771782
0 0.732154 0.771987 0.125051 0.0739779
0 0.813816 0.868774 0.270224 0.123167
0 0.694618 0.933504 0.228871 0.122153
0 0.854245 0.871193 0.204866 0.118677
0 0.767236 0.85382 0.250668 0.131562
0 0.645541 0.933041 0.224584 0.122409
0 0.738012 0.853649 0.245505 0.128838
0 0.612016 0.933101 0.21902 0.121209
0 0.630561 0.877797 0.268141 0.12451
0 0.601662 0.874757 0.207965 0.107678
0 0.873263 0.908254 0.195471 0.115585
0 0.610422 0.870644 0.178496 0.110858
0 0.96889 0.63401 0.0622202 0.0453611
0 0.924249 0.675998 0.0537117 0.032776
0 0.93045 0.917483 0.139101 0.101822
0 0.422954 0.873042 0.18147 0.114428
0 0.94008 0.718525 0.0463909 0.0369225
0 0.723684 0.659177 0.0581594 0.033864
0 0.929671 0.714531 0.0687607 0.0442179
0 0.790445 0.622692 0.0496691 0.0419299
0 0.709328 0.660788 0.0622995 0.0357836
0 0.864254 0.901229 0.271493 0.131196
0 0.313374 0.88932 0.184922 0.121217
0 0.291258 0.89781 0.235955 0.125772
0 0.679613 0.619088 0.0541596 0.0457914
0 0.749825 0.698919 0.0342617 0.031132
0 0.811788 0.707921 0.0442051 0.0366425
1 0.876131 0.682308 0.0415178 0.046933
0 0.802832 0.70487 0.0582489 0.0418646
0 0.663995 0.617366 0.0832541 0.0465197
0 0.802981 0.890626 0.272977 0.129345
0 0.226477 0.904312 0.22681 0.128092
0 0.621134 0.613941 0.0503136 0.0458145
0 0.689281 0.696639 0.0339682 0.0332057
0 0.738255 0.696955 0.0517385 0.0405848
0 0.699988 0.699596 0.0605731 0.0360784
