0 0.193637 0.72277 0.0590321 0.0548215
0 0.19971 0.722124 0.0516141 0.0467773
0 0.259658 0.646431 0.0607164 0.0705821
0 0.793179 0.698101 0.055734 0.0514884
0 0.181548 0.726071 0.0590427 0.0561699
0 0.27656 0.647649 0.0666195 0.0613955
0 0.783361 0.694996 0.0608711 0.0497747
0 0.890399 0.660917 0.0451061 0.0452777
0 0.800787 0.699326 0.0429188 0.047965
0 0.287312 0.649238 0.0463864 0.0509309
0 0.882313 0.659792 0.0526875 0.0496269
0 0.443974 0.77138 0.0737793 0.0663868
0 0.247003 0.644162 0.0712326 0.0677086
0 0.170824 0.728812 0.0547935 0.0513927
