1 0.795609 0.925216 0.304723 0.147084
1 0.792054 0.934624 0.331993 0.130627
1 0.667041 0.696325 0.0453876 0.0480876
1 0.648469 0.956373 0.239246 0.0872547
1 0.274424 0.824873 0.102631 0.0636555
1 0.263998 0.857399 0.111545 0.0671354
1 0.175211 0.853394 0.219574 0.21256
1 0.150709 0.876241 0.251249 0.22934
1 0.0867179 0.918786 0.172682 0.162428
1 0.324814 0.723165 0.1063 0.0645452
1 0.497228 0.658974 0.040749 0.0569405
1 0.337677 0.722407 0.0783041 0.0564657
1 0.248698 0.655487 0.0351447 0.0328798
1 0.319158 0.750121 0.124271 0.0752528
1 0.300386 0.747217 0.100614 0.0743673
1 0.344113 0.756269 0.118219 0.0714333
1 0.370187 0.757009 0.0917953 0.0734459
1 0.238876 0.861574 0.248406 0.15007
1 0.126703 0.774724 0.124378 0.0685107
1 0.71935 0.766397 0.150344 0.0714658
1 0.117236 0.776167 0.174814 0.0719104
1 0.0770099 0.788535 0.141709 0.0624451
1 0.13916 0.76971 0.0934144 0.0579717
1 0.838746 0.80578 0.158865 0.0886253
1 0.167075 0.797478 0.184105 0.0853083
1 0.167117 0.793505 0.254988 0.0838506
1 0.90481 0.866041 0.169894 0.135487
1 0.112163 0.857409 0.212311 0.134339
1 0.128501 0.90712 0.229051 0.151258
1 0.744425 0.71477 0.118767 0.0490697
1 0.752864 0.710087 0.0827255 0.0513995
1 0.669389 0.702984 0.0588524 0.0500966
1 0.626977 0.701007 0.0606428 0.0490209
1 0.613839 0.699234 0.0692335 0.0526141
1 0.614393 0.703427 0.052801 0.0491538
1 0.618474 0.705891 0.0705351 0.0508064
1 0.678483 0.771269 0.117587 0.0652129
1 0.700878 0.769391 0.0971331 0.0613359
1 0.680872 0.767507 0.154139 0.0707179
1 0.642343 0.861699 0.171398 0.109417
1 0.538852 0.919626 0.1963 0.148787
1 0.959854 0.858664 0.0802929 0.0921635
1 0.73092 0.816183 0.144923 0.0960985
1 0.92657 0.9623 0.136715 0.0743638
1 0.97435 0.604886 0.0386547 0.0359219
1 0.591883 0.804914 0.147016 0.0953013
1 0.828596 0.936907 0.26423 0.126186
1 0.815517 0.600027 0.0463032 0.0518794
1 0.495635 0.802764 0.126062 0.0943929
1 0.70461 0.936856 0.207767 0.126288
1 0.869725 0.630911 0.0497566 0.0588181
1 0.721885 0.591581 0.0311199 0.0353137
1 0.475452 0.806815 0.0998884 0.0886561
1 0.632657 0.93339 0.196437 0.133219
1 0.434509 0.80188 0.133813 0.0953953
1 0.659795 0.590045 0.0303878 0.0324773
1 0.453181 0.796203 0.0920019 0.10162
1 0.380384 0.804411 0.136163 0.0958603
1 0.574519 0.931331 0.18655 0.136067
1 0.608028 0.589957 0.0349877 0.0349574
1 0.550967 0.930774 0.185487 0.135592
1 0.359304 0.8062 0.140831 0.09692
1 0.588691 0.590461 0.0393421 0.0384187
1 0.375088 0.802297 0.0983568 0.0989754
1 0.406889 0.871058 0.181916 0.145615
1 0.762234 0.599903 0.0349932 0.0478775
1 0.672084 0.598491 0.0474116 0.051763
1 0.368694 0.874386 0.182939 0.151774
1 0.726121 0.600327 0.0356338 0.0493387
1 0.636359 0.597305 0.0464621 0.0515376
1 0.639826 0.594385 0.037911 0.0406085
1 0.789435 0.634401 0.0451597 0.0532837
1 0.325328 0.878685 0.185611 0.150571
1 0.75319 0.629372 0.0455689 0.0591604
1 0.604007 0.591825 0.0361621 0.0348063
1 0.326765 0.926106 0.243744 0.146276
1 0.731822 0.599463 0.0321725 0.0414825
1 0.644365 0.590789 0.0329454 0.0329389
1 0.732914 0.672854 0.044663 0.0464788
1 0.553076 0.598228 0.0446489 0.0493362
1 0.354092 0.927928 0.19756 0.130642
1 0.364271 0.959043 0.197633 0.0808202
1 0.674148 0.599968 0.0363768 0.0410491
1 0.869749 0.664286 0.0427065 0.0564674
1 0.772636 0.610073 0.0357289 0.0474874
1 0.785122 0.69185 0.0503219 0.0527107
1 0.664879 0.604774 0.0482912 0.0439405
1 0.610338 0.603671 0.0475904 0.054317
1 0.604442 0.604039 0.0477362 0.0452087
1 0.789937 0.65663 0.0552166 0.0672014
1 0.708798 0.609146 0.0360012 0.050871
1 0.298934 0.959188 0.254478 0.0816246
1 0.594296 0.604681 0.0410923 0.0407038
1 0.614913 0.599021 0.0383549 0.0443255
1 0.710766 0.605278 0.0333527 0.0452546
1 0.332758 0.971563 0.0729427 0.0509837
1 0.338284 0.968407 0.0554701 0.0510976
1 0.60407 0.605278 0.0509938 0.0449923
1 0.593651 0.606583 0.0457867 0.0434711
1 0.807566 0.66458 0.033259 0.0509855
1 0.840221 0.750316 0.0879057 0.0725474
1 0.630375 0.623176 0.0570584 0.0465591
1 0.825388 0.745517 0.100144 0.0861181
1 0.923339 0.833533 0.153321 0.102755
1 0.723758 0.624545 0.0361776 0.039311
1 0.6664 0.641664 0.0337715 0.0370382
1 0.894712 0.820583 0.156814 0.101593
1 0.670757 0.615841 0.0292082 0.0302261
1 0.883018 0.809674 0.121775 0.0915347
1 0.941403 0.724301 0.0290497 0.0334152
1 0.653787 0.615289 0.0272078 0.0320045
1 0.708901 0.63619 0.0375114 0.0429329
1 0.966613 0.940195 0.0667742 0.101698
1 0.852886 0.643409 0.0278118 0.038659
1 0.823512 0.634287 0.0356052 0.04251
1 0.847278 0.818369 0.0606915 0.0543723
1 0.833704 0.816016 0.0820381 0.0590525
1 0.808922 0.804979 0.0457678 0.0490246
1 0.802325 0.853151 0.096931 0.0625076
1 0.652851 0.708779 0.117839 0.0550018
1 0.818965 0.959972 0.162209 0.0800496
1 0.794809 0.958311 0.123368 0.0801946
1 0.633136 0.750749 0.15634 0.0758601
1 0.606717 0.753214 0.122976 0.0771179
1 0.554047 0.785437 0.161164 0.0909958
1 0.514513 0.92024 0.349764 0.15952
1 0.46765 0.914472 0.225587 0.157584
1 0.62448 0.696861 0.174489 0.0645054
1 0.641828 0.719433 0.137776 0.0906691
1 0.655874 0.715419 0.11194 0.0782354
1 0.629007 0.908584 0.0303261 0.0353992
1 0.695556 0.885482 0.245192 0.158918
1 0.713318 0.879593 0.187452 0.135585
1 0.016717 0.827884 0.033434 0.0606365
1 0.803828 0.971001 0.295221 0.0579971
1 0.019663 0.842404 0.0393261 0.0503634
1 0.525421 0.968607 0.270759 0.0616742
1 0.904637 0.742914 0.128234 0.0599154
1 0.338344 0.975251 0.186178 0.0468946
1 0.837374 0.733015 0.0672478 0.0555468
1 0.819642 0.732536 0.0847422 0.0546374
1 0.304898 0.973022 0.254378 0.0539564
1 0.819685 0.731635 0.05783 0.0491526
1 0.265734 0.97298 0.241868 0.0515773
1 0.658164 0.742829 0.102705 0.0615327
1 0.679022 0.745772 0.105118 0.0660323
1 0.652075 0.738542 0.0810217 0.0581285
1 0.699588 0.831572 0.16703 0.0922524
1 0.523028 0.886141 0.251784 0.13835
1 0.546554 0.887279 0.180372 0.122487
1 0.945906 0.93904 0.108187 0.108376
1 0.799791 0.909367 0.250532 0.169184
1 0.798505 0.880245 0.270424 0.233339
1 0.646261 0.901758 0.23294 0.159239
1 0.530884 0.899256 0.218863 0.151697
1 0.0380428 0.872841 0.0675641 0.0781901
1 0.608931 0.940666 0.290388 0.118668
1 0.646028 0.812125 0.150413 0.0737787
1 0.669872 0.813361 0.077241 0.0735748
1 0.720257 0.86571 0.125957 0.0751175
1 0.483537 0.738615 0.0704077 0.0474561
1 0.439742 0.737819 0.0660152 0.046804
1 0.661868 0.855464 0.117395 0.0705175
1 0.425094 0.737661 0.0641433 0.0465144
1 0.653125 0.851975 0.092622 0.0687401
1 0.635537 0.846582 0.108798 0.0661235
1 0.425598 0.801446 0.0830045 0.0562495
1 0.725044 0.9717 0.213837 0.0535589
1 0.365907 0.947349 0.132698 0.0992376
1 0.748793 0.843083 0.0996029 0.0707975
1 0.519674 0.82713 0.0855667 0.0683937
1 0.892742 0.768025 0.0229671 0.0360054
1 0.860492 0.716602 0.0362013 0.0378227
1 0.539461 0.707469 0.0467957 0.0460973
1 0.431263 0.825673 0.0856415 0.0674591
1 0.413035 0.827705 0.124468 0.0704672
1 0.365767 0.825324 0.0823928 0.0669327
1 0.337396 0.829913 0.14184 0.0717751
1 0.948228 0.720166 0.103545 0.0602585
1 0.311183 0.82779 0.0924514 0.0664288
1 0.293631 0.833486 0.1218 0.068831
1 0.657684 0.74066 0.020077 0.0273347
1 0.264085 0.830009 0.089649 0.0639927
1 0.25093 0.833667 0.120613 0.0697937
1 0.22979 0.836461 0.129214 0.0717431
1 0.264924 0.838798 0.0986933 0.0709582
1 0.252845 0.841488 0.133137 0.075032
1 0.619798 0.741276 0.0198753 0.0269183
1 0.254374 0.906444 0.142917 0.0963211
1 0.651512 0.721973 0.0479126 0.0395849
1 0.923231 0.73802 0.153538 0.0673706
1 0.640755 0.723297 0.0522434 0.035994
1 0.657575 0.720354 0.0322837 0.036971
1 0.20169 0.957312 0.22464 0.0853751
1 0.660106 0.743178 0.0502825 0.0430031
1 0.661121 0.775308 0.0453003 0.0474565
1 0.956366 0.775006 0.0872682 0.0589261
1 0.6436 0.779408 0.0852266 0.0497391
1 0.253019 0.794134 0.055094 0.0536736
1 0.245441 0.797307 0.0680339 0.0610816
1 0.18655 0.869476 0.224422 0.141901
1 0.713162 0.820532 0.092732 0.0607297
1 0.214736 0.859707 0.172645 0.112817
1 0.72806 0.819601 0.0582965 0.0626401
1 0.764355 0.970935 0.216879 0.0574315
1 0.733525 0.967708 0.203722 0.0645838
1 0.732507 0.962821 0.259186 0.0743581
1 0.898317 0.937378 0.190456 0.125244
1 0.736519 0.926777 0.361671 0.146446
1 0.685814 0.926028 0.230774 0.14451
1 0.436749 0.937475 0.349017 0.125049
1 0.706284 0.909166 0.0264747 0.0345057
1 0.855402 0.768513 0.0502127 0.0507818
1 0.859897 0.739962 0.120558 0.0679569
1 0.844448 0.742157 0.188921 0.0719304
1 0.575182 0.907224 0.0258638 0.0322433
1 0.71772 0.758846 0.0430369 0.0442706
1 0.350713 0.946892 0.26929 0.0964385
1 0.822629 0.747672 0.181402 0.0792315
1 0.736249 0.73187 0.134607 0.070109
1 0.756619 0.730007 0.101787 0.0683762
1 0.47938 0.907952 0.0253373 0.0331907
1 0.621007 0.750916 0.0404407 0.0469303
1 0.578758 0.786202 0.0377758 0.0445552
1 0.669419 0.726783 0.133421 0.0665014
1 0.414022 0.910153 0.0282307 0.0349246
1 0.566636 0.750381 0.0516563 0.0483744
1 0.152547 0.961549 0.294417 0.0738338
1 0.685498 0.724189 0.0949797 0.0631872
1 0.583833 0.755076 0.0819071 0.0534036
1 0.558763 0.74789 0.0367554 0.0439776
1 0.517378 0.784926 0.0342439 0.0487991
1 0.64742 0.734176 0.142616 0.0854886
1 0.54274 0.749094 0.0412811 0.0432381
1 0.657913 0.726099 0.10878 0.0722693
1 0.393822 0.910771 0.0257582 0.0336801
1 0.136882 0.96192 0.273763 0.0728953
1 0.49778 0.784149 0.035796 0.0485709
1 0.399282 0.970596 0.0270739 0.0340191
1 0.673198 0.749749 0.221037 0.0829887
1 0.815761 0.847208 0.199753 0.162293
1 0.694157 0.901629 0.138953 0.0899256
1 0.838709 0.836637 0.199372 0.112067
1 0.716322 0.907864 0.179276 0.0820323
1 0.782821 0.858197 0.282133 0.183922
1 0.855507 0.878185 0.2359 0.149884
1 0.708933 0.944634 0.160238 0.0990936
1 0.727421 0.945509 0.232698 0.0927715
1 0.687872 0.942767 0.106213 0.0976184
1 0.807237 0.876136 0.224857 0.149998
1 0.67147 0.946762 0.166223 0.100651
1 0.692484 0.948789 0.24765 0.0914527
1 0.779817 0.871632 0.214203 0.141122
1 0.646802 0.944376 0.19387 0.0968194
1 0.621892 0.945028 0.11204 0.0981331
1 0.668935 0.953512 0.236205 0.0821261
1 0.785898 0.871021 0.174041 0.12132
1 0.876487 0.926292 0.247026 0.147415
1 0.517991 0.972041 0.263942 0.0559175
1 0.443629 0.974379 0.260352 0.0512426
1 0.703939 0.737939 0.0931208 0.0546069
1 0.987819 0.762644 0.0217373 0.0426411
1 0.694933 0.742079 0.086817 0.0566292
1 0.718771 0.74225 0.0631613 0.0589806
1 0.64743 0.81554 0.149271 0.0902341
1 0.621299 0.874418 0.171664 0.102439
1 0.606145 0.877349 0.247794 0.13463
1 0.593272 0.932867 0.308209 0.128247
1 0.931539 0.938462 0.13543 0.110832
1 0.882803 0.930647 0.234394 0.134227
1 0.848617 0.918125 0.257212 0.142721
1 0.813517 0.91365 0.253609 0.138927
