1 0.360847 0.929999 0.278611 0.1389
1 0.0340564 0.646804 0.0514646 0.0482407
1 0.459218 0.940368 0.317649 0.118186
1 0.508983 0.94157 0.370938 0.114255
1 0.211893 0.745726 0.167475 0.0967641
1 0.117095 0.85058 0.224272 0.222339
1 0.187251 0.860328 0.267702 0.183365
1 0.181622 0.967866 0.195642 0.0640795
1 0.183207 0.964986 0.120587 0.0649844
1 0.151663 0.90425 0.295285 0.179538
1 0.51053 0.724537 0.0971752 0.0655055
1 0.6857 0.668851 0.0330363 0.0473267
1 0.62421 0.653616 0.0322355 0.0402836
1 0.624741 0.659207 0.0356195 0.0532702
1 0.506998 0.75589 0.103477 0.0741809
1 0.481932 0.75301 0.114535 0.0760719
1 0.627143 0.664789 0.0270632 0.0417305
1 0.477548 0.787729 0.142971 0.0902687
1 0.452354 0.786153 0.104973 0.0893996
1 0.506746 0.92335 0.292971 0.147715
1 0.421496 0.735043 0.0919899 0.0569229
1 0.96617 0.762949 0.0676598 0.0557318
1 0.437533 0.77296 0.10871 0.0747035
1 0.420274 0.779092 0.114156 0.0792581
1 0.385554 0.786573 0.122699 0.0587987
1 0.449927 0.768938 0.0900201 0.0610705
1 0.408835 0.807855 0.194558 0.101488
1 0.777138 0.925137 0.402397 0.149726
1 0.65188 0.924223 0.389005 0.151554
1 0.585929 0.92259 0.365996 0.154819
1 0.558869 0.923207 0.353054 0.153587
1 0.609019 0.679218 0.0803397 0.0442907
1 0.629558 0.700934 0.0728109 0.0502978
1 0.624859 0.707644 0.0566564 0.0474218
1 0.613173 0.709583 0.0694304 0.0472097
1 0.661946 0.930575 0.222477 0.138849
1 0.761705 0.978871 0.0552104 0.0422571
1 0.764978 0.812233 0.140687 0.0977407
1 0.958952 0.959843 0.0820953 0.0803148
1 0.600722 0.795858 0.123191 0.0940804
1 0.836083 0.931558 0.21859 0.130331
1 0.577001 0.797878 0.100975 0.0816861
1 0.49711 0.788854 0.118965 0.0870961
1 0.706143 0.914319 0.189293 0.10167
1 0.685913 0.91144 0.137221 0.107168
1 0.43211 0.788723 0.116066 0.0899246
1 0.636891 0.90617 0.189473 0.0950439
1 0.612435 0.586988 0.0361834 0.0360901
1 0.412552 0.793853 0.110482 0.0828824
1 0.408298 0.788279 0.121432 0.090477
1 0.61074 0.90421 0.175027 0.0985418
1 0.592557 0.583675 0.0356158 0.0343572
1 0.389594 0.843347 0.170557 0.122158
1 0.601984 0.590823 0.0275414 0.0346174
1 0.408575 0.940951 0.3162 0.118098
1 0.858304 0.652164 0.0389236 0.0527576
1 0.76576 0.608479 0.0375721 0.050105
1 0.431717 0.942047 0.239931 0.107921
1 0.414959 0.949171 0.23616 0.0944828
1 0.851178 0.657478 0.046962 0.0625331
1 0.842269 0.656234 0.0628029 0.0646184
1 0.758373 0.609072 0.0384415 0.0485491
1 0.690118 0.623941 0.0518023 0.0410863
1 0.897908 0.758469 0.126971 0.073376
1 0.675588 0.615537 0.0257171 0.0335312
1 0.905547 0.811021 0.188906 0.103631
1 0.865723 0.64052 0.0306932 0.044207
1 0.714762 0.64378 0.0403528 0.054892
1 0.98621 0.900193 0.0267839 0.0574376
1 0.675173 0.823081 0.0930701 0.0642328
1 0.665912 0.816998 0.0827497 0.0568509
1 0.673616 0.85883 0.111558 0.0675947
1 0.537534 0.716544 0.106943 0.0593725
1 0.692897 0.859543 0.0882489 0.0652054
1 0.62738 0.634797 0.0394375 0.0454286
1 0.498291 0.901935 0.30851 0.183574
1 0.442529 0.900515 0.186041 0.170964
1 0.609643 0.692549 0.128491 0.0613312
1 0.596978 0.90166 0.0291112 0.0346338
1 0.641933 0.718178 0.131449 0.078498
1 0.641421 0.794517 0.208865 0.162227
1 0.621688 0.888147 0.121956 0.0642474
1 0.673734 0.787078 0.122003 0.0825035
1 0.695475 0.788326 0.0932968 0.0765063
1 0.650073 0.889533 0.223182 0.190852
1 0.675077 0.864612 0.19725 0.122707
1 0.768848 0.955103 0.361431 0.0860802
1 0.612831 0.951993 0.372412 0.0907371
1 0.380247 0.95336 0.398144 0.0888584
1 0.831076 0.736062 0.098259 0.0596011
1 0.300691 0.969412 0.232832 0.0560659
1 0.863708 0.73825 0.0911629 0.0550763
1 0.299584 0.96397 0.297464 0.0685919
1 0.849118 0.736751 0.0903654 0.0581347
1 0.711618 0.79422 0.0937097 0.0753273
1 0.66132 0.792878 0.147312 0.0743823
1 0.689198 0.79195 0.134422 0.0772463
1 0.653287 0.787958 0.104256 0.0649807
1 0.668961 0.878093 0.169799 0.110563
1 0.642368 0.876903 0.250185 0.135254
1 0.958571 0.907992 0.0810211 0.104254
1 0.820858 0.896837 0.23225 0.129557
1 0.356568 0.814569 0.0650958 0.0682592
1 0.703397 0.865666 0.193168 0.105098
1 0.684422 0.871934 0.205725 0.129244
1 0.0616029 0.937082 0.119406 0.110888
1 0.681848 0.762076 0.116164 0.054408
1 0.73388 0.848002 0.144418 0.0646638
1 0.490842 0.731941 0.0651901 0.0478854
1 0.49995 0.802663 0.0851084 0.0577204
1 0.46886 0.947885 0.147181 0.0990824
1 0.733125 0.806401 0.0713449 0.053965
1 0.330767 0.811 0.077074 0.0612357
1 0.83016 0.696244 0.134698 0.0581357
1 0.607991 0.686563 0.0330006 0.0319443
1 0.312036 0.81782 0.0975484 0.0621104
1 0.467384 0.839117 0.0907703 0.0746657
1 0.789724 0.713101 0.0254859 0.033286
1 0.786684 0.716252 0.0331989 0.0348295
1 0.913512 0.718343 0.0337425 0.041013
1 0.37616 0.846358 0.0892752 0.0729769
1 0.363151 0.849784 0.121479 0.0780291
1 0.341359 0.852305 0.131691 0.0773277
1 0.684053 0.70769 0.0393383 0.035304
1 0.318471 0.85374 0.0831342 0.08047
1 0.273481 0.85601 0.108062 0.068455
1 0.303359 0.864097 0.110041 0.0794647
1 0.286664 0.868033 0.149328 0.0799711
1 0.629618 0.706692 0.0437995 0.0368922
1 0.269226 0.863086 0.117212 0.0670909
1 0.619423 0.706825 0.0453785 0.0357419
1 0.0344721 0.680624 0.0274782 0.0316877
1 0.315352 0.858616 0.0868695 0.0756221
1 0.667482 0.750353 0.0221811 0.034912
1 0.923051 0.720577 0.149647 0.0590469
1 0.362641 0.953343 0.198071 0.0933147
1 0.791986 0.750228 0.0475423 0.0413109
1 0.345876 0.954445 0.137844 0.0903395
1 0.794294 0.749092 0.0367708 0.0367841
1 0.78343 0.751868 0.0695154 0.0439028
1 0.289682 0.957036 0.22824 0.0859288
1 0.72435 0.74341 0.0308123 0.0383652
1 0.973572 0.745454 0.0528561 0.0476977
1 0.737082 0.78983 0.0602366 0.0542918
1 0.724404 0.791159 0.0775738 0.0547029
1 0.238729 0.878793 0.228761 0.14342
1 0.787153 0.826971 0.07074 0.062499
1 0.772084 0.827805 0.0923174 0.0622147
1 0.80387 0.829992 0.0370836 0.0539261
1 0.196392 0.88116 0.233017 0.136492
1 0.228584 0.874851 0.161619 0.116431
1 0.738791 0.822904 0.0936287 0.060571
1 0.750613 0.82258 0.0660904 0.0618777
1 0.161422 0.897499 0.232052 0.144262
1 0.702752 0.821777 0.095653 0.05903
1 0.159532 0.929357 0.28615 0.141286
1 0.78554 0.878834 0.1126 0.0710129
1 0.80218 0.879112 0.0793205 0.0740051
1 0.81876 0.880446 0.0450968 0.0681325
1 0.902055 0.922973 0.19589 0.152862
1 0.689535 0.896063 0.294377 0.175612
1 0.267726 0.903646 0.281557 0.164798
1 0.71371 0.705072 0.150613 0.0599365
1 0.712042 0.709457 0.193712 0.0672231
1 0.738088 0.702127 0.0958383 0.0557078
1 0.163076 0.917618 0.31335 0.158285
1 0.634452 0.697687 0.11408 0.0548864
1 0.647587 0.69581 0.0763218 0.0520499
1 0.661853 0.695141 0.0785231 0.047885
1 0.161099 0.920231 0.300364 0.158097
1 0.631824 0.698991 0.0852198 0.0551119
1 0.648482 0.696462 0.0650064 0.052711
1 0.619876 0.702454 0.125888 0.0643261
1 0.21179 0.92921 0.32302 0.140688
1 0.704304 0.716589 0.146375 0.0651957
1 0.47379 0.857935 0.0259464 0.0335529
1 0.60297 0.731101 0.03648 0.0404129
1 0.7065 0.710606 0.110197 0.062642
1 0.611345 0.732471 0.050566 0.0446837
1 0.653976 0.707097 0.113904 0.0625778
1 0.154825 0.937194 0.293864 0.125613
1 0.670604 0.706697 0.0878035 0.0603869
1 0.412667 0.860321 0.0277446 0.0355367
1 0.542976 0.729637 0.0315121 0.0403817
1 0.552827 0.732019 0.0519701 0.0437014
1 0.643434 0.712769 0.144456 0.0735597
1 0.20365 0.938085 0.22079 0.115157
1 0.638778 0.706838 0.129238 0.0641706
1 0.144813 0.93841 0.271796 0.123179
1 0.650873 0.705161 0.0885527 0.0616088
1 0.180278 0.937967 0.229355 0.112753
1 0.529574 0.729656 0.0309046 0.038994
1 0.53857 0.732308 0.050061 0.0437648
1 0.720653 0.771028 0.216128 0.076368
1 0.702275 0.773822 0.15619 0.0775706
1 0.607547 0.819127 0.102515 0.0645966
1 0.681656 0.788112 0.247231 0.131553
1 0.876956 0.867871 0.222478 0.153019
1 0.745819 0.930969 0.178015 0.100887
1 0.888166 0.864448 0.192281 0.119108
1 0.693162 0.928266 0.163776 0.095599
1 0.803848 0.852758 0.218625 0.138853
1 0.816902 0.848794 0.180675 0.111731
1 0.79417 0.861765 0.210799 0.141255
1 0.671703 0.944685 0.192824 0.0994127
1 0.480153 0.972009 0.274716 0.0559816
1 0.916074 0.771563 0.0907005 0.0622037
1 0.90267 0.768171 0.119712 0.0680984
1 0.859209 0.764704 0.109779 0.0624791
1 0.753607 0.755203 0.0707273 0.0611458
1 0.988137 0.773816 0.0217419 0.0433436
1 0.690733 0.749544 0.0988054 0.0526394
1 0.78846 0.773573 0.110438 0.0670591
1 0.746663 0.772479 0.119816 0.0652257
1 0.767397 0.774281 0.123543 0.0672122
1 0.773677 0.770174 0.161886 0.0688873
1 0.77694 0.863765 0.155229 0.1021
1 0.757474 0.864591 0.238032 0.121827
1 0.698785 0.854689 0.118315 0.0931811
1 0.757782 0.89763 0.26339 0.154833
1 0.962512 0.916912 0.0749752 0.0910702
1 0.817947 0.898821 0.236162 0.131083
