1 0.792565 0.92837 0.337026 0.143261
1 0.815265 0.939277 0.309687 0.120238
1 0.64765 0.812399 0.118803 0.0620656
1 0.283352 0.858329 0.107448 0.0666832
1 0.25561 0.84159 0.219661 0.209775
1 0.210271 0.876239 0.258519 0.22366
1 0.334054 0.725305 0.105312 0.0678454
1 0.492219 0.655366 0.0378894 0.0522685
1 0.497882 0.663311 0.0429729 0.0587181
1 0.436644 0.654342 0.0307911 0.0492739
1 0.305472 0.760513 0.150696 0.0755651
1 0.508731 0.69077 0.0349562 0.0501066
1 0.315798 0.762784 0.110823 0.0715159
1 0.504812 0.685887 0.0399346 0.0549403
1 0.263686 0.795015 0.181114 0.0947198
1 0.238658 0.799387 0.130946 0.0880892
1 0.498274 0.697234 0.0367257 0.0529954
1 0.157138 0.921651 0.297016 0.146115
1 0.663109 0.727685 0.111111 0.0621249
1 0.101308 0.754467 0.192325 0.0628026
1 0.736716 0.796068 0.146933 0.0925414
1 0.0801028 0.884903 0.146044 0.153541
1 0.893901 0.880554 0.185867 0.14843
1 0.107707 0.914916 0.209306 0.146837
1 0.785225 0.715083 0.089924 0.0498006
1 0.786502 0.71164 0.070989 0.0505913
1 0.666689 0.702907 0.059886 0.0477646
1 0.617388 0.699962 0.0742414 0.0515035
1 0.598951 0.704239 0.0513722 0.0518862
1 0.589359 0.705875 0.0656966 0.0532608
1 0.62693 0.756319 0.111555 0.0700383
1 0.646976 0.755832 0.100038 0.0659284
1 0.671812 0.857265 0.147683 0.0964788
1 0.694332 0.853847 0.136035 0.0959999
1 0.665551 0.916687 0.198263 0.143936
1 0.918978 0.836477 0.162044 0.106581
1 0.660457 0.803145 0.132862 0.0949984
1 0.882223 0.938349 0.230505 0.123303
1 0.50761 0.796614 0.129066 0.0936666
1 0.710872 0.933262 0.20581 0.133029
1 0.885931 0.63176 0.0512585 0.0584672
1 0.737654 0.591263 0.0275867 0.0336652
1 0.685877 0.573299 0.031579 0.0333102
1 0.412345 0.801021 0.136733 0.091039
1 0.602674 0.929621 0.184744 0.133511
1 0.426398 0.795861 0.102626 0.0964818
1 0.789575 0.624696 0.031954 0.042404
1 0.362331 0.803572 0.139827 0.0917348
1 0.547397 0.927917 0.177734 0.130625
1 0.596725 0.58937 0.0364223 0.0362957
1 0.377499 0.797044 0.102071 0.0971527
1 0.527116 0.929336 0.176779 0.13248
1 0.343833 0.803964 0.139011 0.0934817
1 0.58291 0.588692 0.0369776 0.0375987
1 0.326076 0.810305 0.0982117 0.0838341
1 0.665256 0.588531 0.0249315 0.0320498
1 0.51062 0.929078 0.138961 0.11298
1 0.423737 0.858015 0.161431 0.130745
1 0.774086 0.59958 0.0342302 0.0464717
1 0.680295 0.600179 0.0476186 0.0522099
1 0.688635 0.594227 0.0428016 0.0409959
1 0.375183 0.857486 0.159373 0.130261
1 0.857188 0.639983 0.0449829 0.0485397
1 0.78914 0.629876 0.0486617 0.0574163
1 0.326818 0.859038 0.165659 0.128681
1 0.598887 0.589846 0.027963 0.0320005
1 0.549531 0.574594 0.0310513 0.0343473
1 0.493766 0.975211 0.143154 0.0495775
1 0.740205 0.633859 0.0530075 0.0563545
1 0.321858 0.867129 0.180298 0.146043
1 0.738299 0.632619 0.0503906 0.0590324
1 0.671225 0.654108 0.0417128 0.0396027
1 0.510491 0.594345 0.0465774 0.0407028
1 0.35718 0.948613 0.225217 0.0932893
1 0.749112 0.610698 0.0367258 0.0481294
1 0.826182 0.653466 0.059475 0.0595353
1 0.650801 0.595389 0.0353107 0.0385957
1 0.760755 0.682876 0.0349934 0.0389927
1 0.639228 0.599557 0.0403175 0.0385671
1 0.800466 0.653875 0.0554642 0.0601218
1 0.723741 0.610313 0.0362479 0.0488922
1 0.318479 0.956419 0.184812 0.0862556
1 0.61421 0.601055 0.0408443 0.0399115
1 0.625385 0.597028 0.0369889 0.0415675
1 0.321609 0.951733 0.238814 0.0928632
1 0.735508 0.683394 0.0361212 0.0390475
1 0.784028 0.654386 0.0365667 0.0525988
1 0.289974 0.952951 0.215744 0.0898577
1 0.699447 0.609057 0.0372005 0.0483067
1 0.70785 0.68132 0.04415 0.0444392
1 0.61754 0.613867 0.0521274 0.0485804
1 0.779283 0.716487 0.0602442 0.0517803
1 0.912514 0.794852 0.135654 0.0921033
1 0.538772 0.767457 0.0296974 0.043281
1 0.709024 0.612749 0.0235483 0.030071
1 0.911583 0.818223 0.150313 0.104121
1 0.696733 0.616381 0.0318016 0.030623
1 0.897182 0.82016 0.188171 0.124519
1 0.865321 0.649053 0.0279221 0.0440783
1 0.987445 0.771094 0.0221914 0.0401005
1 0.692005 0.810723 0.0904529 0.0660273
1 0.697713 0.829549 0.109446 0.070284
1 0.663056 0.770321 0.152256 0.0764486
1 0.702601 0.768425 0.169557 0.0670553
1 0.629479 0.833483 0.268764 0.131749
1 0.593152 0.828928 0.200961 0.113498
1 0.529547 0.912603 0.318632 0.171258
1 0.650403 0.686134 0.0998092 0.0581949
1 0.65652 0.681117 0.0771153 0.0521492
1 0.473887 0.919507 0.340346 0.159275
1 0.599553 0.694997 0.167062 0.0671282
1 0.420698 0.917616 0.208949 0.154639
1 0.571282 0.741733 0.133831 0.102738
1 0.539949 0.977615 0.0360517 0.0383415
1 0.524212 0.870639 0.114299 0.0666318
1 0.573562 0.780963 0.145433 0.0821004
1 0.591872 0.799625 0.138112 0.0899495
1 0.52244 0.907756 0.176566 0.084572
1 0.485663 0.901704 0.103658 0.0774715
1 0.560283 0.846441 0.203066 0.108319
1 0.544947 0.86193 0.215811 0.15552
1 0.515416 0.969538 0.27191 0.0609247
1 0.523761 0.970142 0.180246 0.0585022
1 0.595851 0.941953 0.354268 0.116094
1 0.83917 0.748349 0.140444 0.0543897
1 0.763942 0.73866 0.0881967 0.051285
1 0.684907 0.770144 0.0798548 0.0647851
1 0.623713 0.768058 0.11242 0.0577845
1 0.685134 0.86228 0.174213 0.106062
1 0.670449 0.864112 0.23034 0.120589
1 0.888873 0.85082 0.0701174 0.0642367
1 0.786716 0.914718 0.239514 0.144042
1 0.659118 0.898962 0.218747 0.14727
1 0.562349 0.888424 0.215312 0.140474
1 0.602773 0.92821 0.253841 0.14358
1 0.787232 0.852658 0.0859215 0.0658374
1 0.757783 0.847305 0.103691 0.0643391
1 0.538112 0.731399 0.0648687 0.0470112
1 0.769697 0.85164 0.137357 0.0716315
1 0.402082 0.827583 0.100538 0.0642495
1 0.377014 0.967469 0.213409 0.065063
1 0.642222 0.825193 0.0898151 0.0659025
1 0.558353 0.836943 0.127851 0.070977
1 0.543885 0.831884 0.118854 0.0675345
1 0.575747 0.83268 0.0864833 0.0689247
1 0.561369 0.869381 0.150522 0.0829655
1 0.549104 0.863073 0.113249 0.0808352
1 0.427927 0.872833 0.123892 0.0864512
1 0.409944 0.877416 0.133707 0.0903918
1 0.401757 0.870642 0.107993 0.0809324
1 0.450248 0.729741 0.0682346 0.0704934
1 0.449008 0.870678 0.0838589 0.0847214
1 0.315927 0.886404 0.144054 0.0918683
1 0.327508 0.881025 0.109795 0.090004
1 0.951644 0.73579 0.0967123 0.0598063
1 0.297345 0.891734 0.135317 0.0902487
1 0.933066 0.734536 0.133867 0.0604254
1 0.685591 0.716412 0.0389709 0.0367882
1 0.366929 0.723781 0.0488762 0.0433139
1 0.25065 0.896786 0.165554 0.094465
1 0.620479 0.713826 0.0455184 0.0399272
1 0.228306 0.896111 0.115147 0.0836063
1 0.616589 0.7167 0.0604759 0.040925
1 0.250057 0.896464 0.166587 0.0947657
1 0.619823 0.71374 0.0451084 0.0396637
1 0.255789 0.890384 0.130383 0.0921519
1 0.228349 0.895832 0.116342 0.0846558
1 0.615667 0.716626 0.0605349 0.040877
1 0.326089 0.956937 0.229579 0.0861263
1 0.774881 0.751028 0.0349908 0.0450035
1 0.31007 0.95725 0.150976 0.085499
1 0.785383 0.759071 0.0386474 0.045771
1 0.327713 0.961892 0.283254 0.0739342
1 0.776169 0.758873 0.0610655 0.04739
1 0.366497 0.774123 0.142305 0.0810771
1 0.0598824 0.656948 0.0361272 0.0338481
1 0.726909 0.750954 0.0355368 0.0470619
1 0.980325 0.747613 0.0319103 0.0417351
1 0.275998 0.963112 0.300946 0.0735575
1 0.285462 0.964337 0.18448 0.0713262
1 0.213795 0.969223 0.207098 0.0615545
1 0.654756 0.750175 0.0546253 0.0439929
1 0.217941 0.968541 0.14235 0.0629189
1 0.661943 0.748964 0.0394236 0.0431103
1 0.961949 0.765925 0.0761013 0.0581324
1 0.680604 0.76712 0.0578323 0.0476212
1 0.245229 0.880769 0.219502 0.13439
1 0.794676 0.839785 0.107164 0.0570381
1 0.264715 0.878239 0.169068 0.11924
1 0.819687 0.840818 0.0514738 0.0589625
1 0.144361 0.903274 0.253478 0.14615
1 0.712354 0.834393 0.0987528 0.0610352
1 0.739664 0.833083 0.0459617 0.0581345
1 0.7259 0.83332 0.0729858 0.0577342
1 0.175017 0.898402 0.204222 0.130573
1 0.13801 0.909588 0.25258 0.146733
1 0.711024 0.834536 0.0914181 0.0626361
1 0.726191 0.83368 0.0543763 0.0621216
1 0.050146 0.900574 0.0236511 0.0306095
1 0.735016 0.923197 0.333234 0.153606
1 0.691624 0.923656 0.234773 0.151568
1 0.478927 0.918452 0.310233 0.161745
1 0.856692 0.748258 0.0415398 0.045274
1 0.213948 0.928098 0.326642 0.143632
1 0.707717 0.711637 0.14872 0.0628273
1 0.603803 0.727993 0.0303107 0.0376755
1 0.478404 0.851918 0.0244524 0.0306306
1 0.722387 0.708108 0.0944372 0.0596252
1 0.66243 0.706974 0.12556 0.0650881
1 0.168995 0.933223 0.305405 0.133555
1 0.43121 0.857426 0.0260199 0.0355591
1 0.683377 0.705513 0.0924119 0.0597155
1 0.559006 0.728571 0.0321986 0.0379278
1 0.522074 0.758577 0.0324322 0.039211
1 0.641581 0.710047 0.138935 0.0722216
1 0.156534 0.937164 0.292619 0.125671
1 0.64585 0.705426 0.106444 0.064477
1 0.412285 0.857845 0.0271961 0.0350652
1 0.540245 0.728478 0.0270336 0.0365929
1 0.663517 0.854569 0.113614 0.0639055
1 0.779562 0.796742 0.148887 0.0923171
1 0.760896 0.809785 0.191937 0.142597
1 0.682992 0.856157 0.113549 0.0582333
1 0.877046 0.880584 0.226857 0.152063
1 0.73239 0.941778 0.159823 0.0978256
1 0.801911 0.858411 0.219103 0.140474
1 0.685698 0.946166 0.193634 0.100089
1 0.775887 0.85295 0.215415 0.133511
1 0.659751 0.942348 0.188889 0.0986699
1 0.782925 0.854469 0.178627 0.111829
1 0.63591 0.935166 0.144333 0.111074
1 0.553713 0.971494 0.272018 0.0570113
1 0.889845 0.76129 0.107557 0.0646791
1 0.835308 0.755472 0.0761932 0.0599875
1 0.809437 0.754748 0.100296 0.058385
1 0.715111 0.738486 0.0912674 0.0552254
1 0.642839 0.751387 0.105789 0.058063
1 0.680765 0.754497 0.0879146 0.0588989
1 0.666091 0.840786 0.17753 0.0950115
1 0.621911 0.834831 0.104078 0.0820455
1 0.620315 0.87884 0.165603 0.115711
1 0.592762 0.87788 0.252123 0.135476
1 0.95111 0.933468 0.0977791 0.10956
1 0.866286 0.918978 0.251085 0.14266
1 0.770754 0.910943 0.24065 0.139977
1 0.740683 0.914015 0.238958 0.141761
